3.778827935457229614e-02,1.202438771724700928e-01,6.277853846549987793e-01,3.179309889674186707e-02,4.975374042987823486e-02,1.008718740195035934e-02,4.259332269430160522e-02,8.058169484138488770e-02,6.234540604054927826e-03,8.872424252331256866e-03,6.715949159115552902e-03,4.853237885981798172e-03,2.324189525097608566e-03,7.577004842460155487e-03,4.142966587096452713e-03,7.501398678869009018e-03,3.040736308321356773e-03,7.669132668524980545e-03,3.256166353821754456e-03,3.161300905048847198e-03,3.241947153583168983e-03,2.054931363090872765e-03,1.116077532060444355e-03,3.688448574393987656e-03,2.816010499373078346e-03,6.276105530560016632e-03,4.326766356825828552e-03,4.462820012122392654e-03,2.002700464800000191e-03,4.200815223157405853e-03,5.145492497831583023e-03,5.581028759479522705e-03,3.835311857983469963e-03,1.166231813840568066e-03,3.987309522926807404e-03,1.128497719764709473e-02,1.300118304789066315e-02,2.555896528065204620e-03,3.231469308957457542e-03,1.152819301933050156e-02,2.164921257644891739e-03,1.325600431300699711e-03,7.620438467711210251e-03,5.743467714637517929e-03,3.166683251038193703e-03,4.027909133583307266e-03,1.900416333228349686e-03,4.654301330447196960e-03,4.183916375041007996e-03,9.753663092851638794e-03,3.953379113227128983e-03,2.606429858133196831e-03,6.397868040949106216e-03,6.930431816726922989e-03,8.491587825119495392e-03,1.813641004264354706e-02,5.096582230180501938e-03,3.705648705363273621e-03,9.169393219053745270e-03
1.202438771724700928e-01,2.520006895065307617e-02,1.533468365669250488e-01,1.084214225411415100e-01,2.673354148864746094e-01,3.598701953887939453e-02,6.488088518381118774e-02,3.648071587085723877e-01,1.409103348851203918e-02,7.553637493401765823e-03,3.497957438230514526e-02,6.493949331343173981e-03,9.956507012248039246e-03,2.126274816691875458e-02,4.149891436100006104e-03,1.658362522721290588e-02,2.517265966162085533e-03,8.723610080778598785e-03,3.656608751043677330e-03,2.488011028617620468e-03,2.008168725296854973e-03,1.734864315949380398e-03,2.233210485428571701e-03,3.266523825004696846e-03,2.554265782237052917e-03,8.462758734822273254e-03,2.646966138854622841e-03,3.844329621642827988e-03,1.380054978653788567e-03,3.148878691717982292e-03,4.033152014017105103e-03,2.988289110362529755e-03,2.504680305719375610e-03,1.675823470577597618e-03,1.971026882529258728e-03,7.879721932113170624e-03,5.680609494447708130e-03,2.081971848383545876e-03,3.762913867831230164e-03,1.656880974769592285e-02,2.702194964513182640e-03,1.105158589780330658e-03,2.753325738012790680e-03,5.964531097561120987e-03,2.791399136185646057e-03,3.336865687742829323e-03,1.976310973986983299e-03,2.205524360761046410e-03,2.533662365749478340e-03,3.439608728513121605e-03,2.626290079206228256e-03,2.067130990326404572e-03,2.141049830242991447e-03,4.759633913636207581e-03,6.815637927502393723e-03,9.043526835739612579e-03,2.697072690352797508e-03,4.853028338402509689e-03,1.750062592327594757e-02
6.277853846549987793e-01,1.533468365669250488e-01,2.308982983231544495e-02,7.558840513229370117e-02,6.504154205322265625e-01,2.037588320672512054e-02,2.983105368912220001e-02,1.084986999630928040e-01,1.378947589546442032e-02,3.169062547385692596e-03,1.083214767277240753e-02,6.390170659869909286e-03,3.237058641389012337e-03,8.689127862453460693e-03,8.628126233816146851e-03,3.945729229599237442e-03,3.186509944498538971e-03,9.632068686187267303e-03,4.604286979883909225e-03,2.682541497051715851e-03,2.204226562753319740e-03,3.355809487402439117e-03,1.561948563903570175e-03,2.708079060539603233e-03,2.391908550634980202e-03,4.564011935144662857e-03,3.138303756713867188e-03,3.278914606198668480e-03,2.160128438845276833e-03,1.890634186565876007e-03,1.516653341241180897e-03,4.303129389882087708e-03,2.044753637164831161e-03,1.415994716808199883e-03,3.779759863391518593e-03,7.860587909817695618e-03,5.115813575685024261e-03,2.218945184722542763e-03,1.499125850386917591e-03,6.814973428845405579e-03,2.733014291152358055e-03,2.007960574701428413e-03,4.927827045321464539e-03,9.462337009608745575e-03,2.391025656834244728e-03,4.432889632880687714e-03,3.234839299693703651e-03,4.790924955159425735e-03,4.023074172437191010e-03,5.751877091825008392e-03,4.366295877844095230e-03,2.962982282042503357e-03,3.776143537834286690e-03,4.062685649842023849e-03,1.381962187588214874e-02,1.160303689539432526e-02,4.865237511694431305e-03,3.538829041644930840e-03,1.271086651831865311e-02
3.179309889674186707e-02,1.084214225411415100e-01,7.558840513229370117e-02,1.653246134519577026e-01,9.227383732795715332e-01,7.029549777507781982e-02,1.412558089941740036e-02,9.741966724395751953e-01,8.440443277359008789e-01,2.791477926075458527e-02,1.223317906260490417e-01,1.012015063315629959e-02,2.333888784050941467e-03,7.439328823238611221e-03,1.071204431354999542e-02,2.750707324594259262e-03,4.517793189734220505e-03,4.045423585921525955e-03,4.700510762631893158e-03,2.886765869334340096e-03,2.472685649991035461e-03,2.908301074057817459e-03,1.955019310116767883e-03,2.733600558713078499e-03,2.802788047119975090e-03,2.303197979927062988e-03,9.621181525290012360e-04,2.426038030534982681e-03,1.706329174339771271e-03,1.491440460085868835e-03,1.310385414399206638e-03,1.225636340677738190e-03,2.281027147546410561e-03,2.131827408447861671e-03,3.214007010683417320e-03,1.134215970523655415e-03,1.802161685191094875e-03,1.487374887801706791e-03,1.309464103542268276e-03,2.589690731838345528e-03,2.133432775735855103e-03,1.951808342710137367e-03,2.233324106782674789e-03,1.429150463081896305e-03,3.384408541023731232e-03,3.156132763251662254e-03,2.552203601226210594e-03,1.883364282548427582e-03,1.675945590250194073e-03,1.648486126214265823e-03,7.276673801243305206e-03,2.643728861585259438e-03,4.309610929340124130e-03,7.044957019388675690e-03,2.670957706868648529e-03,3.529188921675086021e-03,1.089777238667011261e-02,2.919928403571248055e-03,5.873512942343950272e-03
4.975374042987823486e-02,2.673354148864746094e-01,6.504154205322265625e-01,9.227383732795715332e-01,6.612466648221015930e-03,2.571231424808502197e-01,9.832659959793090820e-01,6.985890865325927734e-01,4.328056052327156067e-02,2.660245867446064949e-03,1.321770250797271729e-02,3.159950021654367447e-03,1.669969037175178528e-02,1.011679787188768387e-02,6.995877251029014587e-03,2.917774487286806107e-03,2.805525669828057289e-03,6.027071271091699600e-03,5.564988125115633011e-03,1.934061292558908463e-03,2.344680018723011017e-03,2.091631758958101273e-03,1.793135423213243484e-03,2.890460425987839699e-03,1.909597893245518208e-03,4.371481481939554214e-03,2.478151349350810051e-03,2.579797059297561646e-03,1.655997592024505138e-03,1.389908371493220329e-03,1.626648125238716602e-03,1.916585024446249008e-03,2.066684421151876450e-03,1.810606569051742554e-03,3.133640857413411140e-03,2.896998310461640358e-03,2.453071298077702522e-03,1.631449558772146702e-03,2.264582784846425056e-03,7.497668266296386719e-03,1.738673076033592224e-03,1.203656196594238281e-03,2.438536845147609711e-03,2.242604503408074379e-03,3.012906061485409737e-03,2.178943715989589691e-03,1.770978095009922981e-03,1.709716394543647766e-03,2.105770399793982506e-03,2.123080426827073097e-03,3.915492910891771317e-03,1.873965142294764519e-03,4.087052773684263229e-03,3.851132001727819443e-03,4.059333354234695435e-03,2.205157186836004257e-03,3.677998669445514679e-03,3.368899691849946976e-03,5.196982529014348984e-03
1.008718740195035934e-02,3.598701953887939453e-02,2.037588320672512054e-02,7.029549777507781982e-02,2.571231424808502197e-01,7.638892531394958496e-02,1.620997637510299683e-01,1.165849119424819946e-01,1.602661609649658203e-01,4.810538515448570251e-02,2.346914820373058319e-02,3.798174206167459488e-03,5.280785262584686279e-03,1.372550800442695618e-02,8.643115870654582977e-03,1.134557090699672699e-02,9.288859553635120392e-03,1.412376202642917633e-02,8.147655054926872253e-03,7.935602217912673950e-03,4.137351643294095993e-03,6.917916703969240189e-03,7.645059842616319656e-03,6.256105843931436539e-03,7.485585287213325500e-03,3.864031517878174782e-03,2.360256854444742203e-03,3.500531660392880440e-03,2.648527501150965691e-03,3.379447385668754578e-03,1.614272012375295162e-03,4.201729316264390945e-03,2.358284778892993927e-03,1.982399029657244682e-03,4.360549617558717728e-03,2.070582471787929535e-03,3.885122248902916908e-03,1.718459068797528744e-03,2.169798128306865692e-03,2.415948780253529549e-03,3.802635241299867630e-03,2.079324563965201378e-03,1.968431286513805389e-03,9.782065171748399734e-04,2.136073773726820946e-03,3.292962210252881050e-03,2.236718311905860901e-03,2.246350515633821487e-03,3.834102069959044456e-03,4.982853773981332779e-03,3.453502198681235313e-03,2.928516361862421036e-03,2.764149801805615425e-03,4.481065552681684494e-03,3.214714583009481430e-03,4.660353530198335648e-03,3.759065642952919006e-03,2.528483513742685318e-03,4.908814560621976852e-03
4.259332269430160522e-02,6.488088518381118774e-02,2.983105368912220001e-02,1.412558089941740036e-02,9.832659959793090820e-01,1.620997637510299683e-01,3.783039515838027000e-03,3.262697458267211914e-01,5.517714470624923706e-02,2.526129223406314850e-02,1.735135354101657867e-02,4.631500225514173508e-03,1.394010148942470551e-02,6.669152528047561646e-03,3.855777438730001450e-03,1.395344734191894531e-02,4.323273897171020508e-03,2.062292024493217468e-02,5.311091430485248566e-03,3.827767679467797279e-03,4.275174811482429504e-03,2.369336318224668503e-03,2.796471351757645607e-03,1.825892482884228230e-03,7.551806978881359100e-03,1.739139296114444733e-02,1.907613012008368969e-03,4.469561856240034103e-03,2.243568189442157745e-03,1.678221626207232475e-03,2.058252692222595215e-03,4.917258396744728088e-03,3.721031593158841133e-03,1.329913968220353127e-03,4.228689242154359818e-03,3.835351904854178429e-03,4.359777551144361496e-03,1.761673483997583389e-03,3.331825137138366699e-03,5.304113030433654785e-03,2.405394334346055984e-03,1.856222050264477730e-03,2.017936203628778458e-03,3.698156913742423058e-03,1.947183394804596901e-03,2.978634322062134743e-03,1.441734144464135170e-03,3.493515774607658386e-03,3.972937818616628647e-03,1.662224531173706055e-03,2.583207795396447182e-03,2.582186134532094002e-03,3.238318720832467079e-03,4.297367762774229050e-03,3.555155126377940178e-03,4.576528910547494888e-03,4.665689542889595032e-03,1.947630080394446850e-03,9.030813351273536682e-03
8.058169484138488770e-02,3.648071587085723877e-01,1.084986999630928040e-01,9.741966724395751953e-01,6.985890865325927734e-01,1.165849119424819946e-01,3.262697458267211914e-01,6.209210958331823349e-03,6.673511117696762085e-02,7.365599274635314941e-03,1.727799326181411743e-02,3.337834961712360382e-03,8.084662258625030518e-03,6.531574297696352005e-03,4.711958114057779312e-03,4.887796472758054733e-03,3.063365817070007324e-03,1.184868719428777695e-02,1.972352620214223862e-03,2.819337183609604836e-03,3.806366818025708199e-03,4.442297853529453278e-03,3.423450747504830360e-03,4.715396557003259659e-03,5.266332533210515976e-03,2.838098909705877304e-03,3.979891538619995117e-03,3.109697252511978149e-03,2.089847810566425323e-03,3.193222219124436378e-03,9.694563341327011585e-04,2.952322363853454590e-03,2.584689995273947716e-03,1.954096602275967598e-03,4.158196039497852325e-03,2.489250153303146362e-03,3.422186709940433502e-03,2.561945235356688499e-03,1.876141643151640892e-03,2.737514674663543701e-03,2.230728743597865105e-03,1.580076175741851330e-03,1.417929772287607193e-03,1.686389441601932049e-03,2.379555255174636841e-03,2.398884389549493790e-03,1.945390133187174797e-03,2.911656163632869720e-03,2.567827701568603516e-03,2.470770152285695076e-03,2.669626846909523010e-03,1.555989263579249382e-03,2.829901874065399170e-03,4.227743484079837799e-03,4.414377734065055847e-03,5.976037587970495224e-03,4.518867935985326767e-03,2.923327265307307243e-03,5.802210420370101929e-03
6.234540604054927826e-03,1.409103348851203918e-02,1.378947589546442032e-02,8.440443277359008789e-01,4.328056052327156067e-02,1.602661609649658203e-01,5.517714470624923706e-02,6.673511117696762085e-02,1.082490477710962296e-02,2.302557975053787231e-02,1.614946722984313965e-01,1.076817885041236877e-02,5.127015989273786545e-03,3.011886496096849442e-03,8.693690598011016846e-02,5.320370197296142578e-03,4.458988830447196960e-02,5.890535190701484680e-03,1.170234847813844681e-02,3.630359470844268799e-02,3.011033311486244202e-02,1.891071908175945282e-02,9.033681824803352356e-03,2.571380464360117912e-03,3.996400628238916397e-03,3.490082686766982079e-03,1.317242509685456753e-03,5.158824846148490906e-03,8.931283839046955109e-03,1.265390543267130852e-03,2.598265884444117546e-03,1.731721800751984119e-03,2.249089069664478302e-03,1.675968640483915806e-03,2.981904661282896996e-03,1.685707131400704384e-03,1.413236372172832489e-03,2.669923938810825348e-03,2.073502866551280022e-03,1.332231331616640091e-03,5.233928561210632324e-03,3.074794076383113861e-03,1.203214982524514198e-03,1.106563955545425415e-03,5.798187572509050369e-03,2.795259002596139908e-03,3.717856248840689659e-03,1.631323597393929958e-03,1.914199325256049633e-03,1.694074016995728016e-03,2.902277279645204544e-03,8.080437779426574707e-03,1.832342008128762245e-03,3.269735956564545631e-03,1.658962806686758995e-03,2.083839150145649910e-03,1.348933298140764236e-02,3.153632860630750656e-03,2.787979319691658020e-03
8.872424252331256866e-03,7.553637493401765823e-03,3.169062547385692596e-03,2.791477926075458527e-02,2.660245867446064949e-03,4.810538515448570251e-02,2.526129223406314850e-02,7.365599274635314941e-03,2.302557975053787231e-02,1.014966610819101334e-02,1.863635182380676270e-01,8.053842931985855103e-02,1.494356244802474976e-01,3.894311189651489258e-02,1.768880151212215424e-02,1.150945108383893967e-02,4.762315750122070312e-02,7.703768089413642883e-03,1.217054855078458786e-02,3.060582093894481659e-02,3.044490888714790344e-02,1.429388672113418579e-02,1.998567953705787659e-02,5.421229638159275055e-03,2.002647332847118378e-02,5.534385330975055695e-03,4.323484841734170914e-03,5.088590085506439209e-03,5.193091463297605515e-03,2.709972904995083809e-03,3.112212521955370903e-03,5.752237048000097275e-03,2.608549082651734352e-03,3.025684971362352371e-03,3.080602036789059639e-03,4.024133086204528809e-03,3.101888811215758324e-03,2.407423919066786766e-03,2.364422660320997238e-03,2.128146588802337646e-03,2.414875430986285210e-03,1.983507769182324409e-03,1.182591309770941734e-03,2.287911018356680870e-03,3.102856455370783806e-03,2.439976669847965240e-03,2.430312801152467728e-03,2.227333839982748032e-03,1.867390819825232029e-03,1.623918535187840462e-03,2.519149100407958031e-03,2.877983963117003441e-03,1.598652102984488010e-03,4.118612036108970642e-03,2.623127074912190437e-03,3.132156329229474068e-03,6.753134075552225113e-03,3.485235618427395821e-03,2.244743751361966133e-03
6.715949159115552902e-03,3.497957438230514526e-02,1.083214767277240753e-02,1.223317906260490417e-01,1.321770250797271729e-02,2.346914820373058319e-02,1.735135354101657867e-02,1.727799326181411743e-02,1.614946722984313965e-01,1.863635182380676270e-01,8.999963756650686264e-04,1.428176648914813995e-02,4.911874830722808838e-01,3.419057279825210571e-02,1.529651880264282227e-02,8.434026502072811127e-03,2.753438241779804230e-02,2.980062179267406464e-02,5.533372610807418823e-02,1.673308759927749634e-02,2.955552563071250916e-02,3.252595663070678711e-02,1.126924436539411545e-02,3.853594884276390076e-03,9.613700211048126221e-03,4.841883666813373566e-03,2.518621739000082016e-03,2.706953790038824081e-03,2.247203607112169266e-03,3.740664105862379074e-03,3.848577383905649185e-03,3.846499137580394745e-03,1.473451731726527214e-03,1.021948992274701595e-03,4.246135242283344269e-03,2.468158025294542313e-03,2.757813781499862671e-03,3.102977061644196510e-03,1.828707987442612648e-03,1.980652566999197006e-03,2.651301212608814240e-03,1.423209207132458687e-03,1.254265313036739826e-03,1.073218416422605515e-03,1.060087326914072037e-02,2.570295939221978188e-03,2.085995161905884743e-03,1.789337256923317909e-03,1.665971474722027779e-03,1.693618600256741047e-03,2.772284671664237976e-03,2.183771925047039986e-03,1.999787054955959320e-03,4.661654587835073471e-03,1.837020739912986755e-03,2.314652549102902412e-03,3.740191459655761719e-03,2.886900445446372032e-03,2.475572284311056137e-03
4.853237885981798172e-03,6.493949331343173981e-03,6.390170659869909286e-03,1.012015063315629959e-02,3.159950021654367447e-03,3.798174206167459488e-03,4.631500225514173508e-03,3.337834961712360382e-03,1.076817885041236877e-02,8.053842931985855103e-02,1.428176648914813995e-02,5.784412845969200134e-03,6.439083069562911987e-02,1.314114313572645187e-02,3.881376236677169800e-02,1.418400276452302933e-02,2.128001488745212555e-02,1.143498811870813370e-02,4.474327340722084045e-02,2.802847325801849365e-02,4.442342743277549744e-02,4.974103718996047974e-02,1.144637819379568100e-02,9.373194538056850433e-03,9.919499047100543976e-03,1.070871017873287201e-02,4.839880391955375671e-03,5.453126505017280579e-03,9.689204394817352295e-03,4.679789766669273376e-03,3.524173283949494362e-03,3.298553870990872383e-03,4.866040777415037155e-03,3.225526073947548866e-03,4.406974185258150101e-03,3.915067296475172043e-03,2.554325154051184654e-03,5.538887809962034225e-03,2.439985983073711395e-03,1.787116518244147301e-03,5.140262190252542496e-03,4.452330060303211212e-03,2.471397863700985909e-03,2.003405708819627762e-03,3.739908803254365921e-03,3.535969881340861320e-03,5.240221042186021805e-03,1.890436396934092045e-03,2.740012714639306068e-03,1.824592938646674156e-03,3.919752314686775208e-03,5.941387731581926346e-03,2.001821761950850487e-03,5.533372517675161362e-03,3.657459979876875877e-03,3.094354411587119102e-03,5.820660851895809174e-03,4.260083194822072983e-03,3.227990819141268730e-03
2.324189525097608566e-03,9.956507012248039246e-03,3.237058641389012337e-03,2.333888784050941467e-03,1.669969037175178528e-02,5.280785262584686279e-03,1.394010148942470551e-02,8.084662258625030518e-03,5.127015989273786545e-03,1.494356244802474976e-01,4.911874830722808838e-01,6.439083069562911987e-02,7.448664400726556778e-04,9.262164682149887085e-02,1.700638979673385620e-02,6.215002015233039856e-02,1.251653488725423813e-02,1.642731390893459320e-02,6.078863516449928284e-02,2.951189316809177399e-02,2.165071666240692139e-02,1.121155358850955963e-02,4.882219061255455017e-02,1.033459324389696121e-02,1.263437420129776001e-01,1.185745000839233398e-02,1.700333505868911743e-02,1.231715735048055649e-02,6.601888220757246017e-03,7.500663865357637405e-03,6.552462466061115265e-03,8.714975789189338684e-03,4.626398906111717224e-03,1.391811878420412540e-03,1.500722835771739483e-03,3.225941676646471024e-03,3.056680317968130112e-03,3.416981780901551247e-03,9.966418147087097168e-04,1.319377683103084564e-03,1.198000623844563961e-03,1.058321446180343628e-03,7.197870290838181973e-04,1.130425138399004936e-03,2.563917543739080429e-03,2.053515054285526276e-03,2.215980552136898041e-03,1.112573430873453617e-03,1.624752883799374104e-03,2.063044812530279160e-03,2.331481780856847763e-03,1.658638240769505501e-03,3.761816769838333130e-03,3.345204750075936317e-03,6.082616746425628662e-03,4.016661550849676132e-03,4.151247441768646240e-03,3.789937822148203850e-03,3.343280171975493431e-03
7.577004842460155487e-03,2.126274816691875458e-02,8.689127862453460693e-03,7.439328823238611221e-03,1.011679787188768387e-02,1.372550800442695618e-02,6.669152528047561646e-03,6.531574297696352005e-03,3.011886496096849442e-03,3.894311189651489258e-02,3.419057279825210571e-02,1.314114313572645187e-02,9.262164682149887085e-02,1.189417089335620403e-03,4.611647874116897583e-02,2.053889036178588867e-01,1.309344638139009476e-02,3.774641081690788269e-02,7.539010047912597656e-02,1.421422511339187622e-02,8.951557800173759460e-03,1.746629737317562103e-02,1.247226167470216751e-02,1.399653125554323196e-02,1.822758279740810394e-02,3.146321326494216919e-02,1.423034444451332092e-02,6.663323845714330673e-03,6.120353005826473236e-03,3.672426799312233925e-03,5.997060332447290421e-03,4.859418608248233795e-03,7.195831742137670517e-03,2.376481657847762108e-03,4.446242935955524445e-03,3.804056672379374504e-03,1.382769667543470860e-03,2.346543595194816589e-03,3.492312738671898842e-03,2.887313487008213997e-03,2.128284191712737083e-03,1.632270636036992073e-03,2.155406866222620010e-03,2.229749457910656929e-03,4.739870317280292511e-03,2.784075215458869934e-03,1.952618476934731007e-03,1.960217719897627831e-03,1.925705233588814735e-03,1.783442916348576546e-03,2.097843447700142860e-03,2.008147770538926125e-03,2.310340059921145439e-03,2.453904366120696068e-03,2.701000310480594635e-03,3.071226645261049271e-03,2.978401957079768181e-03,2.781254239380359650e-03,3.809956135228276253e-03
4.142966587096452713e-03,4.149891436100006104e-03,8.628126233816146851e-03,1.071204431354999542e-02,6.995877251029014587e-03,8.643115870654582977e-03,3.855777438730001450e-03,4.711958114057779312e-03,8.693690598011016846e-02,1.768880151212215424e-02,1.529651880264282227e-02,3.881376236677169800e-02,1.700638979673385620e-02,4.611647874116897583e-02,1.239721663296222687e-02,1.281305681914091110e-02,1.447476893663406372e-01,1.301633566617965698e-01,1.099372282624244690e-01,9.557112306356430054e-02,5.702913552522659302e-02,4.753744602203369141e-02,8.299385756254196167e-02,4.924047738313674927e-03,7.697009015828371048e-03,4.204395227134227753e-03,4.858145955950021744e-03,9.085320867598056793e-03,7.991146296262741089e-03,4.565834067761898041e-03,2.729237545281648636e-03,2.713356632739305496e-03,2.708064857870340347e-03,7.077178917825222015e-03,4.213996697217226028e-03,1.551986788399517536e-03,1.697701169177889824e-03,5.310333333909511566e-03,1.767380628734827042e-03,1.161994761787354946e-03,6.426056381314992905e-03,3.568127984181046486e-03,1.277273637242615223e-03,1.341644092462956905e-03,4.128533881157636642e-03,2.538449829444289207e-03,4.125333856791257858e-03,1.389290438964962959e-03,2.338873688131570816e-03,1.370645128190517426e-03,2.539992099627852440e-03,2.514823572710156441e-03,1.185060827992856503e-03,2.572671044617891312e-03,1.322250231169164181e-03,2.241706242784857750e-03,3.826815169304609299e-03,1.696394989266991615e-03,2.215090906247496605e-03
7.501398678869009018e-03,1.658362522721290588e-02,3.945729229599237442e-03,2.750707324594259262e-03,2.917774487286806107e-03,1.134557090699672699e-02,1.395344734191894531e-02,4.887796472758054733e-03,5.320370197296142578e-03,1.150945108383893967e-02,8.434026502072811127e-03,1.418400276452302933e-02,6.215002015233039856e-02,2.053889036178588867e-01,1.281305681914091110e-02,6.971711409278213978e-04,2.302271313965320587e-03,8.912444114685058594e-01,3.448610007762908936e-01,6.108220200985670090e-03,2.278241962194442749e-01,2.685892209410667419e-02,1.265765912830829620e-02,3.519963026046752930e-01,6.363290548324584961e-02,5.144713819026947021e-02,1.676084473729133606e-02,1.206147018820047379e-02,7.460491266101598740e-03,8.369155228137969971e-03,4.024385008960962296e-03,7.532600779086351395e-03,1.096307672560214996e-02,2.212707186117768288e-03,2.459520474076271057e-03,2.386927837505936623e-03,4.434563219547271729e-03,1.236522686667740345e-03,1.909051788970828056e-03,1.143482746556401253e-03,1.744582434184849262e-03,1.122687128372490406e-03,1.312812673859298229e-03,1.953971106559038162e-03,2.767552388831973076e-03,2.227636054158210754e-03,1.041188021190464497e-03,1.596426707692444324e-03,1.469929818995296955e-03,1.552331843413412571e-03,1.478876220062375069e-03,1.588877057656645775e-03,8.539700065739452839e-04,1.774061820469796658e-03,2.168079838156700134e-03,3.400494810193777084e-03,1.941558206453919411e-03,1.346677192486822605e-03,2.623980399221181870e-03
3.040736308321356773e-03,2.517265966162085533e-03,3.186509944498538971e-03,4.517793189734220505e-03,2.805525669828057289e-03,9.288859553635120392e-03,4.323273897171020508e-03,3.063365817070007324e-03,4.458988830447196960e-02,4.762315750122070312e-02,2.753438241779804230e-02,2.128001488745212555e-02,1.251653488725423813e-02,1.309344638139009476e-02,1.447476893663406372e-01,2.302271313965320587e-03,7.487130910158157349e-02,3.387337317690253258e-03,9.129949845373630524e-03,9.197486191987991333e-02,3.238755837082862854e-02,1.846599727869033813e-01,6.543973088264465332e-02,2.034636028110980988e-02,1.266524754464626312e-02,1.276824250817298889e-02,8.609086275100708008e-03,9.799211286008358002e-03,1.341051515191793442e-02,5.665551871061325073e-03,3.457378828898072243e-03,3.202052554115653038e-03,4.417017102241516113e-03,5.474739708006381989e-03,4.507780540734529495e-03,2.097936347126960754e-03,1.846723491325974464e-03,5.068116355687379837e-03,1.943310955539345741e-03,1.219684141688048840e-03,4.461286123842000961e-03,3.711882280185818672e-03,1.395227853208780289e-03,1.674298080615699291e-03,3.665228374302387238e-03,3.235864918678998947e-03,3.451111959293484688e-03,3.025537123903632164e-03,2.699793083593249321e-03,1.768148853443562984e-03,3.986179362982511520e-03,3.548254491761326790e-03,1.698133768513798714e-03,5.796983372420072556e-03,2.443236997351050377e-03,3.196093486621975899e-03,5.981438327580690384e-03,2.764820354059338570e-03,2.591855591163039207e-03
7.669132668524980545e-03,8.723610080778598785e-03,9.632068686187267303e-03,4.045423585921525955e-03,6.027071271091699600e-03,1.412376202642917633e-02,2.062292024493217468e-02,1.184868719428777695e-02,5.890535190701484680e-03,7.703768089413642883e-03,2.980062179267406464e-02,1.143498811870813370e-02,1.642731390893459320e-02,3.774641081690788269e-02,1.301633566617965698e-01,8.912444114685058594e-01,3.387337317690253258e-03,1.198481069877743721e-03,4.493900537490844727e-01,1.249307170510292053e-01,2.825950644910335541e-02,1.932274922728538513e-02,2.554706484079360962e-02,6.686288863420486450e-03,5.871688574552536011e-02,1.855425164103507996e-02,1.343335397541522980e-02,7.042025681585073471e-03,6.119857076555490494e-03,4.309757612645626068e-03,2.753777662292122841e-03,3.822701750323176384e-03,5.556953139603137970e-03,1.486584078520536423e-03,2.859425731003284454e-03,1.825406914576888084e-03,2.005035756155848503e-03,2.712632529437541962e-03,1.349522965028882027e-03,2.536646556109189987e-03,4.744850564748048782e-03,1.353286905214190483e-03,1.548180938698351383e-03,1.773820375092327595e-03,3.663637209683656693e-03,2.711154986172914505e-03,2.500450005754828453e-03,1.455647754482924938e-03,1.203415449708700180e-03,1.929075224325060844e-03,2.065067179501056671e-03,1.405100454576313496e-03,9.580320911481976509e-04,2.681963611394166946e-03,3.572669113054871559e-03,2.835634397342801094e-03,2.794844098389148712e-03,1.162092667073011398e-03,2.054040785878896713e-03
3.256166353821754456e-03,3.656608751043677330e-03,4.604286979883909225e-03,4.700510762631893158e-03,5.564988125115633011e-03,8.147655054926872253e-03,5.311091430485248566e-03,1.972352620214223862e-03,1.170234847813844681e-02,1.217054855078458786e-02,5.533372610807418823e-02,4.474327340722084045e-02,6.078863516449928284e-02,7.539010047912597656e-02,1.099372282624244690e-01,3.448610007762908936e-01,9.129949845373630524e-03,4.493900537490844727e-01,1.508963759988546371e-03,1.559077296406030655e-02,5.157203078269958496e-01,1.506977621465921402e-02,6.027591414749622345e-03,7.462409324944019318e-03,1.057122182101011276e-02,9.425424970686435699e-03,3.054426237940788269e-02,1.023487467318773270e-02,6.043281871825456619e-03,7.140046916902065277e-03,2.610835479572415352e-03,3.336550202220678329e-03,6.560649257153272629e-03,4.248976707458496094e-03,3.908026032149791718e-03,4.169482272118330002e-03,2.887316280975937843e-03,4.156494513154029846e-03,1.422461937181651592e-03,3.126262919977307320e-03,3.740864805877208710e-03,3.058769041672348976e-03,1.231968402862548828e-03,3.569966414943337440e-03,7.025341037660837173e-03,3.029231447726488113e-03,1.968219410628080368e-03,1.642215996980667114e-03,2.000086940824985504e-03,2.426878316327929497e-03,1.437389058992266655e-03,1.833266695030033588e-03,1.072895363904535770e-03,1.407375093549489975e-03,1.302172895520925522e-03,2.594108693301677704e-03,2.357331337407231331e-03,1.021910109557211399e-03,1.811197027564048767e-03
3.161300905048847198e-03,2.488011028617620468e-03,2.682541497051715851e-03,2.886765869334340096e-03,1.934061292558908463e-03,7.935602217912673950e-03,3.827767679467797279e-03,2.819337183609604836e-03,3.630359470844268799e-02,3.060582093894481659e-02,1.673308759927749634e-02,2.802847325801849365e-02,2.951189316809177399e-02,1.421422511339187622e-02,9.557112306356430054e-02,6.108220200985670090e-03,9.197486191987991333e-02,1.249307170510292053e-01,1.559077296406030655e-02,5.814920365810394287e-02,6.426700949668884277e-02,2.337232232093811035e-01,2.545915357768535614e-02,7.946973666548728943e-03,1.096785068511962891e-02,1.123362407088279724e-02,3.559874743223190308e-02,1.105174794793128967e-02,3.178318589925765991e-02,1.499022543430328369e-02,2.002248540520668030e-03,2.191637875512242317e-03,5.806704051792621613e-03,3.827067557722330093e-03,4.055814817547798157e-03,1.455805846489965916e-03,2.046020003035664558e-03,6.588030140846967697e-03,1.022986019961535931e-03,8.346730028279125690e-04,4.200617782771587372e-03,2.794659696519374847e-03,1.486117020249366760e-03,1.115251216106116772e-03,2.878907835111021996e-03,2.743030665442347527e-03,5.335418507456779480e-03,2.779705915600061417e-03,1.825254759751260281e-03,1.115531777031719685e-03,2.553276950493454933e-03,3.422775538638234138e-03,1.415336853824555874e-03,4.989953711628913879e-03,1.615898916497826576e-03,2.127822488546371460e-03,6.837845779955387115e-03,2.479192335158586502e-03,2.284029731526970863e-03
3.241947153583168983e-03,2.008168725296854973e-03,2.204226562753319740e-03,2.472685649991035461e-03,2.344680018723011017e-03,4.137351643294095993e-03,4.275174811482429504e-03,3.806366818025708199e-03,3.011033311486244202e-02,3.044490888714790344e-02,2.955552563071250916e-02,4.442342743277549744e-02,2.165071666240692139e-02,8.951557800173759460e-03,5.702913552522659302e-02,2.278241962194442749e-01,3.238755837082862854e-02,2.825950644910335541e-02,5.157203078269958496e-01,6.426700949668884277e-02,9.285389445722103119e-03,2.079363726079463959e-02,1.361765246838331223e-02,1.348290941677987576e-03,1.342430803924798965e-02,1.024092198349535465e-03,1.169667486101388931e-02,2.556858770549297333e-02,7.480511814355850220e-02,1.359767094254493713e-02,1.442333497107028961e-02,4.173590335994958878e-03,1.248093973845243454e-02,4.351163282990455627e-03,4.676383920013904572e-03,2.004231559112668037e-03,2.786004683002829552e-03,1.129413116723299026e-02,2.039802959188818932e-03,2.494151005521416664e-03,1.064099930226802826e-02,4.620800726115703583e-03,2.197123365476727486e-03,9.917061543092131615e-04,2.956106327474117279e-03,2.658730605617165565e-03,2.270621946081519127e-03,1.453640521503984928e-03,2.137318253517150879e-03,9.575716685503721237e-04,1.875740825198590755e-03,2.699423581361770630e-03,1.138437073677778244e-03,1.966775627806782722e-03,2.268698997795581818e-03,1.612365012988448143e-03,3.223870880901813507e-03,1.764791319146752357e-03,2.875180216506123543e-03
2.054931363090872765e-03,1.734864315949380398e-03,3.355809487402439117e-03,2.908301074057817459e-03,2.091631758958101273e-03,6.917916703969240189e-03,2.369336318224668503e-03,4.442297853529453278e-03,1.891071908175945282e-02,1.429388672113418579e-02,3.252595663070678711e-02,4.974103718996047974e-02,1.121155358850955963e-02,1.746629737317562103e-02,4.753744602203369141e-02,2.685892209410667419e-02,1.846599727869033813e-01,1.932274922728538513e-02,1.506977621465921402e-02,2.337232232093811035e-01,2.079363726079463959e-02,1.033897325396537781e-02,4.849538579583168030e-02,2.386405318975448608e-02,2.635894902050495148e-02,1.155592780560255051e-02,2.363277412950992584e-02,6.237580627202987671e-02,1.431131660938262939e-01,2.701817452907562256e-02,4.905156325548887253e-03,2.487923251464962959e-03,1.254258770495653152e-02,2.949913265183568001e-03,3.834790783002972603e-03,1.910917926579713821e-03,1.915594562888145447e-03,3.774927230551838875e-03,1.799784484319388866e-03,1.144537702202796936e-03,3.444443922489881516e-03,3.665682859718799591e-03,9.100504103116691113e-04,1.195488148368895054e-03,3.861202625557780266e-03,2.905480097979307175e-03,2.043125452473759651e-03,2.335181459784507751e-03,1.997275277972221375e-03,8.696636068634688854e-04,1.738184830173850060e-03,4.310083109885454178e-03,1.069108024239540100e-03,3.214885480701923370e-03,1.323705539107322693e-03,1.806171028874814510e-03,4.331600852310657501e-03,2.150991233065724373e-03,1.924042589962482452e-03
1.116077532060444355e-03,2.233210485428571701e-03,1.561948563903570175e-03,1.955019310116767883e-03,1.793135423213243484e-03,7.645059842616319656e-03,2.796471351757645607e-03,3.423450747504830360e-03,9.033681824803352356e-03,1.998567953705787659e-02,1.126924436539411545e-02,1.144637819379568100e-02,4.882219061255455017e-02,1.247226167470216751e-02,8.299385756254196167e-02,1.265765912830829620e-02,6.543973088264465332e-02,2.554706484079360962e-02,6.027591414749622345e-03,2.545915357768535614e-02,1.361765246838331223e-02,4.849538579583168030e-02,1.663454575464129448e-03,4.500485491007566452e-03,1.704231277108192444e-02,1.820094883441925049e-02,3.383545950055122375e-02,1.314558237791061401e-01,4.747413694858551025e-01,3.572730720043182373e-02,2.511985041201114655e-02,2.001617290079593658e-02,1.143498253077268600e-02,7.728561758995056152e-03,2.771773375570774078e-03,2.275040373206138611e-03,4.501426126807928085e-03,8.070495910942554474e-03,1.598995295353233814e-03,1.021038042381405830e-03,6.904593668878078461e-03,5.524127744138240814e-03,1.434974488802254200e-03,1.809768262319266796e-03,3.656730288639664650e-03,4.510246217250823975e-03,2.535269130021333694e-03,1.713438192382454872e-03,1.628323341719806194e-03,1.250724541023373604e-03,2.100357552990317345e-03,3.040982177481055260e-03,9.219693602062761784e-04,3.333074739202857018e-03,2.443251898512244225e-03,1.930278376676142216e-03,4.584973677992820740e-03,1.825503306463360786e-03,2.151197055354714394e-03
3.688448574393987656e-03,3.266523825004696846e-03,2.708079060539603233e-03,2.733600558713078499e-03,2.890460425987839699e-03,6.256105843931436539e-03,1.825892482884228230e-03,4.715396557003259659e-03,2.571380464360117912e-03,5.421229638159275055e-03,3.853594884276390076e-03,9.373194538056850433e-03,1.033459324389696121e-02,1.399653125554323196e-02,4.924047738313674927e-03,3.519963026046752930e-01,2.034636028110980988e-02,6.686288863420486450e-03,7.462409324944019318e-03,7.946973666548728943e-03,1.348290941677987576e-03,2.386405318975448608e-02,4.500485491007566452e-03,5.061847157776355743e-03,3.788737580180168152e-02,3.097133338451385498e-01,9.874349236488342285e-01,1.086657941341400146e-01,1.276946347206830978e-02,6.180000305175781250e-02,7.747725117951631546e-03,6.151618901640176773e-03,1.009494662284851074e-01,4.141800105571746826e-03,4.176645539700984955e-03,4.257652908563613892e-03,4.401493817567825317e-03,2.558679552748799324e-03,1.171987736597657204e-03,2.144642639905214310e-03,2.294686855748295784e-03,1.794057432562112808e-03,1.642259769141674042e-03,1.949988654814660549e-03,5.336792208254337311e-03,3.698794869706034660e-03,1.961744623258709908e-03,2.462133299559354782e-03,2.231154358014464378e-03,2.331796800717711449e-03,1.515121781267225742e-03,2.318421611562371254e-03,2.481940202414989471e-03,3.951676189899444580e-03,2.075091935694217682e-03,4.954739939421415329e-03,2.871685428544878960e-03,1.216798205859959126e-03,2.868179930374026299e-03
2.816010499373078346e-03,2.554265782237052917e-03,2.391908550634980202e-03,2.802788047119975090e-03,1.909597893245518208e-03,7.485585287213325500e-03,7.551806978881359100e-03,5.266332533210515976e-03,3.996400628238916397e-03,2.002647332847118378e-02,9.613700211048126221e-03,9.919499047100543976e-03,1.263437420129776001e-01,1.822758279740810394e-02,7.697009015828371048e-03,6.363290548324584961e-02,1.266524754464626312e-02,5.871688574552536011e-02,1.057122182101011276e-02,1.096785068511962891e-02,1.342430803924798965e-02,2.635894902050495148e-02,1.704231277108192444e-02,3.788737580180168152e-02,2.432033652439713478e-03,6.585311889648437500e-02,2.048729211091995239e-01,5.647149682044982910e-02,9.544336237013339996e-03,3.584556281566619873e-02,1.457826141268014908e-02,1.242576818913221359e-02,3.079506754875183105e-02,6.352596450597047806e-03,5.786398891359567642e-03,2.639230573549866676e-03,3.653258783742785454e-03,3.095596097409725189e-03,1.907011261209845543e-03,1.671091536991298199e-03,2.193557564169168472e-03,1.656088978052139282e-03,1.097375410608947277e-03,1.974993851035833359e-03,2.666840329766273499e-03,3.154649399220943451e-03,2.125693252310156822e-03,1.915521570481359959e-03,1.816392526961863041e-03,2.411527093499898911e-03,1.455090008676052094e-03,2.019692445173859596e-03,1.662818132899701595e-03,6.594121456146240234e-03,3.976817242801189423e-03,2.838699612766504288e-03,1.532799447886645794e-03,2.313651842996478081e-03,3.110566409304738045e-03
6.276105530560016632e-03,8.462758734822273254e-03,4.564011935144662857e-03,2.303197979927062988e-03,4.371481481939554214e-03,3.864031517878174782e-03,1.739139296114444733e-02,2.838098909705877304e-03,3.490082686766982079e-03,5.534385330975055695e-03,4.841883666813373566e-03,1.070871017873287201e-02,1.185745000839233398e-02,3.146321326494216919e-02,4.204395227134227753e-03,5.144713819026947021e-02,1.276824250817298889e-02,1.855425164103507996e-02,9.425424970686435699e-03,1.123362407088279724e-02,1.024092198349535465e-03,1.155592780560255051e-02,1.820094883441925049e-02,3.097133338451385498e-01,6.585311889648437500e-02,9.876366239041090012e-04,6.911188364028930664e-02,7.069309800863265991e-02,8.886554278433322906e-03,1.063671335577964783e-01,1.738145248964428902e-03,1.188286952674388885e-02,2.862284332513809204e-02,1.903164200484752655e-03,7.001427933573722839e-03,8.128571324050426483e-03,6.371864117681980133e-03,2.324628410860896111e-03,3.281321609392762184e-03,5.268516018986701965e-03,1.743446686305105686e-03,1.952074118889868259e-03,2.002051332965493202e-03,4.850190132856369019e-03,3.957308828830718994e-03,2.063033170998096466e-03,1.303831581026315689e-03,2.551419660449028015e-03,2.190148225054144859e-03,4.758450668305158615e-03,3.033893648535013199e-03,2.365969819948077202e-03,2.382990904152393341e-03,3.017178969457745552e-03,3.466584719717502594e-03,7.007437292486429214e-03,6.475731264799833298e-03,2.056843833997845650e-03,5.214733071625232697e-03
4.326766356825828552e-03,2.646966138854622841e-03,3.138303756713867188e-03,9.621181525290012360e-04,2.478151349350810051e-03,2.360256854444742203e-03,1.907613012008368969e-03,3.979891538619995117e-03,1.317242509685456753e-03,4.323484841734170914e-03,2.518621739000082016e-03,4.839880391955375671e-03,1.700333505868911743e-02,1.423034444451332092e-02,4.858145955950021744e-03,1.676084473729133606e-02,8.609086275100708008e-03,1.343335397541522980e-02,3.054426237940788269e-02,3.559874743223190308e-02,1.169667486101388931e-02,2.363277412950992584e-02,3.383545950055122375e-02,9.874349236488342285e-01,2.048729211091995239e-01,6.911188364028930664e-02,7.977567147463560104e-04,2.161498069763183594e-01,1.848177798092365265e-02,4.408116936683654785e-01,1.155608426779508591e-02,4.434183984994888306e-02,1.443667113780975342e-01,2.987587591633200645e-03,5.146278999745845795e-03,6.941523402929306030e-03,1.640436123125255108e-03,3.282245015725493431e-03,2.068386413156986237e-03,3.426992334425449371e-03,1.718515530228614807e-03,1.293529290705919266e-03,1.831751666031777859e-03,1.641325885429978371e-03,1.881447853520512581e-03,2.323080785572528839e-03,1.795246615074574947e-03,1.767902169376611710e-03,1.513735274784266949e-03,1.893124892376363277e-03,1.259581418707966805e-03,1.067241770215332508e-03,1.777248224243521690e-03,2.104194834828376770e-03,2.451798412948846817e-03,4.170963075011968613e-03,1.674273284152150154e-03,1.526407664641737938e-03,3.539177356287837029e-03
