1.782882511615753174e-01,7.129903137683868408e-02,9.499897360801696777e-01,3.801360353827476501e-02,8.705850690603256226e-02,3.160608187317848206e-02,3.213073685765266418e-02,1.250033527612686157e-01,2.807466313242912292e-02,9.297667071223258972e-03,5.110418889671564102e-03,5.537430755794048309e-03,5.886741448193788528e-03,6.911868229508399963e-03,4.198490176349878311e-03,4.118668846786022186e-03,3.395739244297146797e-03,3.620880190283060074e-03,3.738633356988430023e-03,3.581396769732236862e-03,1.918658381327986717e-03,2.624782966449856758e-03,1.760827493853867054e-03,3.288676729425787926e-03,2.478067530319094658e-03,4.645354580134153366e-03,3.084593918174505234e-03,4.391842056065797806e-03,2.662593731656670570e-03,2.921630861237645149e-03,2.208471763879060745e-03,3.310365835204720497e-03,3.080914262682199478e-03,1.459252787753939629e-03,2.750830259174108505e-03,5.809347145259380341e-03,5.202828440815210342e-03,2.311115153133869171e-03,2.062015468254685402e-03,4.737814422696828842e-03,3.285349113866686821e-03,1.253534923307597637e-03,4.195857327431440353e-03,3.640894079580903053e-03,2.414721762761473656e-03,3.775906516239047050e-03,1.985577167943120003e-03,5.450047086924314499e-03,7.350637111812829971e-03,1.374666485935449600e-02,4.666316322982311249e-03,4.881382919847965240e-03,3.547393018379807472e-03,4.756265319883823395e-03,6.129110231995582581e-03,1.541795022785663605e-02,6.250478792935609818e-03,2.458550967276096344e-03,4.933488555252552032e-03
7.129903137683868408e-02,1.137813180685043335e-02,4.577260613441467285e-01,2.490915954113006592e-01,6.125250458717346191e-01,1.841195672750473022e-02,6.995299458503723145e-02,2.423870563507080078e-01,1.175234094262123108e-02,8.031014353036880493e-03,4.324990510940551758e-02,4.025403875857591629e-03,7.774118799716234207e-03,3.604816971346735954e-03,2.537953667342662811e-03,3.762767417356371880e-03,2.551776589825749397e-03,4.470851738005876541e-03,3.257452743127942085e-03,2.049740636721253395e-03,1.621431671082973480e-03,1.740024192258715630e-03,1.539185876026749611e-03,2.349192975088953972e-03,2.963025821372866631e-03,7.193746976554393768e-03,2.505528740584850311e-03,3.274375107139348984e-03,1.712472643703222275e-03,2.993995789438486099e-03,4.559837281703948975e-03,3.261970356106758118e-03,5.197732243686914444e-03,1.754278666339814663e-03,3.366158111020922661e-03,7.795827928930521011e-03,1.083798985928297043e-02,2.496251603588461876e-03,3.689461387693881989e-03,6.261707749217748642e-03,3.142853965982794762e-03,1.318559166975319386e-03,5.076045170426368713e-03,3.325993428006768227e-03,2.402696525678038597e-03,4.250252153724431992e-03,1.756545621901750565e-03,4.079282749444246292e-03,2.848186297342181206e-03,7.414750754833221436e-03,3.564501646906137466e-03,2.098191995173692703e-03,3.878245363011956215e-03,6.550640333443880081e-03,8.628390729427337646e-03,1.728372648358345032e-02,5.009411834180355072e-03,2.547301817685365677e-03,1.233201101422309875e-02
9.499897360801696777e-01,4.577260613441467285e-01,2.103330567479133606e-02,1.107873991131782532e-01,4.755225777626037598e-01,5.342417210340499878e-02,7.399522513151168823e-02,1.688449084758758545e-01,1.645404659211635590e-02,6.800020579248666763e-03,1.040406245738267899e-02,5.544540472328662872e-03,8.314339444041252136e-03,5.028413608670234680e-03,4.597569350153207779e-03,2.917313948273658752e-03,3.727436298504471779e-03,3.684254130348563194e-03,2.910023322328925133e-03,2.284170826897025108e-03,1.909525017254054546e-03,2.020632615312933922e-03,1.238334923982620239e-03,2.190138911828398705e-03,2.780853770673274994e-03,3.550301771610975266e-03,2.685196464881300926e-03,3.911097068339586258e-03,1.699639484286308289e-03,2.197684952989220619e-03,1.325669931247830391e-03,3.920858260244131088e-03,2.767367986962199211e-03,1.703399349935352802e-03,3.902540775015950203e-03,1.108626089990139008e-02,4.524828400462865829e-03,2.615393837913870811e-03,2.001328393816947937e-03,5.790446419268846512e-03,2.963803708553314209e-03,1.539561082608997822e-03,3.503656480461359024e-03,4.639313090592622757e-03,2.231486607342958450e-03,3.030226798728108406e-03,2.378493547439575195e-03,2.267809817567467690e-03,3.373582614585757256e-03,8.246963843703269958e-03,3.517557168379426003e-03,2.931950381025671959e-03,3.042766824364662170e-03,6.626949645578861237e-03,6.635562516748905182e-03,8.526337333023548126e-03,4.490852821618318558e-03,2.772464184090495110e-03,8.013354614377021790e-03
3.801360353827476501e-02,2.490915954113006592e-01,1.107873991131782532e-01,1.363203227519989014e-01,9.886645078659057617e-01,5.444586649537086487e-02,4.757421463727951050e-02,8.726403713226318359e-01,3.611175119876861572e-01,1.074586343020200729e-02,4.875841438770294189e-01,1.712839677929878235e-02,1.272418163716793060e-02,1.773148961365222931e-02,1.131435669958591461e-02,2.180882031098008156e-03,2.577549079433083534e-03,3.479847451671957970e-03,2.553036669269204140e-03,2.010851167142391205e-03,2.433364279568195343e-03,2.551506971940398216e-03,1.504547428339719772e-03,2.322950400412082672e-03,2.673322567716240883e-03,2.117227995768189430e-03,1.204240485094487667e-03,3.939160145819187164e-03,2.753591630607843399e-03,1.469201524741947651e-03,1.716484781354665756e-03,9.757208172231912613e-04,4.059233702719211578e-03,1.431577838957309723e-03,4.339566919952630997e-03,1.846779719926416874e-03,1.735134399496018887e-03,3.235034411773085594e-03,1.415065256878733635e-03,2.389102010056376457e-03,2.303715329617261887e-03,2.662684768438339233e-03,2.454588422551751137e-03,1.038208603858947754e-03,2.577845705673098564e-03,3.081533592194318771e-03,2.600576728582382202e-03,1.549004460684955120e-03,1.554785994812846184e-03,1.089698867872357368e-03,3.445386653766036034e-03,1.897991052828729153e-03,2.691630739718675613e-03,5.094520282000303268e-03,2.402426674962043762e-03,2.014091005548834801e-03,3.915861248970031738e-03,2.657326171174645424e-03,4.249158315360546112e-03
8.705850690603256226e-02,6.125250458717346191e-01,4.755225777626037598e-01,9.886645078659057617e-01,3.808598732575774193e-03,2.878698706626892090e-02,9.957620501518249512e-01,8.554600477218627930e-01,2.411114983260631561e-02,1.094807684421539307e-02,3.295778483152389526e-02,3.628571517765522003e-03,5.914723500609397888e-03,5.738269537687301636e-03,3.755979239940643311e-03,1.843124278821051121e-03,3.763466142117977142e-03,2.748331520706415176e-03,2.233490813523530960e-03,1.233431394211947918e-03,1.417156308889389038e-03,1.638846122659742832e-03,2.824245253577828407e-03,2.164129400625824928e-03,2.600718988105654716e-03,4.449936095625162125e-03,1.636994187720119953e-03,3.107235766947269440e-03,1.663989154621958733e-03,1.677817432209849358e-03,1.183493877761065960e-03,1.488944399170577526e-03,3.165666013956069946e-03,1.940664718858897686e-03,4.490673542022705078e-03,3.284955862909555435e-03,2.950614551082253456e-03,2.223403658717870712e-03,2.054140437394380569e-03,8.828170597553253174e-03,1.731258467771112919e-03,1.015628920868039131e-03,2.757849171757698059e-03,1.674070023000240326e-03,1.965594710782170296e-03,2.482666401192545891e-03,1.627672347240149975e-03,1.507984823547303677e-03,3.263304010033607483e-03,3.026915481314063072e-03,2.934574848040938377e-03,1.800132333301007748e-03,4.323049914091825485e-03,4.798656795173883438e-03,3.270505694672465324e-03,3.651419654488563538e-03,2.833771519362926483e-03,2.326560206711292267e-03,4.254655446857213974e-03
3.160608187317848206e-02,1.841195672750473022e-02,5.342417210340499878e-02,5.444586649537086487e-02,2.878698706626892090e-02,3.206558153033256531e-02,2.010982669889926910e-02,3.792641684412956238e-02,8.230402320623397827e-02,2.760963328182697296e-02,5.840822681784629822e-02,7.877180352807044983e-03,4.609902855008840561e-03,5.381059367209672928e-03,8.828762918710708618e-03,3.206214867532253265e-03,6.014632526785135269e-03,5.318881478160619736e-03,4.541289526969194412e-03,9.167439304292201996e-03,4.082815721631050110e-03,7.342868018895387650e-03,5.658032838255167007e-03,6.225468590855598450e-03,5.195067729800939560e-03,1.252235192805528641e-02,2.332675503566861153e-03,4.324306268244981766e-03,3.735665231943130493e-03,3.558922093361616135e-03,2.371160779148340225e-03,3.336870344355702400e-03,2.310868818312883377e-03,2.128995256498456001e-03,9.086586534976959229e-03,3.854135284200310707e-03,3.979944158345460892e-03,3.789819078519940376e-03,2.446441911160945892e-03,3.522857557982206345e-03,5.938290152698755264e-03,3.060406539589166641e-03,4.807840567082166672e-03,2.060786355286836624e-03,2.780726645141839981e-03,3.709597745910286903e-03,3.493404714390635490e-03,3.116713138297200203e-03,2.286748960614204407e-03,5.517326761037111282e-03,4.963841754943132401e-03,6.116525270044803619e-03,2.726289210841059685e-03,6.462185177952051163e-03,2.775146858766674995e-03,4.885866772383451462e-03,7.020997814834117889e-03,3.279813798144459724e-03,4.747725091874599457e-03
3.213073685765266418e-02,6.995299458503723145e-02,7.399522513151168823e-02,4.757421463727951050e-02,9.957620501518249512e-01,2.010982669889926910e-02,5.512041505426168442e-03,5.114077925682067871e-01,2.602484822273254395e-02,1.869446784257888794e-02,2.504740096628665924e-02,5.148095544427633286e-03,1.607545092701911926e-02,6.777979433536529541e-03,3.190909978002309799e-03,3.159046173095703125e-03,3.601492615416646004e-03,3.710535587742924690e-03,1.348915742710232735e-03,3.883393481373786926e-03,3.050858853384852409e-03,1.887787715531885624e-03,3.067756537348031998e-03,2.941645914688706398e-03,6.665839347988367081e-03,2.070151641964912415e-02,1.501363818533718586e-03,3.756550140678882599e-03,2.575840801000595093e-03,2.148562809452414513e-03,2.075251890346407890e-03,3.766956040635704994e-03,4.056498873978853226e-03,1.504778745584189892e-03,6.927915383130311966e-03,4.109451081603765488e-03,7.201754488050937653e-03,2.025113673880696297e-03,4.389084875583648682e-03,5.887749139219522476e-03,2.440940355882048607e-03,2.405061153694987297e-03,3.467517206445336342e-03,3.355064895004034042e-03,1.753989839926362038e-03,2.956519369035959244e-03,1.671072444878518581e-03,3.404260613024234772e-03,4.637595731765031815e-03,2.932054921984672546e-03,3.581964876502752304e-03,3.242224687710404396e-03,3.005194477736949921e-03,3.800637787207961082e-03,4.827709868550300598e-03,3.944056108593940735e-03,3.904721466824412346e-03,3.283397993072867393e-03,4.250809084624052048e-03
1.250033527612686157e-01,2.423870563507080078e-01,1.688449084758758545e-01,8.726403713226318359e-01,8.554600477218627930e-01,3.792641684412956238e-02,5.114077925682067871e-01,2.712300419807434082e-02,9.848604351282119751e-02,1.280498970299959183e-02,4.133861511945724487e-02,3.370529739186167717e-03,9.223377332091331482e-03,7.263022009283304214e-03,3.091299207881093025e-03,5.642745643854141235e-03,3.602683544158935547e-03,2.244428498670458794e-03,1.521605649031698704e-03,2.847838448360562325e-03,3.613600274547934532e-03,2.884906716644763947e-03,2.385532483458518982e-03,3.883118741214275360e-03,3.834198927506804466e-03,4.504822660237550735e-03,4.037906881421804428e-03,2.426234073936939240e-03,2.757437527179718018e-03,2.500925678759813309e-03,1.285896869376301765e-03,2.574917161837220192e-03,3.363815601915121078e-03,1.743836677633225918e-03,3.924329299479722977e-03,4.369808826595544815e-03,4.521760158240795135e-03,3.162312321364879608e-03,2.506031887605786324e-03,3.000095486640930176e-03,3.124211216345429420e-03,2.069377806037664413e-03,2.379719400778412819e-03,2.596551552414894104e-03,1.969540724530816078e-03,2.809924539178609848e-03,3.268637461587786674e-03,2.554558450356125832e-03,1.720378408208489418e-03,1.843806938268244267e-03,2.435167320072650909e-03,1.840779907070100307e-03,1.648785895667970181e-03,3.384069539606571198e-03,2.590270945802330971e-03,2.899637212976813316e-03,2.731596818193793297e-03,3.167803399264812469e-03,4.668097011744976044e-03
2.807466313242912292e-02,1.175234094262123108e-02,1.645404659211635590e-02,3.611175119876861572e-01,2.411114983260631561e-02,8.230402320623397827e-02,2.602484822273254395e-02,9.848604351282119751e-02,1.119513064622879028e-02,1.499445084482431412e-02,2.148027531802654266e-02,8.635462075471878052e-02,4.990405868738889694e-03,5.138740874826908112e-03,5.999516695737838745e-02,9.642587043344974518e-03,2.856631949543952942e-02,1.117837894707918167e-02,9.095667861402034760e-03,3.827545046806335449e-02,1.859711296856403351e-02,1.694270409643650055e-02,3.087278455495834351e-03,2.711682114750146866e-03,5.367464385926723480e-03,3.811507252976298332e-03,2.310835989192128181e-03,4.369006492197513580e-03,8.130336180329322815e-03,2.243489259853959084e-03,2.756946953013539314e-03,2.601104788482189178e-03,1.776946359314024448e-03,3.313989145681262016e-03,4.793897271156311035e-03,2.176330657675862312e-03,1.666958327405154705e-03,4.463470075279474258e-03,1.911661005578935146e-03,1.502653118222951889e-03,5.222262814640998840e-03,5.193426739424467087e-03,1.770175760611891747e-03,1.440209569409489632e-03,5.605824291706085205e-03,2.833785256370902061e-03,3.316621994599699974e-03,2.259668894112110138e-03,1.598855946213006973e-03,2.336847363039851189e-03,3.267193213105201721e-03,5.832261405885219574e-03,1.602255972102284431e-03,3.296927083283662796e-03,1.822281745262444019e-03,1.736815203912556171e-03,4.561594687402248383e-03,3.275274764746427536e-03,3.243898507207632065e-03
9.297667071223258972e-03,8.031014353036880493e-03,6.800020579248666763e-03,1.074586343020200729e-02,1.094807684421539307e-02,2.760963328182697296e-02,1.869446784257888794e-02,1.280498970299959183e-02,1.499445084482431412e-02,6.832326762378215790e-03,2.351823151111602783e-01,9.030362218618392944e-02,2.204581201076507568e-01,1.376774162054061890e-02,3.826228901743888855e-02,4.861766472458839417e-03,3.256634622812271118e-02,2.864975482225418091e-03,1.015910785645246506e-02,1.358803454786539078e-02,1.383874099701642990e-02,1.012087240815162659e-02,1.301449257880449295e-02,4.805582109838724136e-03,8.497644215822219849e-03,7.072874344885349274e-03,3.623132826760411263e-03,7.482054177671670914e-03,8.096835575997829437e-03,2.721550874412059784e-03,3.284038044512271881e-03,4.245661199092864990e-03,2.028545131906867027e-03,2.069339388981461525e-03,2.663779072463512421e-03,3.226896980777382851e-03,3.238500561565160751e-03,2.481070347130298615e-03,1.519623328931629658e-03,1.507044536992907524e-03,2.001132117584347725e-03,3.859522752463817596e-03,1.584072597324848175e-03,3.400535322725772858e-03,3.942155279219150543e-03,2.920147730037570000e-03,3.806410124525427818e-03,3.122026100754737854e-03,3.374113235622644424e-03,1.735071651637554169e-03,2.393046393990516663e-03,4.628940485417842865e-03,2.433886518701910973e-03,4.693934693932533264e-03,4.108945839107036591e-03,2.842366462573409081e-03,8.910090662539005280e-03,5.627011880278587341e-03,6.032904610037803650e-03
5.110418889671564102e-03,4.324990510940551758e-02,1.040406245738267899e-02,4.875841438770294189e-01,3.295778483152389526e-02,5.840822681784629822e-02,2.504740096628665924e-02,4.133861511945724487e-02,2.148027531802654266e-02,2.351823151111602783e-01,1.723179011605679989e-03,2.959426306188106537e-02,2.245818972587585449e-01,1.930877566337585449e-02,3.167450055480003357e-02,1.420019473880529404e-02,1.212166529148817062e-02,1.433191075921058655e-02,1.840244792401790619e-02,8.683494292199611664e-03,4.868754651397466660e-03,1.550311688333749771e-02,1.164208166301250458e-02,2.825780538842082024e-03,8.053431287407875061e-03,2.441359451040625572e-03,4.691752139478921890e-03,3.159906715154647827e-03,3.139863023534417152e-03,2.164286794140934944e-03,1.711842720396816730e-03,2.292438177391886711e-03,1.439365092664957047e-03,1.023608376272022724e-03,4.571921657770872116e-03,2.276476938277482986e-03,3.202621825039386749e-03,2.102005295455455780e-03,2.096126321703195572e-03,1.575235975906252861e-03,3.507397836074233055e-03,2.681064652279019356e-03,1.588823273777961731e-03,1.868240651674568653e-03,7.972196675837039948e-03,2.919807564467191696e-03,3.825617255643010139e-03,3.028756473213434219e-03,2.844382310286164284e-03,2.937323646619915962e-03,2.238799817860126495e-03,2.756784437224268913e-03,2.746101701632142067e-03,2.948989160358905792e-03,2.857723971828818321e-03,1.528146211057901382e-03,3.747707698494195938e-03,5.160210654139518738e-03,2.491150051355361938e-03
5.537430755794048309e-03,4.025403875857591629e-03,5.544540472328662872e-03,1.712839677929878235e-02,3.628571517765522003e-03,7.877180352807044983e-03,5.148095544427633286e-03,3.370529739186167717e-03,8.635462075471878052e-02,9.030362218618392944e-02,2.959426306188106537e-02,3.624723758548498154e-03,1.374513208866119385e-01,1.018241886049509048e-02,7.359360158443450928e-02,4.165463522076606750e-02,4.220325499773025513e-02,2.477311901748180389e-02,3.356787934899330139e-02,2.201332710683345795e-02,1.787668839097023010e-02,2.283830568194389343e-02,1.012572180479764938e-02,5.476822145283222198e-03,9.893545880913734436e-03,4.401288926601409912e-03,3.377403365448117256e-03,5.292663816362619400e-03,7.152772042900323868e-03,2.750490093603730202e-03,4.055893979966640472e-03,3.783630905672907829e-03,3.076048102229833603e-03,3.409630618989467621e-03,5.357824731618165970e-03,2.572686877101659775e-03,2.033202443271875381e-03,4.205879289656877518e-03,2.349998801946640015e-03,1.730948686599731445e-03,2.866854658350348473e-03,4.831468686461448669e-03,1.681729219853878021e-03,1.378176151774823666e-03,5.265967454761266708e-03,3.180845873430371284e-03,6.895715836435556412e-03,2.735211746767163277e-03,1.901117269881069660e-03,2.101960126310586929e-03,3.296902170404791832e-03,4.602536559104919434e-03,1.733966171741485596e-03,4.862883593887090683e-03,2.377273049205541611e-03,2.736848313361406326e-03,6.402347236871719360e-03,3.254274139180779457e-03,5.872421432286500931e-03
5.886741448193788528e-03,7.774118799716234207e-03,8.314339444041252136e-03,1.272418163716793060e-02,5.914723500609397888e-03,4.609902855008840561e-03,1.607545092701911926e-02,9.223377332091331482e-03,4.990405868738889694e-03,2.204581201076507568e-01,2.245818972587585449e-01,1.374513208866119385e-01,5.393955507315695286e-04,1.164196804165840149e-01,3.800925239920616150e-02,1.264874935150146484e-01,9.119955822825431824e-03,4.223722219467163086e-02,1.884129084646701813e-02,1.749863475561141968e-02,1.260643452405929565e-02,1.343589462339878082e-02,4.516769200563430786e-02,4.023437388241291046e-03,1.625389233231544495e-02,5.215279292315244675e-03,7.240043021738529205e-03,5.880831740796566010e-03,6.138985045254230499e-03,3.225818742066621780e-03,2.336223609745502472e-03,9.472993202507495880e-03,3.036903915926814079e-03,1.029292936436831951e-03,2.502680988982319832e-03,2.660229336470365524e-03,1.773905591107904911e-03,4.264956805855035782e-03,1.788134104572236538e-03,1.331884413957595825e-03,1.372632803395390511e-03,1.478800317272543907e-03,1.374420942738652229e-03,2.745566423982381821e-03,2.227960387244820595e-03,2.384490100666880608e-03,2.429578918963670731e-03,1.903202268294990063e-03,1.600869814865291119e-03,2.888653893023729324e-03,3.294040681794285774e-03,2.242540474981069565e-03,2.601222367957234383e-03,4.767994396388530731e-03,9.666312485933303833e-03,4.846350289881229401e-03,5.117461550980806351e-03,3.411522367969155312e-03,6.656361743807792664e-03
6.911868229508399963e-03,3.604816971346735954e-03,5.028413608670234680e-03,1.773148961365222931e-02,5.738269537687301636e-03,5.381059367209672928e-03,6.777979433536529541e-03,7.263022009283304214e-03,5.138740874826908112e-03,1.376774162054061890e-02,1.930877566337585449e-02,1.018241886049509048e-02,1.164196804165840149e-01,1.512077869847416878e-03,5.202618893235921860e-03,4.638366773724555969e-02,2.216622605919837952e-02,1.132976729422807693e-02,2.679720893502235413e-02,1.183638814836740494e-02,2.040495164692401886e-02,1.333919260650873184e-02,2.426160499453544617e-02,1.709791086614131927e-02,2.046678587794303894e-02,1.946392655372619629e-02,9.001510217785835266e-03,8.325938135385513306e-03,1.279341615736484528e-02,8.219541981816291809e-03,9.793858975172042847e-03,9.473556652665138245e-03,8.438346907496452332e-03,4.197533242404460907e-03,5.350988358259201050e-03,3.814079100266098976e-03,4.362881183624267578e-03,4.279884509742259979e-03,3.416989929974079132e-03,1.734265708364546299e-03,3.890645923092961311e-03,4.297396168112754822e-03,1.590215717442333698e-03,2.928400645032525063e-03,5.659304093569517136e-03,3.707987489178776741e-03,2.678987104445695877e-03,2.364018931984901428e-03,2.166000194847583771e-03,2.408532658591866493e-03,2.426081802695989609e-03,3.285089973360300064e-03,3.457390237599611282e-03,2.527515403926372528e-03,2.080325037240982056e-03,1.640632865019142628e-03,3.964139148592948914e-03,4.639334976673126221e-03,4.122975748032331467e-03
4.198490176349878311e-03,2.537953667342662811e-03,4.597569350153207779e-03,1.131435669958591461e-02,3.755979239940643311e-03,8.828762918710708618e-03,3.190909978002309799e-03,3.091299207881093025e-03,5.999516695737838745e-02,3.826228901743888855e-02,3.167450055480003357e-02,7.359360158443450928e-02,3.800925239920616150e-02,5.202618893235921860e-03,3.005117177963256836e-02,1.140729431062936783e-02,1.039205417037010193e-01,3.212261479347944260e-03,5.003561731427907944e-03,1.161703094840049744e-01,3.454577550292015076e-02,2.513197623193264008e-02,4.261874780058860779e-02,7.235711906105279922e-03,1.054979208856821060e-02,6.567533593624830246e-03,3.423260059207677841e-03,1.374107971787452698e-02,2.357170917093753815e-02,3.562718862667679787e-03,9.750242345035076141e-03,3.916929010301828384e-03,2.668856410309672356e-03,5.306652281433343887e-03,3.259652061387896538e-03,2.013706602156162262e-03,2.102823462337255478e-03,1.076798606663942337e-02,1.865045982412993908e-03,9.772442281246185303e-04,4.410779103636741638e-03,7.368413265794515610e-03,1.723201829008758068e-03,2.180268988013267517e-03,1.000238303095102310e-02,3.167165210470557213e-03,6.115148775279521942e-03,1.784917199984192848e-03,2.009680261835455894e-03,1.380373025313019753e-03,2.956337993964552879e-03,6.303623318672180176e-03,1.710953889414668083e-03,2.527577802538871765e-03,2.562966663390398026e-03,2.174683846533298492e-03,4.352475050836801529e-03,3.556398442015051842e-03,2.879867563024163246e-03
4.118668846786022186e-03,3.762767417356371880e-03,2.917313948273658752e-03,2.180882031098008156e-03,1.843124278821051121e-03,3.206214867532253265e-03,3.159046173095703125e-03,5.642745643854141235e-03,9.642587043344974518e-03,4.861766472458839417e-03,1.420019473880529404e-02,4.165463522076606750e-02,1.264874935150146484e-01,4.638366773724555969e-02,1.140729431062936783e-02,9.649277199059724808e-04,5.488186143338680267e-03,9.105162620544433594e-01,1.615289896726608276e-01,1.337397843599319458e-02,1.139975860714912415e-01,2.478337474167346954e-02,8.431088179349899292e-03,4.832372367382049561e-01,1.041446551680564880e-01,7.394957542419433594e-02,2.501547150313854218e-02,8.300668559968471527e-03,1.116029359400272369e-02,5.942460615187883377e-03,3.141660476103425026e-03,8.324473164975643158e-03,1.025371626019477844e-02,3.487921087071299553e-03,2.734069712460041046e-03,1.791398506611585617e-03,3.049733582884073257e-03,1.228695269674062729e-03,2.718846080824732780e-03,1.174352946691215038e-03,1.413015066646039486e-03,2.486990997567772865e-03,3.788371803238987923e-03,3.253270639106631279e-03,2.395279007032513618e-03,2.526526339352130890e-03,1.547329011373221874e-03,2.488000085577368736e-03,1.403178903274238110e-03,1.631891354918479919e-03,1.440616324543952942e-03,1.399758271872997284e-03,7.742886082269251347e-04,2.253729384392499924e-03,2.159418538212776184e-03,3.339456161484122276e-03,3.976447042077779770e-03,1.477986574172973633e-03,2.911438932642340660e-03
3.395739244297146797e-03,2.551776589825749397e-03,3.727436298504471779e-03,2.577549079433083534e-03,3.763466142117977142e-03,6.014632526785135269e-03,3.601492615416646004e-03,3.602683544158935547e-03,2.856631949543952942e-02,3.256634622812271118e-02,1.212166529148817062e-02,4.220325499773025513e-02,9.119955822825431824e-03,2.216622605919837952e-02,1.039205417037010193e-01,5.488186143338680267e-03,3.295052051544189453e-02,1.972645521163940430e-03,2.523293532431125641e-02,2.795575931668281555e-02,3.277707844972610474e-02,7.147929072380065918e-02,2.620894275605678558e-02,1.685785502195358276e-02,5.343182757496833801e-02,7.957857102155685425e-03,9.977727197110652924e-03,1.046773325651884079e-02,5.091446638107299805e-02,4.928828217089176178e-03,6.519728805869817734e-03,3.764287335798144341e-03,4.725984297692775726e-03,5.027593113481998444e-03,5.044303368777036667e-03,2.209107624366879463e-03,2.172204898670315742e-03,5.788226146250963211e-03,1.797869219444692135e-03,1.459345337934792042e-03,4.117053467780351639e-03,5.495802033692598343e-03,1.378161017782986164e-03,1.164518878795206547e-03,5.677227862179279327e-03,3.566678613424301147e-03,4.493302665650844574e-03,3.414754755795001984e-03,2.352872397750616074e-03,1.322875032201409340e-03,2.749923849478363991e-03,5.556102376431226730e-03,1.439140294678509235e-03,5.289401393383741379e-03,2.247538184747099876e-03,2.942931372672319412e-03,5.281308665871620178e-03,4.728140309453010559e-03,3.405998460948467255e-03
3.620880190283060074e-03,4.470851738005876541e-03,3.684254130348563194e-03,3.479847451671957970e-03,2.748331520706415176e-03,5.318881478160619736e-03,3.710535587742924690e-03,2.244428498670458794e-03,1.117837894707918167e-02,2.864975482225418091e-03,1.433191075921058655e-02,2.477311901748180389e-02,4.223722219467163086e-02,1.132976729422807693e-02,3.212261479347944260e-03,9.105162620544433594e-01,1.972645521163940430e-03,2.904991386458277702e-03,9.965974837541580200e-02,2.983232401311397552e-02,1.037676036357879639e-01,5.962673574686050415e-02,5.980624817311763763e-03,1.294760406017303467e-01,7.283074408769607544e-02,7.537154108285903931e-02,1.685592681169509888e-01,4.800674691796302795e-02,4.114720597863197327e-02,2.082246728241443634e-02,9.456274099647998810e-03,5.441463086754083633e-03,9.945101104676723480e-03,3.235543612390756607e-03,3.621800802648067474e-03,2.173995599150657654e-03,1.577786519192159176e-03,3.535321913659572601e-03,1.680250512436032295e-03,1.227781060151755810e-03,3.229856956750154495e-03,1.602880773134529591e-03,1.048478181473910809e-03,1.737518818117678165e-03,2.816935768350958824e-03,2.034961245954036713e-03,1.972074853256344795e-03,1.294893911108374596e-03,1.067058765329420567e-03,1.830740482546389103e-03,1.172017306089401245e-03,1.564586302265524864e-03,1.938476343639194965e-03,2.527995267882943153e-03,3.756482619792222977e-03,1.055771717801690102e-03,3.085456090047955513e-03,2.611729316413402557e-03,1.522375270724296570e-03
3.738633356988430023e-03,3.257452743127942085e-03,2.910023322328925133e-03,2.553036669269204140e-03,2.233490813523530960e-03,4.541289526969194412e-03,1.348915742710232735e-03,1.521605649031698704e-03,9.095667861402034760e-03,1.015910785645246506e-02,1.840244792401790619e-02,3.356787934899330139e-02,1.884129084646701813e-02,2.679720893502235413e-02,5.003561731427907944e-03,1.615289896726608276e-01,2.523293532431125641e-02,9.965974837541580200e-02,1.500713406130671501e-03,7.665263116359710693e-02,8.644453287124633789e-01,2.829549647867679596e-02,2.765866927802562714e-02,4.167043417692184448e-02,1.134331431239843369e-02,3.273484483361244202e-02,8.969968557357788086e-02,2.523988485336303711e-02,3.106164373457431793e-02,2.088834159076213837e-02,1.668577198870480061e-03,1.411966606974601746e-02,6.803416181355714798e-03,9.546540677547454834e-03,3.096838481724262238e-03,3.955119755119085312e-03,5.793813150376081467e-03,2.923798747360706329e-03,2.323959488421678543e-03,2.166286576539278030e-03,3.624549834057688713e-03,2.377270953729748726e-03,1.171158510260283947e-03,4.795785993337631226e-03,3.536937991157174110e-03,2.146118786185979843e-03,1.611862913705408573e-03,2.490950981155037880e-03,1.841522054746747017e-03,1.812249072827398777e-03,1.064521376974880695e-03,1.947736600413918495e-03,9.229616844095289707e-04,1.697457977570593357e-03,1.407377771101891994e-03,1.620125491172075272e-03,1.921477378346025944e-03,1.602107309736311436e-03,1.151999691501259804e-03
3.581396769732236862e-03,2.049740636721253395e-03,2.284170826897025108e-03,2.010851167142391205e-03,1.233431394211947918e-03,9.167439304292201996e-03,3.883393481373786926e-03,2.847838448360562325e-03,3.827545046806335449e-02,1.358803454786539078e-02,8.683494292199611664e-03,2.201332710683345795e-02,1.749863475561141968e-02,1.183638814836740494e-02,1.161703094840049744e-01,1.337397843599319458e-02,2.795575931668281555e-02,2.983232401311397552e-02,7.665263116359710693e-02,6.533276289701461792e-03,5.779157578945159912e-02,5.698179453611373901e-02,3.065090067684650421e-02,1.706786081194877625e-02,5.658472701907157898e-02,9.276094846427440643e-03,3.927625343203544617e-02,2.780742011964321136e-02,8.111502230167388916e-02,1.248704735189676285e-02,6.418109405785799026e-03,2.534877276048064232e-03,7.776429411023855209e-03,4.870159551501274109e-03,3.200381994247436523e-03,2.106728497892618179e-03,2.141428645700216293e-03,6.031898781657218933e-03,1.634572283364832401e-03,1.279407413676381111e-03,3.240001620724797249e-03,3.607860067859292030e-03,1.331945182755589485e-03,1.063252449966967106e-03,5.183136090636253357e-03,2.689478686079382896e-03,4.420866724103689194e-03,2.451498759910464287e-03,1.577446935698390007e-03,1.558297895826399326e-03,2.026134403422474861e-03,3.602216253057122231e-03,1.222698483616113663e-03,4.436687566339969635e-03,2.289371099323034286e-03,2.184924436733126640e-03,4.819856025278568268e-03,3.084876807406544685e-03,2.671331167221069336e-03
1.918658381327986717e-03,1.621431671082973480e-03,1.909525017254054546e-03,2.433364279568195343e-03,1.417156308889389038e-03,4.082815721631050110e-03,3.050858853384852409e-03,3.613600274547934532e-03,1.859711296856403351e-02,1.383874099701642990e-02,4.868754651397466660e-03,1.787668839097023010e-02,1.260643452405929565e-02,2.040495164692401886e-02,3.454577550292015076e-02,1.139975860714912415e-01,3.277707844972610474e-02,1.037676036357879639e-01,8.644453287124633789e-01,5.779157578945159912e-02,1.509648188948631287e-02,2.587712183594703674e-02,5.212661251425743103e-02,4.040139727294445038e-03,1.069540716707706451e-02,4.180348012596368790e-03,3.174593299627304077e-02,3.321662545204162598e-02,1.544836610555648804e-01,1.220172271132469177e-02,4.408329725265502930e-03,1.688821241259574890e-02,1.191968284547328949e-02,6.848108954727649689e-03,3.070566570386290550e-03,1.663141069002449512e-03,2.361691091209650040e-03,3.881772747263312340e-03,1.911783008836209774e-03,1.867062877863645554e-03,3.171423682942986488e-03,2.630137605592608452e-03,2.127155428752303123e-03,8.427434950135648251e-04,3.621823154389858246e-03,2.490010578185319901e-03,2.755080815404653549e-03,2.412848873063921928e-03,1.714572310447692871e-03,1.289668492972850800e-03,2.237379318103194237e-03,2.897625090554356575e-03,1.835552509874105453e-03,2.087786328047513962e-03,1.580607262440025806e-03,1.211913418956100941e-03,3.054090542718768120e-03,2.284326357766985893e-03,2.357913646847009659e-03
2.624782966449856758e-03,1.740024192258715630e-03,2.020632615312933922e-03,2.551506971940398216e-03,1.638846122659742832e-03,7.342868018895387650e-03,1.887787715531885624e-03,2.884906716644763947e-03,1.694270409643650055e-02,1.012087240815162659e-02,1.550311688333749771e-02,2.283830568194389343e-02,1.343589462339878082e-02,1.333919260650873184e-02,2.513197623193264008e-02,2.478337474167346954e-02,7.147929072380065918e-02,5.962673574686050415e-02,2.829549647867679596e-02,5.698179453611373901e-02,2.587712183594703674e-02,4.308850690722465515e-02,5.717642605304718018e-02,1.628885604441165924e-02,2.475734055042266846e-02,1.518184598535299301e-02,6.680680811405181885e-02,5.760298296809196472e-02,2.327042371034622192e-01,2.341976016759872437e-02,6.375252734869718552e-03,6.544465199112892151e-03,1.849766634404659271e-02,4.606497008353471756e-03,3.755927551537752151e-03,1.520193531177937984e-03,1.426452770829200745e-03,2.093808492645621300e-03,1.898669637739658356e-03,9.744025301188230515e-04,2.064749831333756447e-03,3.814760595560073853e-03,1.209991285577416420e-03,1.088582444936037064e-03,3.966551739722490311e-03,3.390619298443198204e-03,3.645602148026227951e-03,3.544899402186274529e-03,1.671305508352816105e-03,1.157839782536029816e-03,1.993759768083691597e-03,3.200077917426824570e-03,1.145842368714511395e-03,2.614277182146906853e-03,2.003762405365705490e-03,1.518871053121984005e-03,3.562141908332705498e-03,1.991279190406203270e-03,2.707634819671511650e-03
1.760827493853867054e-03,1.539185876026749611e-03,1.238334923982620239e-03,1.504547428339719772e-03,2.824245253577828407e-03,5.658032838255167007e-03,3.067756537348031998e-03,2.385532483458518982e-03,3.087278455495834351e-03,1.301449257880449295e-02,1.164208166301250458e-02,1.012572180479764938e-02,4.516769200563430786e-02,2.426160499453544617e-02,4.261874780058860779e-02,8.431088179349899292e-03,2.620894275605678558e-02,5.980624817311763763e-03,2.765866927802562714e-02,3.065090067684650421e-02,5.212661251425743103e-02,5.717642605304718018e-02,4.894199315458536148e-03,3.692704020068049431e-03,2.125227600336074829e-01,3.526588901877403259e-03,3.317837789654731750e-02,4.046132043004035950e-02,9.353114664554595947e-02,3.413368389010429382e-02,9.337801486253738403e-02,2.181996405124664307e-02,2.243670076131820679e-02,1.395557355135679245e-02,4.045148845762014389e-03,1.932367566041648388e-03,3.309498773887753487e-03,6.398699246346950531e-03,2.351876581087708473e-03,1.037235837429761887e-03,5.851780064404010773e-03,6.368945818394422531e-03,1.693961210548877716e-03,3.461534390226006508e-03,4.887425340712070465e-03,2.509839599952101707e-03,2.640647813677787781e-03,2.269236603751778603e-03,1.575087662786245346e-03,2.036349382251501083e-03,2.186101395636796951e-03,3.238535951822996140e-03,1.238160300999879837e-03,2.832788275554776192e-03,2.510869875550270081e-03,1.553647918626666069e-03,2.686413470655679703e-03,2.576530678197741508e-03,1.156613929197192192e-03
3.288676729425787926e-03,2.349192975088953972e-03,2.190138911828398705e-03,2.322950400412082672e-03,2.164129400625824928e-03,6.225468590855598450e-03,2.941645914688706398e-03,3.883118741214275360e-03,2.711682114750146866e-03,4.805582109838724136e-03,2.825780538842082024e-03,5.476822145283222198e-03,4.023437388241291046e-03,1.709791086614131927e-02,7.235711906105279922e-03,4.832372367382049561e-01,1.685785502195358276e-02,1.294760406017303467e-01,4.167043417692184448e-02,1.706786081194877625e-02,4.040139727294445038e-03,1.628885604441165924e-02,3.692704020068049431e-03,5.173939280211925507e-03,5.129942297935485840e-02,4.840565919876098633e-01,7.732310891151428223e-01,8.455371111631393433e-02,2.154364064335823059e-02,1.950427517294883728e-02,5.312275607138872147e-03,3.013744577765464783e-02,5.053906887769699097e-02,1.521747675724327564e-03,2.532864687964320183e-03,4.390322603285312653e-03,2.505390439182519913e-03,2.182883676141500473e-03,1.453844713978469372e-03,1.922051771543920040e-03,1.801158185116946697e-03,2.129582921043038368e-03,2.078049583360552788e-03,1.525288796983659267e-03,4.128255415707826614e-03,4.684487357735633850e-03,1.672488986514508724e-03,2.840763889253139496e-03,2.940050791949033737e-03,2.242377260699868202e-03,1.618890441022813320e-03,1.897150184959173203e-03,1.863867626525461674e-03,3.478690050542354584e-03,3.033713437616825104e-03,3.193859709426760674e-03,3.493325086310505867e-03,1.642011920921504498e-03,3.606542246416211128e-03
2.478067530319094658e-03,2.963025821372866631e-03,2.780853770673274994e-03,2.673322567716240883e-03,2.600718988105654716e-03,5.195067729800939560e-03,6.665839347988367081e-03,3.834198927506804466e-03,5.367464385926723480e-03,8.497644215822219849e-03,8.053431287407875061e-03,9.893545880913734436e-03,1.625389233231544495e-02,2.046678587794303894e-02,1.054979208856821060e-02,1.041446551680564880e-01,5.343182757496833801e-02,7.283074408769607544e-02,1.134331431239843369e-02,5.658472701907157898e-02,1.069540716707706451e-02,2.475734055042266846e-02,2.125227600336074829e-01,5.129942297935485840e-02,9.182714857161045074e-03,1.756285876035690308e-02,1.626753807067871094e-02,9.457886219024658203e-02,2.208040468394756317e-02,4.365820065140724182e-02,8.709922432899475098e-03,7.230924908071756363e-03,3.015680238604545593e-02,2.762262942269444466e-03,3.904782701283693314e-03,2.270040102303028107e-03,2.341142389923334122e-03,9.554123971611261368e-04,2.468326827511191368e-03,1.995590049773454666e-03,1.788364024832844734e-03,2.392501337453722954e-03,1.465018605813384056e-03,1.535545219667255878e-03,4.149724263697862625e-03,3.160026855766773224e-03,1.962969778105616570e-03,2.884742105379700661e-03,1.922764582559466362e-03,2.969822147861123085e-03,2.225474920123815536e-03,2.753204200416803360e-03,1.058903289958834648e-03,3.897248534485697746e-03,3.065035212785005569e-03,1.835858332924544811e-03,2.843211172148585320e-03,2.082772552967071533e-03,3.447807393968105316e-03
4.645354580134153366e-03,7.193746976554393768e-03,3.550301771610975266e-03,2.117227995768189430e-03,4.449936095625162125e-03,1.252235192805528641e-02,2.070151641964912415e-02,4.504822660237550735e-03,3.811507252976298332e-03,7.072874344885349274e-03,2.441359451040625572e-03,4.401288926601409912e-03,5.215279292315244675e-03,1.946392655372619629e-02,6.567533593624830246e-03,7.394957542419433594e-02,7.957857102155685425e-03,7.537154108285903931e-02,3.273484483361244202e-02,9.276094846427440643e-03,4.180348012596368790e-03,1.518184598535299301e-02,3.526588901877403259e-03,4.840565919876098633e-01,1.756285876035690308e-02,1.208172179758548737e-03,1.359523832798004150e-01,4.548957198858261108e-02,2.553773578256368637e-03,7.173120230436325073e-02,1.112175057642161846e-03,1.565914973616600037e-02,7.451360672712326050e-02,3.115959232673048973e-03,3.364741103723645210e-03,7.044503465294837952e-03,2.682080958038568497e-03,1.228623907081782818e-03,1.834005117416381836e-03,3.532539121806621552e-03,9.964045602828264236e-04,1.955273328348994255e-03,4.033428151160478592e-03,2.786065684631466866e-03,2.868040697649121284e-03,4.400568082928657532e-03,1.705994596704840660e-03,4.237219225615262985e-03,2.512426348403096199e-03,5.572947207838296890e-03,3.720686770975589752e-03,2.654856769368052483e-03,2.551419660449028015e-03,4.025929607450962067e-03,7.994674146175384521e-03,4.382005892693996429e-03,4.066372290253639221e-03,3.416775725781917572e-03,6.968782749027013779e-03
3.084593918174505234e-03,2.505528740584850311e-03,2.685196464881300926e-03,1.204240485094487667e-03,1.636994187720119953e-03,2.332675503566861153e-03,1.501363818533718586e-03,4.037906881421804428e-03,2.310835989192128181e-03,3.623132826760411263e-03,4.691752139478921890e-03,3.377403365448117256e-03,7.240043021738529205e-03,9.001510217785835266e-03,3.423260059207677841e-03,2.501547150313854218e-02,9.977727197110652924e-03,1.685592681169509888e-01,8.969968557357788086e-02,3.927625343203544617e-02,3.174593299627304077e-02,6.680680811405181885e-02,3.317837789654731750e-02,7.732310891151428223e-01,1.626753807067871094e-02,1.359523832798004150e-01,4.880357300862669945e-04,1.136549860239028931e-01,8.836586028337478638e-03,3.039900064468383789e-01,1.041722670197486877e-02,1.479976475238800049e-01,8.133522272109985352e-01,3.594743087887763977e-03,3.551024012267589569e-03,5.685836542397737503e-03,5.925145931541919708e-03,1.629467122256755829e-03,1.999965170398354530e-03,2.694110386073589325e-03,1.170721254311501980e-03,1.052892534062266350e-03,2.012234413996338844e-03,2.121594734489917755e-03,1.541852718219161034e-03,2.090757014229893684e-03,9.465236216783523560e-04,2.563654212281107903e-03,1.730860443785786629e-03,1.461324165575206280e-03,1.641815761104226112e-03,1.014421693980693817e-03,9.302168036811053753e-04,2.297363011166453362e-03,2.932272385805845261e-03,3.755924059078097343e-03,1.514750998467206955e-03,2.263545524328947067e-03,2.565838862210512161e-03
