2.161546424031257629e-02,2.418453693389892578e-01,2.792762219905853271e-02,4.265078529715538025e-02,2.706499993801116943e-01,1.671567931771278381e-02,1.174932718276977539e-01,5.491016432642936707e-02,3.116125985980033875e-02,9.250822477042675018e-03,9.920804761350154877e-03,8.146175183355808258e-03,5.443540867418050766e-03,8.497829549014568329e-03,6.076796445995569229e-03,4.231717903167009354e-03,3.284462261945009232e-03,5.938113201409578323e-03,2.941622165963053703e-03,3.408650634810328484e-03,4.190228879451751709e-03,3.190342569723725319e-03,1.198380603455007076e-03,3.749042982235550880e-03,5.040064454078674316e-03,8.480053395032882690e-03,5.038118455559015274e-03,5.485967267304658890e-03,4.195062909275293350e-03,4.047908354550600052e-03,3.287228057160973549e-03,5.216330755501985550e-03,4.345075692981481552e-03,1.561925513669848442e-03,4.776777233928442001e-03,4.383595660328865051e-03,4.141050856560468674e-03,2.207838231697678566e-03,2.167453756555914879e-03,5.804537795484066010e-03,3.583140904083848000e-03,1.520332531072199345e-03,3.608451690524816513e-03,6.187252234667539597e-03,2.617966150864958763e-03,3.123508999124169350e-03,2.350452821701765060e-03,4.287674557417631149e-03,5.178862717002630234e-03,1.032690983265638351e-02,5.422307178378105164e-03,3.186993068084120750e-03,3.397992812097072601e-03,5.783546715974807739e-03,4.917897284030914307e-03,1.138326060026884079e-02,5.123580340296030045e-03,3.381513291969895363e-03,4.085956141352653503e-03
2.418453693389892578e-01,1.218989491462707520e-02,3.807410895824432373e-01,7.324865460395812988e-02,2.473520338535308838e-01,1.651646941900253296e-02,3.945273160934448242e-02,1.727543324232101440e-01,2.700971439480781555e-02,9.774244390428066254e-03,4.135827347636222839e-02,4.301325883716344833e-03,9.402683936059474945e-03,7.851073518395423889e-03,3.494414035230875015e-03,5.471007432788610458e-03,2.450489206239581108e-03,7.294894196093082428e-03,4.061720799654722214e-03,2.035482320934534073e-03,2.081178594380617142e-03,1.397650223225355148e-03,1.844446640461683273e-03,3.298986703157424927e-03,2.719740848988294601e-03,4.734676796942949295e-03,4.424522165209054947e-03,3.361461451277136803e-03,1.414436032064259052e-03,3.877558279782533646e-03,6.857737898826599121e-03,2.569250995293259621e-03,4.100866150110960007e-03,2.077471232041716576e-03,3.352639032527804375e-03,7.374714128673076630e-03,1.034284383058547974e-02,2.718460746109485626e-03,4.074444528669118881e-03,3.824439831078052521e-03,3.552733687683939934e-03,1.471239258535206318e-03,2.469228813424706459e-03,6.310921628028154373e-03,4.334260709583759308e-03,3.968581091612577438e-03,2.432800596579909325e-03,3.484785323962569237e-03,4.186209756880998611e-03,5.353785585612058640e-03,3.832734655588865280e-03,2.163011347874999046e-03,2.482594223693013191e-03,4.682747181504964828e-03,3.642679890617728233e-03,1.098913978785276413e-02,3.346598008647561073e-03,3.339124843478202820e-03,1.847354881465435028e-02
2.792762219905853271e-02,3.807410895824432373e-01,2.243060618638992310e-02,5.035192519426345825e-02,6.663895845413208008e-01,4.869319126009941101e-02,6.024751812219619751e-02,3.393788263201713562e-02,3.336931020021438599e-02,4.103162791579961777e-03,2.576212771236896515e-02,1.203526463359594345e-02,7.937881164252758026e-03,8.145486004650592804e-03,5.949808750301599503e-03,4.928535781800746918e-03,3.301282878965139389e-03,7.658265065401792526e-03,4.714118782430887222e-03,2.980060409754514694e-03,2.970833331346511841e-03,2.767381258308887482e-03,1.648244331590831280e-03,2.780545502901077271e-03,4.417352844029664993e-03,7.147351745516061783e-03,2.155724912881851196e-03,3.767243819311261177e-03,2.632424933835864067e-03,3.620823379606008530e-03,1.378008164465427399e-03,3.323487238958477974e-03,2.553330501541495323e-03,1.841125194914638996e-03,2.529214601963758469e-03,5.215465091168880463e-03,3.999087028205394745e-03,2.413127804175019264e-03,2.412890316918492317e-03,7.503763306885957718e-03,3.427572082728147507e-03,1.770906499586999416e-03,4.826495889574289322e-03,9.101605042815208435e-03,3.468103706836700439e-03,5.003540311008691788e-03,1.528301159851253033e-03,2.939973725005984306e-03,6.721896585077047348e-03,6.074967794120311737e-03,4.804455675184726715e-03,1.987333409488201141e-03,3.376150270923972130e-03,5.413496866822242737e-03,8.282157592475414276e-03,8.294072933495044708e-03,5.475445650517940521e-03,2.233043545857071877e-03,7.154058665037155151e-03
4.265078529715538025e-02,7.324865460395812988e-02,5.035192519426345825e-02,9.197182953357696533e-03,8.012949228286743164e-01,4.199156910181045532e-02,3.964372351765632629e-02,9.889962673187255859e-01,5.217610001564025879e-01,1.339481491595506668e-02,2.214202731847763062e-01,2.394062094390392303e-02,6.009796168655157089e-03,1.793312653899192810e-02,1.794512197375297546e-02,2.930816030129790306e-03,3.414769424125552177e-03,5.205709487199783325e-03,6.272369064390659332e-03,3.743189852684736252e-03,3.829751862213015556e-03,2.824480412527918816e-03,2.197681693360209465e-03,3.392255399376153946e-03,4.574039950966835022e-03,2.351864241063594818e-03,1.500082667917013168e-03,3.100575180724263191e-03,2.558968961238861084e-03,1.426266739144921303e-03,8.322951616719365120e-04,1.394677208736538887e-03,1.945150434039533138e-03,1.871318905614316463e-03,4.310496617108583450e-03,2.553162630647420883e-03,1.498163328506052494e-03,1.988094998523592949e-03,1.060030190274119377e-03,2.874257741495966911e-03,2.754792571067810059e-03,1.725248177535831928e-03,3.086126409471035004e-03,1.814113231375813484e-03,4.043608438223600388e-03,4.730654414743185043e-03,1.938276109285652637e-03,1.620315946638584137e-03,1.233190647326409817e-03,1.493489136919379234e-03,5.363519769161939621e-03,2.122051082551479340e-03,2.514770952984690666e-03,6.331933662295341492e-03,2.906590001657605171e-03,3.996265586465597153e-03,6.581797730177640915e-03,1.715734018944203854e-03,5.305623169988393784e-03
2.706499993801116943e-01,2.473520338535308838e-01,6.663895845413208008e-01,8.012949228286743164e-01,7.237966172397136688e-03,5.087019875645637512e-02,9.446035027503967285e-01,9.159840941429138184e-01,4.844870418310165405e-02,9.569151327013969421e-03,6.361367553472518921e-02,6.814840715378522873e-03,4.263146780431270599e-03,1.032532099634408951e-02,3.852313617244362831e-03,2.008508192375302315e-03,2.295741811394691467e-03,5.399816669523715973e-03,5.259842146188020706e-03,2.026341622695326805e-03,1.582753378897905350e-03,1.657228567637503147e-03,1.834631082601845264e-03,3.097518347203731537e-03,3.807146567851305008e-03,3.084878204390406609e-03,2.293738536536693573e-03,2.397125354036688805e-03,1.841033110395073891e-03,2.114283386617898941e-03,1.387614523991942406e-03,1.759181381203234196e-03,2.554253442212939262e-03,1.567505882121622562e-03,2.421076176688075066e-03,2.905461238697171211e-03,3.209181828424334526e-03,1.982526388019323349e-03,2.252758014947175980e-03,4.701312165707349777e-03,1.721164793707430363e-03,9.267436689697206020e-04,2.799855079501867294e-03,1.974712824448943138e-03,1.792561146430671215e-03,3.224811749532818794e-03,1.597370835952460766e-03,1.835137605667114258e-03,2.144735539332032204e-03,1.858483417890965939e-03,4.062407650053501129e-03,1.947978627867996693e-03,4.727837163954973221e-03,4.617862869054079056e-03,2.689193468540906906e-03,3.682822687551379204e-03,4.097603261470794678e-03,2.678689081221818924e-03,4.648640751838684082e-03
1.671567931771278381e-02,1.651646941900253296e-02,4.869319126009941101e-02,4.199156910181045532e-02,5.087019875645637512e-02,8.272286504507064819e-02,8.309312909841537476e-02,3.246596083045005798e-02,4.773765802383422852e-02,1.666466332972049713e-02,7.262232154607772827e-02,6.063933484256267548e-03,4.291181918233633041e-03,1.151012443006038666e-02,1.869828253984451294e-02,7.784288376569747925e-03,9.347612038254737854e-03,1.088483259081840515e-02,6.273810751736164093e-03,6.352442782372236252e-03,3.749762894585728645e-03,5.609682761132717133e-03,2.293689409270882607e-03,4.779679700732231140e-03,5.574554204940795898e-03,5.938411224633455276e-03,2.290715696290135384e-03,3.571324981749057770e-03,3.550602123141288757e-03,3.122054506093263626e-03,1.834568218328058720e-03,2.976743038743734360e-03,2.326101996004581451e-03,1.367111457511782646e-03,3.268682630732655525e-03,2.737681614235043526e-03,3.856609109789133072e-03,2.457008929923176765e-03,2.601440064609050751e-03,3.935117740184068680e-03,3.197322832420468330e-03,1.983310561627149582e-03,2.605337649583816528e-03,2.540041692554950714e-03,2.682721475139260292e-03,3.704485483467578888e-03,2.120855962857604027e-03,3.334437031298875809e-03,3.820859361439943314e-03,7.175557315349578857e-03,6.435757502913475037e-03,3.453188808634877205e-03,3.071244107559323311e-03,1.159231178462505341e-02,3.134232480078935623e-03,9.760288521647453308e-03,1.295100059360265732e-02,3.503455314785242081e-03,5.828148685395717621e-03
1.174932718276977539e-01,3.945273160934448242e-02,6.024751812219619751e-02,3.964372351765632629e-02,9.446035027503967285e-01,8.309312909841537476e-02,5.434422753751277924e-03,3.354996442794799805e-01,5.766332522034645081e-02,4.025418683886528015e-02,2.384347282350063324e-02,4.470580257475376129e-03,1.647414639592170715e-02,1.076736673712730408e-02,4.123400431126356125e-03,6.252756807953119278e-03,2.299224259331822395e-03,9.371579624712467194e-03,4.125306382775306702e-03,3.156895050778985023e-03,5.563178565353155136e-03,2.150882733985781670e-03,1.802921062335371971e-03,2.311764983460307121e-03,8.892049081623554230e-03,6.868404336273670197e-03,1.527206506580114365e-03,3.386469790711998940e-03,2.044679597020149231e-03,1.802661805413663387e-03,1.843245350755751133e-03,2.853692742064595222e-03,3.278027987107634544e-03,1.005292288027703762e-03,3.193349810317158699e-03,2.917251549661159515e-03,3.096754429861903191e-03,1.114177051931619644e-03,6.321276538074016571e-03,6.164845079183578491e-03,2.596762729808688164e-03,1.891288557089865208e-03,3.348726546391844749e-03,2.979060402140021324e-03,1.770131173543632030e-03,3.936508204787969589e-03,1.876300666481256485e-03,3.715290920808911324e-03,3.527554450556635857e-03,1.076842774637043476e-03,3.043105127289891243e-03,2.406871877610683441e-03,4.690828267484903336e-03,5.867020692676305771e-03,4.541619215160608292e-03,1.147877518087625504e-02,5.881160963326692581e-03,3.564037848263978958e-03,1.110396999865770340e-02
5.491016432642936707e-02,1.727543324232101440e-01,3.393788263201713562e-02,9.889962673187255859e-01,9.159840941429138184e-01,3.246596083045005798e-02,3.354996442794799805e-01,1.584861800074577332e-02,6.740968674421310425e-02,1.217890437692403793e-02,1.229686886072158813e-01,1.269046496599912643e-02,2.756092697381973267e-02,8.375311270356178284e-03,2.668776316568255424e-03,2.048923401162028313e-03,4.215656314045190811e-03,5.486984271556138992e-03,1.671461504884064198e-03,2.873526420444250107e-03,5.295111797749996185e-03,1.728022005409002304e-03,2.568903844803571701e-03,2.629288239404559135e-03,6.032979115843772888e-03,4.722722340375185013e-03,3.462016582489013672e-03,3.738745115697383881e-03,2.908675931394100189e-03,3.178435144945979118e-03,1.195225166156888008e-03,2.213628729805350304e-03,3.103779861703515053e-03,1.595929730683565140e-03,6.427237764000892639e-03,2.891719574108719826e-03,3.294219262897968292e-03,2.268133452162146568e-03,1.585336984135210514e-03,2.915702760219573975e-03,1.784175750799477100e-03,1.459790044464170933e-03,1.714444835670292377e-03,2.612095791846513748e-03,2.356452401727437973e-03,3.137932391837239265e-03,2.266108756884932518e-03,2.489732112735509872e-03,1.654806081205606461e-03,2.342480467632412910e-03,3.309583757072687149e-03,1.444548019208014011e-03,2.296744612976908684e-03,3.694432321935892105e-03,2.830361947417259216e-03,3.562832484021782875e-03,4.055658821016550064e-03,1.385353854857385159e-03,3.271326422691345215e-03
3.116125985980033875e-02,2.700971439480781555e-02,3.336931020021438599e-02,5.217610001564025879e-01,4.844870418310165405e-02,4.773765802383422852e-02,5.766332522034645081e-02,6.740968674421310425e-02,1.227106805890798569e-02,2.243483997881412506e-02,5.186706781387329102e-02,5.166338756680488586e-03,2.563601825386285782e-03,5.651654209941625595e-03,4.080516099929809570e-02,8.876274339854717255e-03,3.226828947663307190e-02,1.419472787529230118e-02,1.049868296831846237e-02,1.893375068902969360e-02,6.673174444586038589e-03,9.276730008423328400e-03,7.160089444369077682e-03,2.662164624780416489e-03,6.029994692653417587e-03,4.851674661040306091e-03,1.487685134634375572e-03,5.638421047478914261e-03,7.015537936240434647e-03,1.970106735825538635e-03,2.636634744703769684e-03,1.845300197601318359e-03,1.688977936282753944e-03,2.768696052953600883e-03,2.455979585647583008e-03,1.875173300504684448e-03,1.339734531939029694e-03,4.083890467882156372e-03,2.303388901054859161e-03,2.165439538657665253e-03,5.061998032033443451e-03,5.135930608958005905e-03,1.551548601128160954e-03,1.567150698974728584e-03,4.597903694957494736e-03,3.215901786461472511e-03,3.516223514452576637e-03,2.247142605483531952e-03,2.056158846244215965e-03,2.398378914222121239e-03,3.815672127529978752e-03,5.888698156923055649e-03,1.595467911101877689e-03,4.641163162887096405e-03,1.973243430256843567e-03,2.705777529627084732e-03,1.099658384919166565e-02,2.549496944993734360e-03,3.773716976866126060e-03
9.250822477042675018e-03,9.774244390428066254e-03,4.103162791579961777e-03,1.339481491595506668e-02,9.569151327013969421e-03,1.666466332972049713e-02,4.025418683886528015e-02,1.217890437692403793e-02,2.243483997881412506e-02,3.082332573831081390e-02,2.946391403675079346e-01,7.911219447851181030e-02,4.250174760818481445e-01,3.697229176759719849e-02,4.333225265145301819e-02,6.716849748045206070e-03,3.838261216878890991e-02,6.765792146325111389e-03,7.108722347766160965e-03,2.117126062512397766e-02,6.557200569659471512e-03,9.758555330336093903e-03,5.090767983347177505e-03,5.212838295847177505e-03,1.316885650157928467e-02,5.191586446017026901e-03,2.142951590940356255e-03,5.393226630985736847e-03,5.975385662168264389e-03,2.462357981130480766e-03,2.417482202872633934e-03,4.217025358229875565e-03,2.247436437755823135e-03,1.737585058435797691e-03,2.523263217881321907e-03,2.221406437456607819e-03,2.393316244706511497e-03,2.369771478697657585e-03,1.536610070616006851e-03,2.315584337338805199e-03,1.736358972266316414e-03,2.762988209724426270e-03,1.159294391982257366e-03,2.915941178798675537e-03,2.847705734893679619e-03,2.132316352799534798e-03,3.250241279602050781e-03,2.441200427711009979e-03,3.096779342740774155e-03,2.570462180301547050e-03,3.056482644751667976e-03,2.304707420989871025e-03,3.718365216627717018e-03,5.009212065488100052e-03,4.109357483685016632e-03,4.201713018119335175e-03,7.912117987871170044e-03,3.406644333153963089e-03,4.651406314224004745e-03
9.920804761350154877e-03,4.135827347636222839e-02,2.576212771236896515e-02,2.214202731847763062e-01,6.361367553472518921e-02,7.262232154607772827e-02,2.384347282350063324e-02,1.229686886072158813e-01,5.186706781387329102e-02,2.946391403675079346e-01,9.781478438526391983e-04,9.629976935684680939e-03,2.897714376449584961e-01,6.561275571584701538e-02,8.233154192566871643e-03,7.231802213937044144e-03,8.743975311517715454e-03,1.167274918407201767e-02,2.894517779350280762e-02,1.007837709039449692e-02,5.808917805552482605e-03,6.921885069459676743e-03,1.488458272069692612e-02,5.270335357636213303e-03,4.167316481471061707e-03,8.289375342428684235e-03,8.039844222366809845e-03,3.343100659549236298e-03,2.732673892751336098e-03,2.831659745424985886e-03,1.338955247774720192e-03,2.600042382255196571e-03,1.740334206260740757e-03,7.878210162743926048e-04,5.061566364020109177e-03,2.303797518834471703e-03,3.016036003828048706e-03,1.788019319064915180e-03,1.378042274154722691e-03,2.435346832498908043e-03,2.219687448814511299e-03,1.743994536809623241e-03,1.908649224787950516e-03,3.010851563885807991e-03,2.824861789122223854e-03,2.250679768621921539e-03,2.127249492332339287e-03,2.213913016021251678e-03,2.601030748337507248e-03,3.354789223521947861e-03,3.261142643168568611e-03,1.896347850561141968e-03,1.577954739332199097e-03,4.168636631220579147e-03,1.888104947283864021e-03,3.014191286638379097e-03,4.286434967070817947e-03,2.477499423548579216e-03,2.893742639571428299e-03
8.146175183355808258e-03,4.301325883716344833e-03,1.203526463359594345e-02,2.394062094390392303e-02,6.814840715378522873e-03,6.063933484256267548e-03,4.470580257475376129e-03,1.269046496599912643e-02,5.166338756680488586e-03,7.911219447851181030e-02,9.629976935684680939e-03,5.786379799246788025e-03,2.962499111890792847e-02,1.139217242598533630e-02,6.468613445758819580e-02,1.365533191710710526e-02,4.682044684886932373e-02,1.131613366305828094e-02,1.901446841657161713e-02,3.403818234801292419e-02,2.513863518834114075e-02,2.825223095715045929e-02,1.956601254642009735e-02,9.994015097618103027e-03,1.117825321853160858e-02,9.695217944681644440e-03,2.776444423943758011e-03,1.066000200808048248e-02,8.882745169103145599e-03,4.261025693267583847e-03,4.569489508867263794e-03,1.801783335395157337e-03,4.205165896564722061e-03,2.776070730760693550e-03,3.841339377686381340e-03,3.014786168932914734e-03,2.285380847752094269e-03,3.563077654689550400e-03,2.184114651754498482e-03,2.380637452006340027e-03,3.309780266135931015e-03,4.073144402354955673e-03,2.014558762311935425e-03,1.638679066672921181e-03,3.782094689086079597e-03,3.647250123322010040e-03,4.097474738955497742e-03,2.932463306933641434e-03,1.952784718014299870e-03,1.699052285403013229e-03,2.622220432385802269e-03,4.801383242011070251e-03,2.136178547516465187e-03,6.842627190053462982e-03,3.030906664207577705e-03,3.532708622515201569e-03,1.009773835539817810e-02,4.627233371138572693e-03,4.031022544950246811e-03
5.443540867418050766e-03,9.402683936059474945e-03,7.937881164252758026e-03,6.009796168655157089e-03,4.263146780431270599e-03,4.291181918233633041e-03,1.647414639592170715e-02,2.756092697381973267e-02,2.563601825386285782e-03,4.250174760818481445e-01,2.897714376449584961e-01,2.962499111890792847e-02,1.248090411536395550e-03,6.171159446239471436e-02,2.684667892754077911e-02,1.607712060213088989e-01,1.885495893657207489e-02,4.594319313764572144e-02,2.102945744991302490e-02,5.226691439747810364e-02,1.361708249896764755e-02,7.691591978073120117e-03,6.970251351594924927e-02,6.302763707935810089e-03,4.564166814088821411e-02,9.969916194677352905e-03,1.353645138442516327e-02,4.767530597746372223e-03,4.049402195960283279e-03,2.619517967104911804e-03,2.059760736301541328e-03,1.060855761170387268e-02,2.785486867651343346e-03,1.637808745726943016e-03,2.427989151328802109e-03,1.994076650589704514e-03,3.295302856713533401e-03,1.522133126854896545e-03,1.764232059940695763e-03,2.194811124354600906e-03,1.374893472529947758e-03,8.961329003795981407e-04,1.027845544740557671e-03,1.594235538505017757e-03,2.717985073104500771e-03,1.552858157083392143e-03,1.907616853713989258e-03,1.882592565380036831e-03,1.771580078639090061e-03,2.851397730410099030e-03,3.320754505693912506e-03,1.400831039063632488e-03,4.730165004730224609e-03,3.969885874539613724e-03,3.713397542014718056e-03,7.958900183439254761e-03,5.356673616915941238e-03,2.730525098741054535e-03,3.003106452524662018e-03
8.497829549014568329e-03,7.851073518395423889e-03,8.145486004650592804e-03,1.793312653899192810e-02,1.032532099634408951e-02,1.151012443006038666e-02,1.076736673712730408e-02,8.375311270356178284e-03,5.651654209941625595e-03,3.697229176759719849e-02,6.561275571584701538e-02,1.139217242598533630e-02,6.171159446239471436e-02,1.806967309676110744e-03,1.545382104814052582e-02,9.443108737468719482e-02,2.195313200354576111e-02,8.395032025873661041e-03,4.416335001587867737e-02,5.180154368281364441e-02,1.481246575713157654e-02,8.760468102991580963e-03,4.693169891834259033e-02,2.454729937016963959e-02,2.677008882164955139e-02,3.169878572225570679e-02,1.470255665481090546e-02,6.891908589750528336e-03,7.227030582726001740e-03,9.740527719259262085e-03,6.226356606930494308e-03,4.621605854481458664e-03,7.498257327824831009e-03,3.320864867419004440e-03,6.377890240401029587e-03,3.112369449809193611e-03,3.941338974982500076e-03,2.005897462368011475e-03,1.805342501029372215e-03,1.623548101633787155e-03,4.428646992892026901e-03,2.286999020725488663e-03,1.276498893275856972e-03,2.193841384723782539e-03,6.674144882708787918e-03,1.639258814975619316e-03,1.422470086254179478e-03,1.045308192260563374e-03,1.442808890715241432e-03,1.792320515960454941e-03,1.754677970893681049e-03,1.704328926280140877e-03,1.662609982304275036e-03,1.838530530221760273e-03,1.807273598387837410e-03,1.696161576546728611e-03,2.741159405559301376e-03,2.402402693405747414e-03,4.680607467889785767e-03
6.076796445995569229e-03,3.494414035230875015e-03,5.949808750301599503e-03,1.794512197375297546e-02,3.852313617244362831e-03,1.869828253984451294e-02,4.123400431126356125e-03,2.668776316568255424e-03,4.080516099929809570e-02,4.333225265145301819e-02,8.233154192566871643e-03,6.468613445758819580e-02,2.684667892754077911e-02,1.545382104814052582e-02,2.440043538808822632e-02,3.343418240547180176e-03,3.905711695551872253e-02,1.488401647657155991e-02,4.724741913378238678e-03,1.353740543127059937e-01,2.904165163636207581e-02,1.084399893879890442e-01,3.598619997501373291e-02,6.822985131293535233e-03,1.799728907644748688e-02,6.779093760997056961e-03,5.554395262151956558e-03,1.903544552624225616e-02,1.846068352460861206e-02,6.526031997054815292e-03,5.132752005010843277e-03,2.929014619439840317e-03,3.253479488193988800e-03,5.450737662613391876e-03,5.070494953542947769e-03,1.430153264664113522e-03,1.618858776055276394e-03,8.645705878734588623e-03,1.661889022216200829e-03,1.486060325987637043e-03,7.485805079340934753e-03,3.479979699477553368e-03,1.102887443266808987e-03,1.763922162353992462e-03,6.225155666470527649e-03,2.629778580740094185e-03,4.359717480838298798e-03,1.487620756961405277e-03,1.619432237930595875e-03,1.458070124499499798e-03,3.566149855032563210e-03,3.045901190489530563e-03,2.076188335195183754e-03,2.930695889517664909e-03,2.118472708389163017e-03,3.577418625354766846e-03,5.185079295188188553e-03,2.815640764310956001e-03,2.032912336289882660e-03
4.231717903167009354e-03,5.471007432788610458e-03,4.928535781800746918e-03,2.930816030129790306e-03,2.008508192375302315e-03,7.784288376569747925e-03,6.252756807953119278e-03,2.048923401162028313e-03,8.876274339854717255e-03,6.716849748045206070e-03,7.231802213937044144e-03,1.365533191710710526e-02,1.607712060213088989e-01,9.443108737468719482e-02,3.343418240547180176e-03,4.197219386696815491e-04,3.123143920674920082e-03,9.491300582885742188e-01,1.181677281856536865e-01,6.627860479056835175e-03,2.637668848037719727e-01,5.104489997029304504e-02,2.221838757395744324e-02,5.601882934570312500e-01,9.765433520078659058e-02,2.564860284328460693e-01,1.348663587123155594e-02,1.637075282633304596e-02,5.290249362587928772e-03,8.785119280219078064e-03,2.804677234962582588e-03,1.426306925714015961e-02,1.163216028362512589e-02,2.519111847504973412e-03,5.590558517724275589e-03,1.958106877282261848e-03,3.527567721903324127e-03,1.956232823431491852e-03,1.434147357940673828e-03,1.453043427318334579e-03,1.662948634475469589e-03,1.214557560160756111e-03,1.987505471333861351e-03,2.523644827306270599e-03,1.669773831963539124e-03,2.306041074916720390e-03,1.089313882403075695e-03,1.705871080048382282e-03,1.063936972059309483e-03,1.590164261870086193e-03,2.545737195760011673e-03,1.089605386368930340e-03,1.067745150066912174e-03,1.376004191115498543e-03,1.267233514226973057e-03,5.693951621651649475e-03,2.401562873274087906e-03,7.781005115248262882e-04,4.046374466270208359e-03
3.284462261945009232e-03,2.450489206239581108e-03,3.301282878965139389e-03,3.414769424125552177e-03,2.295741811394691467e-03,9.347612038254737854e-03,2.299224259331822395e-03,4.215656314045190811e-03,3.226828947663307190e-02,3.838261216878890991e-02,8.743975311517715454e-03,4.682044684886932373e-02,1.885495893657207489e-02,2.195313200354576111e-02,3.905711695551872253e-02,3.123143920674920082e-03,4.852027818560600281e-02,2.812783932313323021e-03,1.550449989736080170e-02,3.437519967555999756e-01,2.213445678353309631e-02,1.693097203969955444e-01,1.000097393989562988e-01,1.604687608778476715e-02,4.415204748511314392e-02,6.417747121304273605e-03,7.583655416965484619e-03,1.221893634647130966e-02,3.733153268694877625e-02,5.328494124114513397e-03,3.489807713776826859e-03,3.301684744656085968e-03,5.933504085987806320e-03,5.541804246604442596e-03,5.609366577118635178e-03,2.734469017013907433e-03,2.356107346713542938e-03,5.676256492733955383e-03,1.612982945516705513e-03,1.534115872345864773e-03,3.942746669054031372e-03,2.703875070437788963e-03,9.963675402104854584e-04,1.345472061075270176e-03,4.656873643398284912e-03,2.167930128052830696e-03,3.526382846757769585e-03,2.827053191140294075e-03,1.823313301429152489e-03,1.407768693752586842e-03,3.261550329625606537e-03,3.359377617016434669e-03,1.504092593677341938e-03,3.257322823628783226e-03,2.014009514823555946e-03,2.171325497329235077e-03,6.372444331645965576e-03,6.462589837610721588e-03,2.819991204887628555e-03
5.938113201409578323e-03,7.294894196093082428e-03,7.658265065401792526e-03,5.205709487199783325e-03,5.399816669523715973e-03,1.088483259081840515e-02,9.371579624712467194e-03,5.486984271556138992e-03,1.419472787529230118e-02,6.765792146325111389e-03,1.167274918407201767e-02,1.131613366305828094e-02,4.594319313764572144e-02,8.395032025873661041e-03,1.488401647657155991e-02,9.491300582885742188e-01,2.812783932313323021e-03,9.677615598775446415e-04,1.496720016002655029e-01,4.001066088676452637e-02,5.009604617953300476e-02,2.698473818600177765e-02,2.601637691259384155e-02,3.797620162367820740e-02,7.685792446136474609e-02,2.325964719057083130e-02,2.986504323780536652e-02,1.592586934566497803e-02,9.874324314296245575e-03,7.358323317021131516e-03,2.812502905726432800e-03,4.441222175955772400e-03,8.977648802101612091e-03,2.747675636783242226e-03,4.807407036423683167e-03,2.787657314911484718e-03,1.119345193728804588e-03,3.387277713045477867e-03,1.267787651158869267e-03,3.120420733466744423e-03,8.078015409409999847e-03,1.026976853609085083e-03,1.404289272613823414e-03,2.395866904407739639e-03,1.889158389531075954e-03,2.655705437064170837e-03,1.981391571462154388e-03,1.229924731887876987e-03,1.622935407795011997e-03,2.243458293378353119e-03,2.222955226898193359e-03,1.171449082903563976e-03,1.306604244746267796e-03,2.389053115621209145e-03,2.092887181788682938e-03,1.965290633961558342e-03,3.107974305748939514e-03,1.955754356458783150e-03,2.369469264522194862e-03
2.941622165963053703e-03,4.061720799654722214e-03,4.714118782430887222e-03,6.272369064390659332e-03,5.259842146188020706e-03,6.273810751736164093e-03,4.125306382775306702e-03,1.671461504884064198e-03,1.049868296831846237e-02,7.108722347766160965e-03,2.894517779350280762e-02,1.901446841657161713e-02,2.102945744991302490e-02,4.416335001587867737e-02,4.724741913378238678e-03,1.181677281856536865e-01,1.550449989736080170e-02,1.496720016002655029e-01,6.811671773903071880e-04,2.875431440770626068e-02,4.324442148208618164e-01,2.775896713137626648e-02,1.056336984038352966e-02,6.112584378570318222e-03,1.705549098551273346e-02,3.166897967457771301e-02,5.857794359326362610e-02,8.528172038495540619e-03,2.967799454927444458e-02,1.625505834817886353e-02,3.908445592969655991e-03,1.045538764446973801e-02,4.402432125061750412e-03,6.259865593165159225e-03,5.172017961740493774e-03,4.499836359173059464e-03,3.852251684293150902e-03,4.181525204330682755e-03,1.560003613121807575e-03,3.451746655628085136e-03,4.763694945722818375e-03,3.823433537036180496e-03,1.907787402160465717e-03,1.388440746814012527e-02,1.163887791335582733e-02,2.918974729254841805e-03,2.196800429373979568e-03,2.291703131049871445e-03,2.065308857709169388e-03,1.140581443905830383e-03,2.159818075597286224e-03,1.312108826823532581e-03,1.050050603225827217e-03,1.733169890940189362e-03,1.251815701834857464e-03,2.081058686599135399e-03,1.965715317055583000e-03,1.406340277753770351e-03,1.471387804485857487e-03
3.408650634810328484e-03,2.035482320934534073e-03,2.980060409754514694e-03,3.743189852684736252e-03,2.026341622695326805e-03,6.352442782372236252e-03,3.156895050778985023e-03,2.873526420444250107e-03,1.893375068902969360e-02,2.117126062512397766e-02,1.007837709039449692e-02,3.403818234801292419e-02,5.226691439747810364e-02,5.180154368281364441e-02,1.353740543127059937e-01,6.627860479056835175e-03,3.437519967555999756e-01,4.001066088676452637e-02,2.875431440770626068e-02,4.404665157198905945e-02,4.118237644433975220e-02,4.337675869464874268e-01,2.042348682880401611e-02,3.009941987693309784e-02,1.409201975911855698e-02,4.066478461027145386e-03,1.818479783833026886e-02,1.904019154608249664e-02,3.179487586021423340e-02,4.477363545447587967e-03,2.110519213601946831e-03,3.169582225382328033e-03,6.647208705544471741e-03,3.382656257599592209e-03,2.166678430512547493e-03,1.852044486440718174e-03,2.182942815124988556e-03,4.925795830786228180e-03,1.584932557307183743e-03,1.073121791705489159e-03,3.852533409371972084e-03,1.708975876681506634e-03,1.158442697487771511e-03,1.660162932239472866e-03,3.095438471063971519e-03,1.814392860978841782e-03,3.597965929657220840e-03,1.996558858081698418e-03,1.473204814828932285e-03,1.584716024808585644e-03,2.962901955470442772e-03,2.178456401452422142e-03,1.415675273165106773e-03,3.524200292304158211e-03,1.826601917855441570e-03,1.761785824783146381e-03,5.135979503393173218e-03,3.291752422228455544e-03,3.561786375939846039e-03
4.190228879451751709e-03,2.081178594380617142e-03,2.970833331346511841e-03,3.829751862213015556e-03,1.582753378897905350e-03,3.749762894585728645e-03,5.563178565353155136e-03,5.295111797749996185e-03,6.673174444586038589e-03,6.557200569659471512e-03,5.808917805552482605e-03,2.513863518834114075e-02,1.361708249896764755e-02,1.481246575713157654e-02,2.904165163636207581e-02,2.637668848037719727e-01,2.213445678353309631e-02,5.009604617953300476e-02,4.324442148208618164e-01,4.118237644433975220e-02,3.466075751930475235e-03,2.742686495184898376e-02,1.453416608273983002e-02,1.974129350855946541e-03,9.844454005360603333e-03,3.720764536410570145e-03,1.971269957721233368e-02,1.470486260950565338e-02,3.543178737163543701e-02,9.212968870997428894e-03,9.783086366951465607e-03,6.683591287583112717e-03,1.203112676739692688e-02,1.010595820844173431e-02,8.769545704126358032e-03,2.565860981121659279e-03,1.951435930095613003e-03,1.099179871380329132e-02,1.977812731638550758e-03,4.746343940496444702e-03,1.448018662631511688e-02,7.401058916002511978e-03,2.705892082303762436e-03,1.934180036187171936e-03,6.444746162742376328e-03,2.932378323748707771e-03,4.715951159596443176e-03,1.819633878767490387e-03,2.000597072765231133e-03,1.346620731055736542e-03,4.492814186960458755e-03,2.608570037409663200e-03,1.457807607948780060e-03,1.784241059795022011e-03,2.301491564139723778e-03,1.290490501560270786e-03,1.940229907631874084e-03,2.189921215176582336e-03,1.735784579068422318e-03
3.190342569723725319e-03,1.397650223225355148e-03,2.767381258308887482e-03,2.824480412527918816e-03,1.657228567637503147e-03,5.609682761132717133e-03,2.150882733985781670e-03,1.728022005409002304e-03,9.276730008423328400e-03,9.758555330336093903e-03,6.921885069459676743e-03,2.825223095715045929e-02,7.691591978073120117e-03,8.760468102991580963e-03,1.084399893879890442e-01,5.104489997029304504e-02,1.693097203969955444e-01,2.698473818600177765e-02,2.775896713137626648e-02,4.337675869464874268e-01,2.742686495184898376e-02,2.768072299659252167e-02,4.124158248305320740e-02,1.152148470282554626e-02,4.955700784921646118e-02,1.270717475563287735e-02,2.787759341299533844e-02,7.196025550365447998e-02,1.339971870183944702e-01,1.824319362640380859e-02,4.911524243652820587e-03,5.693770479410886765e-03,2.469190210103988647e-02,3.578579751774668694e-03,3.653078339993953705e-03,2.265720861032605171e-03,1.499270088970661163e-03,4.191315267235040665e-03,1.305142999626696110e-03,1.392287085764110088e-03,3.430872224271297455e-03,3.772474825382232666e-03,9.008087799884378910e-04,1.153998542577028275e-03,5.503534339368343353e-03,4.125284496694803238e-03,2.731839427724480629e-03,2.444584388285875320e-03,1.137933460995554924e-03,9.490823722444474697e-04,2.059754915535449982e-03,2.895735669881105423e-03,9.782111737877130508e-04,2.942451508715748787e-03,1.273440546356141567e-03,1.640519592911005020e-03,4.740148782730102539e-03,2.575867809355258942e-03,1.390375895425677299e-03
1.198380603455007076e-03,1.844446640461683273e-03,1.648244331590831280e-03,2.197681693360209465e-03,1.834631082601845264e-03,2.293689409270882607e-03,1.802921062335371971e-03,2.568903844803571701e-03,7.160089444369077682e-03,5.090767983347177505e-03,1.488458272069692612e-02,1.956601254642009735e-02,6.970251351594924927e-02,4.693169891834259033e-02,3.598619997501373291e-02,2.221838757395744324e-02,1.000097393989562988e-01,2.601637691259384155e-02,1.056336984038352966e-02,2.042348682880401611e-02,1.453416608273983002e-02,4.124158248305320740e-02,2.054810989648103714e-03,3.092926461249589920e-03,2.431644126772880554e-02,1.044489443302154541e-03,2.307511307299137115e-02,9.717984497547149658e-02,1.267226040363311768e-01,2.949946932494640350e-02,1.739731803536415100e-02,1.493685878813266754e-02,2.883994579315185547e-02,1.521466858685016632e-02,8.355193771421909332e-03,2.243958879262208939e-03,5.225107539445161819e-03,5.587818101048469543e-02,1.834874739870429039e-03,1.451600226573646069e-03,1.502161845564842224e-02,8.939310908317565918e-03,1.827194937504827976e-03,2.984381979331374168e-03,5.806436762213706970e-03,4.330330062657594681e-03,3.088670084252953529e-03,2.097571035847067833e-03,1.411756034940481186e-03,2.159632276743650436e-03,2.779272384941577911e-03,2.154646907001733780e-03,9.844782762229442596e-04,2.589498413726687431e-03,2.209133934229612350e-03,8.790020947344601154e-04,3.692674217745661736e-03,1.212862785905599594e-03,1.765209832228720188e-03
3.749042982235550880e-03,3.298986703157424927e-03,2.780545502901077271e-03,3.392255399376153946e-03,3.097518347203731537e-03,4.779679700732231140e-03,2.311764983460307121e-03,2.629288239404559135e-03,2.662164624780416489e-03,5.212838295847177505e-03,5.270335357636213303e-03,9.994015097618103027e-03,6.302763707935810089e-03,2.454729937016963959e-02,6.822985131293535233e-03,5.601882934570312500e-01,1.604687608778476715e-02,3.797620162367820740e-02,6.112584378570318222e-03,3.009941987693309784e-02,1.974129350855946541e-03,1.152148470282554626e-02,3.092926461249589920e-03,3.766825189813971519e-03,1.698789745569229126e-02,2.929423451423645020e-01,9.348881244659423828e-01,1.114812791347503662e-01,1.208678167313337326e-02,4.196415469050407410e-02,3.588470397517085075e-03,1.639689318835735321e-02,1.363247632980346680e-01,5.585034377872943878e-03,7.183469831943511963e-03,4.385593812912702560e-03,6.299422588199377060e-03,5.296950228512287140e-03,1.089940778911113739e-03,2.313809236511588097e-03,2.073515672236680984e-03,1.775392331182956696e-03,2.608827082440257072e-03,1.495017320849001408e-03,5.021852441132068634e-03,3.653602674603462219e-03,1.376343774609267712e-03,1.398477004840970039e-03,2.650190610438585281e-03,1.674451050348579884e-03,1.855100621469318867e-03,1.376134692691266537e-03,1.870987704023718834e-03,2.799655310809612274e-03,2.139403950423002243e-03,2.928094472736120224e-03,2.044073538854718208e-03,1.770838163793087006e-03,2.854995429515838623e-03
5.040064454078674316e-03,2.719740848988294601e-03,4.417352844029664993e-03,4.574039950966835022e-03,3.807146567851305008e-03,5.574554204940795898e-03,8.892049081623554230e-03,6.032979115843772888e-03,6.029994692653417587e-03,1.316885650157928467e-02,4.167316481471061707e-03,1.117825321853160858e-02,4.564166814088821411e-02,2.677008882164955139e-02,1.799728907644748688e-02,9.765433520078659058e-02,4.415204748511314392e-02,7.685792446136474609e-02,1.705549098551273346e-02,1.409201975911855698e-02,9.844454005360603333e-03,4.955700784921646118e-02,2.431644126772880554e-02,1.698789745569229126e-02,3.090858226642012596e-03,4.663943871855735779e-02,2.222695648670196533e-01,3.929295390844345093e-02,1.371733937412500381e-02,3.168197348713874817e-02,3.007422434166073799e-03,4.521822556853294373e-03,1.150962524116039276e-02,4.647516179829835892e-03,6.273376289755105972e-03,1.883838558569550514e-03,3.105267183855175972e-03,3.590769367292523384e-03,2.190746599808335304e-03,2.018101280555129051e-03,2.649910748004913330e-03,1.637236564420163631e-03,1.168923918157815933e-03,1.940749818459153175e-03,3.086323151364922523e-03,2.782501745969057083e-03,1.885787001810967922e-03,1.985069597139954567e-03,1.711271470412611961e-03,2.075446536764502525e-03,3.974770195782184601e-03,2.214977052062749863e-03,1.199318212457001209e-03,2.193616935983300209e-03,3.234413452446460724e-03,3.055140376091003418e-03,2.495807595551013947e-03,2.095955656841397285e-03,2.173968823626637459e-03
8.480053395032882690e-03,4.734676796942949295e-03,7.147351745516061783e-03,2.351864241063594818e-03,3.084878204390406609e-03,5.938411224633455276e-03,6.868404336273670197e-03,4.722722340375185013e-03,4.851674661040306091e-03,5.191586446017026901e-03,8.289375342428684235e-03,9.695217944681644440e-03,9.969916194677352905e-03,3.169878572225570679e-02,6.779093760997056961e-03,2.564860284328460693e-01,6.417747121304273605e-03,2.325964719057083130e-02,3.166897967457771301e-02,4.066478461027145386e-03,3.720764536410570145e-03,1.270717475563287735e-02,1.044489443302154541e-03,2.929423451423645020e-01,4.663943871855735779e-02,7.144034025259315968e-04,8.918402343988418579e-02,2.655050903558731079e-02,1.764055341482162476e-02,1.108851656317710876e-01,1.098824199289083481e-03,8.299102075397968292e-03,9.387999773025512695e-02,3.316384041681885719e-03,3.875998314470052719e-03,1.008961535990238190e-02,4.904381465166807175e-03,1.691540586762130260e-03,3.070909529924392700e-03,3.127184463664889336e-03,1.359218847937881947e-03,1.732013653963804245e-03,4.008364398032426834e-03,4.072103649377822876e-03,3.217666409909725189e-03,3.463920671492815018e-03,1.541633973829448223e-03,2.709557767957448959e-03,1.312657608650624752e-03,4.162850789725780487e-03,2.616065554320812225e-03,1.584212994202971458e-03,3.081573173403739929e-03,5.443031899631023407e-03,4.246020223945379257e-03,3.699295455589890480e-03,5.331342574208974838e-03,3.308928105980157852e-03,6.179469637572765350e-03
5.038118455559015274e-03,4.424522165209054947e-03,2.155724912881851196e-03,1.500082667917013168e-03,2.293738536536693573e-03,2.290715696290135384e-03,1.527206506580114365e-03,3.462016582489013672e-03,1.487685134634375572e-03,2.142951590940356255e-03,8.039844222366809845e-03,2.776444423943758011e-03,1.353645138442516327e-02,1.470255665481090546e-02,5.554395262151956558e-03,1.348663587123155594e-02,7.583655416965484619e-03,2.986504323780536652e-02,5.857794359326362610e-02,1.818479783833026886e-02,1.971269957721233368e-02,2.787759341299533844e-02,2.307511307299137115e-02,9.348881244659423828e-01,2.222695648670196533e-01,8.918402343988418579e-02,4.502216179389506578e-04,1.087403371930122375e-01,8.673151955008506775e-03,4.237823784351348877e-01,3.981736488640308380e-03,6.220784038305282593e-02,3.681250214576721191e-01,5.348712671548128128e-03,7.388459052890539169e-03,7.376065012067556381e-03,1.235002279281616211e-02,2.906237496063113213e-03,2.083836356177926064e-03,3.536583157256245613e-03,2.241904614493250847e-03,9.500743472017347813e-04,1.628878409974277020e-03,2.434291644021868706e-03,1.546302577480673790e-03,2.277877880260348320e-03,9.994497522711753845e-04,1.403871341608464718e-03,1.501311664469540119e-03,2.064515138044953346e-03,1.837957534007728100e-03,1.278875046409666538e-03,1.414563274011015892e-03,1.572256442159414291e-03,2.784844487905502319e-03,2.863056724891066551e-03,1.417518011294305325e-03,1.840504934079945087e-03,3.472724463790655136e-03
