1.110185519792139530e-03,1.799983233213424683e-01,9.005031734704971313e-02,9.006039798259735107e-02,1.905318647623062134e-01,2.233199775218963623e-03,2.482598833739757538e-02,5.858713388442993164e-02,1.115901023149490356e-02,5.111965816468000412e-03,5.537180695682764053e-03,5.886376369744539261e-03,3.340955125167965889e-03,8.319208398461341858e-03,4.733656533062458038e-03,6.938989274203777313e-03,4.286978393793106079e-03,5.681687034666538239e-03,3.430020995438098907e-03,2.634282223880290985e-03,2.169643295928835869e-03,2.878185128793120384e-03,1.651908038184046745e-03,2.457285765558481216e-03,3.668909659609198570e-03,7.166706025600433350e-03,3.823722712695598602e-03,3.230792004615068436e-03,1.980751520022749901e-03,4.391064867377281189e-03,4.491146653890609741e-03,5.760177969932556152e-03,4.522060509771108627e-03,2.568630268797278404e-03,7.455782499164342880e-03,9.777913801372051239e-03,1.226372364908456802e-02,5.496531724929809570e-03,5.825330968946218491e-03,1.630035229027271271e-02,3.887569997459650040e-03,3.084360621869564056e-03,7.564156781882047653e-03,6.964319851249456406e-03,4.309995099902153015e-03,3.673727158457040787e-03,4.360951017588376999e-03,5.410275887697935104e-03,3.962783608585596085e-03,1.014981046319007874e-02,4.039554391056299210e-03,4.726639483124017715e-03,4.405980464071035385e-03,5.170639138668775558e-03,1.243180874735116959e-02,1.214062608778476715e-02,4.086493514478206635e-03,3.262302372604608536e-03,9.190119802951812744e-03
1.799983233213424683e-01,4.219629336148500443e-03,2.409961968660354614e-01,5.451073497533798218e-02,2.411412000656127930e-01,7.702277507632970810e-03,2.940784208476543427e-02,3.730092644691467285e-01,1.038618199527263641e-02,6.155771669000387192e-03,1.937365531921386719e-02,6.561979651451110840e-03,8.760774508118629456e-03,1.567374542355537415e-02,4.455192945897579193e-03,5.508041009306907654e-03,2.312834374606609344e-03,5.736572202295064926e-03,2.814401406794786453e-03,1.914311433210968971e-03,2.322806511074304581e-03,1.775843789801001549e-03,2.662611426785588264e-03,3.590349573642015457e-03,2.919088583439588547e-03,5.112591665238142014e-03,2.457436872646212578e-03,3.649106249213218689e-03,1.759318634867668152e-03,3.397302934899926186e-03,4.705794621258974075e-03,2.958995522931218147e-03,7.346149533987045288e-03,2.485976088792085648e-03,6.663645617663860321e-03,1.079397741705179214e-02,1.835822314023971558e-02,2.601182786747813225e-03,6.718414835631847382e-03,1.284156925976276398e-02,5.682535469532012939e-03,2.097274642437696457e-03,5.162151996046304703e-03,8.493724279105663300e-03,3.551833797246217728e-03,4.477839916944503784e-03,2.389041706919670105e-03,4.230643156915903091e-03,2.530652796849608421e-03,2.569772768765687943e-03,1.776115037500858307e-03,2.911754418164491653e-03,3.121223300695419312e-03,3.514265874400734901e-03,3.638027468696236610e-03,9.674793109297752380e-03,2.226951299235224724e-03,4.728256724774837494e-03,1.420056074857711792e-02
9.005031734704971313e-02,2.409961968660354614e-01,6.869024038314819336e-02,1.472583860158920288e-01,6.740695238113403320e-01,1.471970416605472565e-02,6.514904648065567017e-02,2.713965773582458496e-01,3.148284554481506348e-02,7.345576770603656769e-03,8.317257277667522430e-03,4.358726087957620621e-03,7.160754874348640442e-03,6.964016705751419067e-03,3.835421055555343628e-03,2.996908035129308701e-03,3.847855143249034882e-03,5.436139646917581558e-03,2.058388898149132729e-03,2.978358184918761253e-03,2.178136259317398071e-03,3.271049587056040764e-03,1.724175876006484032e-03,3.149291733279824257e-03,3.151881275698542595e-03,6.259135901927947998e-03,2.257231855764985085e-03,5.102187395095825195e-03,1.497004646807909012e-03,2.343029715120792389e-03,2.348157111555337906e-03,4.335775505751371384e-03,4.804175347089767456e-03,2.207632409408688545e-03,6.061786785721778870e-03,7.477540522813796997e-03,5.906934849917888641e-03,3.801665036007761955e-03,2.190827857702970505e-03,5.184265319257974625e-03,3.549020038917660713e-03,2.040914725512266159e-03,4.265564028173685074e-03,7.114517036825418472e-03,1.764929154887795448e-03,3.514030482620000839e-03,2.682205988094210625e-03,3.495242446660995483e-03,2.940644975751638412e-03,3.444705624133348465e-03,2.632125746458768845e-03,2.656953409314155579e-03,2.129333559423685074e-03,6.184619851410388947e-03,1.119694672524929047e-02,6.338984705507755280e-03,3.196786390617489815e-03,3.104288829490542412e-03,9.336478076875209808e-03
9.006039798259735107e-02,5.451073497533798218e-02,1.472583860158920288e-01,2.361122891306877136e-02,7.481207251548767090e-01,2.545392140746116638e-02,1.612713336944580078e-01,8.601851463317871094e-01,7.702282071113586426e-01,1.788146793842315674e-02,2.794433943927288055e-02,1.951743662357330322e-02,8.440900593996047974e-03,8.297489956021308899e-03,1.472107227891683578e-02,3.093849867582321167e-03,1.253189705312252045e-02,4.616331309080123901e-03,3.787036519497632980e-03,3.872236935421824455e-03,3.099881112575531006e-03,2.777808578684926033e-03,2.606331836432218552e-03,2.585786860436201096e-03,3.453050972893834114e-03,1.530818641185760498e-03,1.550488988868892193e-03,3.379628993570804596e-03,2.042379928752779961e-03,1.605000579729676247e-03,1.518028788268566132e-03,9.111979161389172077e-04,2.175738336518406868e-03,4.334344994276762009e-03,3.180030966177582741e-03,1.697853207588195801e-03,1.962620532140135765e-03,4.132366739213466644e-03,1.304093515500426292e-03,2.551219426095485687e-03,2.851949539035558701e-03,3.380232723429799080e-03,6.865240633487701416e-03,2.037829719483852386e-03,5.540666636079549789e-03,2.410806715488433838e-03,2.636213554069399834e-03,1.865619560703635216e-03,1.527424668893218040e-03,8.100097766146063805e-04,3.734972793608903885e-03,3.763749031350016594e-03,1.696623512543737888e-03,3.810940776020288467e-03,2.465107478201389313e-03,2.944506006315350533e-03,3.343534190207719803e-03,2.655239310115575790e-03,4.853237885981798172e-03
1.905318647623062134e-01,2.411412000656127930e-01,6.740695238113403320e-01,7.481207251548767090e-01,7.687436882406473160e-03,1.424256898462772369e-02,9.496693611145019531e-01,9.400728940963745117e-01,1.429415345191955566e-01,1.493856497108936310e-02,3.572126151993870735e-03,3.920119255781173706e-03,1.121220365166664124e-02,5.632553715258836746e-03,4.281868226826190948e-03,1.766604254953563213e-03,3.577559720724821091e-03,1.749681076034903526e-03,4.490470979362726212e-03,2.605705987662076950e-03,2.024810062721371651e-03,1.795802032575011253e-03,2.867672592401504517e-03,3.436558647081255913e-03,2.105176215991377831e-03,3.962513059377670288e-03,2.772337757050991058e-03,2.997882664203643799e-03,2.109705936163663864e-03,1.403406145982444286e-03,1.300731324590742588e-03,1.253335038200020790e-03,1.985131995752453804e-03,1.787168323062360287e-03,6.396844051778316498e-03,3.724521026015281677e-03,5.078711546957492828e-03,2.202158328145742416e-03,2.386144362390041351e-03,3.383130533620715141e-03,2.317001577466726303e-03,1.597786205820739269e-03,3.458672203123569489e-03,1.736334059387445450e-03,1.843098783865571022e-03,1.883647521026432514e-03,1.910036895424127579e-03,1.583559089340269566e-03,2.184019191190600395e-03,3.355339169502258301e-03,5.142739973962306976e-03,2.744567580521106720e-03,3.863747231662273407e-03,5.268261302262544632e-03,2.904066117480397224e-03,3.693316364660859108e-03,3.652151674032211304e-03,3.342832205817103386e-03,5.868569947779178619e-03
2.233199775218963623e-03,7.702277507632970810e-03,1.471970416605472565e-02,2.545392140746116638e-02,1.424256898462772369e-02,1.068499907851219177e-01,2.953037060797214508e-02,3.850740194320678711e-02,3.935305774211883545e-02,9.011586010456085205e-02,2.425042167305946350e-02,2.307735010981559753e-02,1.865495741367340088e-02,3.771563060581684113e-03,1.761402562260627747e-02,3.712351666763424873e-03,1.533915475010871887e-02,8.804053068161010742e-03,6.364315748214721680e-03,1.557399425655603409e-02,6.664431653916835785e-03,9.085196070373058319e-03,7.599483244121074677e-03,3.372556762769818306e-03,4.788749851286411285e-03,8.754172362387180328e-03,2.853584010154008865e-03,3.953290637582540512e-03,2.814458915963768959e-03,2.723518759012222290e-03,1.851150882430374622e-03,2.800155896693468094e-03,2.420325530692934990e-03,1.706909853965044022e-03,3.948522266000509262e-03,3.354870481416583061e-03,6.025566253811120987e-03,2.889508148655295372e-03,1.737399026751518250e-03,2.583131659775972366e-03,3.874253714457154274e-03,3.391325473785400391e-03,1.953075639903545380e-03,1.962229143828153610e-03,2.729560714215040207e-03,4.186945036053657532e-03,4.822775255888700485e-03,3.427410963922739029e-03,3.996254410594701767e-03,5.663752555847167969e-03,5.607171915471553802e-03,8.454672060906887054e-03,3.452758770436048508e-03,1.179644372314214706e-02,2.910352544859051704e-03,9.214884601533412933e-03,7.000602316111326218e-03,5.140033084899187088e-03,5.565494764596223831e-03
2.482598833739757538e-02,2.940784208476543427e-02,6.514904648065567017e-02,1.612713336944580078e-01,9.496693611145019531e-01,2.953037060797214508e-02,6.513893138617277145e-03,5.296850576996803284e-02,7.567306607961654663e-02,6.894019991159439087e-02,2.427328564226627350e-02,1.603313349187374115e-02,2.339240163564682007e-02,1.035699248313903809e-02,5.450719501823186874e-03,7.047002203762531281e-03,2.278988948091864586e-03,4.003624897450208664e-03,4.667226690798997879e-03,2.502560848370194435e-03,3.436120925471186638e-03,1.810189569368958473e-03,2.111101523041725159e-03,4.873028490692377090e-03,4.934427794069051743e-03,1.428390014916658401e-02,1.738893217407166958e-03,2.250313526019454002e-03,1.652875565923750401e-03,2.059774473309516907e-03,1.949598896317183971e-03,2.232303144410252571e-03,7.064888719469308853e-03,9.371833293698728085e-04,5.320218391716480255e-03,5.433291196823120117e-03,6.057097110897302628e-03,1.581289223395287991e-03,2.906815148890018463e-03,6.859485059976577759e-03,2.467080485075712204e-03,1.879459246993064880e-03,4.333517979830503464e-03,4.659486934542655945e-03,1.717440900392830372e-03,2.445159712806344032e-03,1.946305972523987293e-03,3.720112377777695656e-03,4.118494223803281784e-03,2.027775160968303680e-03,3.330306615680456161e-03,2.632963471114635468e-03,3.345031524077057838e-03,4.685416817665100098e-03,6.689136847853660583e-03,3.535864176228642464e-03,3.869703505188226700e-03,4.674511030316352844e-03,8.715070784091949463e-03
5.858713388442993164e-02,3.730092644691467285e-01,2.713965773582458496e-01,8.601851463317871094e-01,9.400728940963745117e-01,3.850740194320678711e-02,5.296850576996803284e-02,3.275082260370254517e-02,2.185311727225780487e-02,6.582555361092090607e-03,2.358621172606945038e-02,1.676235115155577660e-03,9.600538760423660278e-03,7.310203276574611664e-03,3.454006044194102287e-03,3.035831497982144356e-03,3.013764275237917900e-03,2.933721290901303291e-03,2.044874243438243866e-03,3.421707311645150185e-03,2.820381661877036095e-03,2.189448103308677673e-03,3.191791009157896042e-03,2.697103423997759819e-03,3.361429320648312569e-03,3.089204430580139160e-03,3.179727355018258095e-03,2.943843835964798927e-03,2.496917964890599251e-03,2.670905552804470062e-03,1.698112813755869865e-03,1.993148820474743843e-03,2.294975100085139275e-03,1.480656093917787075e-03,6.446874700486660004e-03,3.937252331525087357e-03,8.623387664556503296e-03,4.487142432481050491e-03,1.266284612938761711e-03,5.700280424207448959e-03,4.912020638585090637e-03,2.259909640997648239e-03,2.054998883977532387e-03,3.516898257657885551e-03,3.145678667351603508e-03,3.944424912333488464e-03,3.151069162413477898e-03,5.969514604657888412e-03,2.982908394187688828e-03,2.899412531405687332e-03,3.262603189796209335e-03,2.891271607950329781e-03,2.097746590152382851e-03,4.596511367708444595e-03,2.890733769163489342e-03,4.004205111414194107e-03,4.257743712514638901e-03,3.684912575408816338e-03,3.109533339738845825e-03
1.115901023149490356e-02,1.038618199527263641e-02,3.148284554481506348e-02,7.702282071113586426e-01,1.429415345191955566e-01,3.935305774211883545e-02,7.567306607961654663e-02,2.185311727225780487e-02,1.110698133707046509e-01,5.192620679736137390e-02,4.779759794473648071e-02,2.342691645026206970e-02,1.497828960418701172e-02,3.992109559476375580e-03,4.992351308465003967e-02,6.221207324415445328e-03,4.173927381634712219e-02,8.958945982158184052e-03,6.828642915934324265e-03,1.708771288394927979e-02,1.133578829467296600e-02,1.223277859389781952e-02,8.359837345778942108e-03,2.705883001908659935e-03,6.029817275702953339e-03,3.171048592776060104e-03,1.889579929411411285e-03,5.175024271011352539e-03,5.824514199048280716e-03,1.370101585052907467e-03,1.661321031861007214e-03,1.033394597470760345e-03,1.274688052944839001e-03,1.821613055653870106e-03,2.163393190130591393e-03,1.841834280639886856e-03,1.897651469334959984e-03,4.862979985773563385e-03,1.763991778716444969e-03,1.543087884783744812e-03,3.393420949578285217e-03,4.983451683074235916e-03,1.416608458384871483e-03,1.445989008061587811e-03,3.867579391226172447e-03,2.209870843216776848e-03,2.904780209064483643e-03,2.021017251536250114e-03,2.079625148326158524e-03,1.583601348102092743e-03,2.108040032908320427e-03,9.981784038245677948e-03,2.285564318299293518e-03,5.196502432227134705e-03,1.308721490204334259e-03,2.476201159879565239e-03,6.064211949706077576e-03,2.772963838651776314e-03,3.630438819527626038e-03
5.111965816468000412e-03,6.155771669000387192e-03,7.345576770603656769e-03,1.788146793842315674e-02,1.493856497108936310e-02,9.011586010456085205e-02,6.894019991159439087e-02,6.582555361092090607e-03,5.192620679736137390e-02,3.415964543819427490e-02,1.362002044916152954e-01,2.256605215370655060e-02,2.199132889509201050e-01,2.255608327686786652e-02,7.587272673845291138e-02,8.784840814769268036e-03,1.917125098407268524e-02,6.832216400653123856e-03,1.201710663735866547e-02,2.066763676702976227e-02,1.108130067586898804e-02,3.418360836803913116e-03,7.229402195662260056e-03,4.864706657826900482e-03,1.059359963983297348e-02,5.426755174994468689e-03,4.019858315587043762e-03,5.958693102002143860e-03,3.072018036618828773e-03,2.484523458406329155e-03,2.448436338454484940e-03,1.396125066094100475e-03,2.155634574592113495e-03,1.397055340930819511e-03,2.520110225304961205e-03,2.735842484980821609e-03,3.318008035421371460e-03,2.208914142102003098e-03,1.800230005756020546e-03,1.695645856671035290e-03,2.020392101258039474e-03,3.558973083272576332e-03,1.769660273566842079e-03,2.176187699660658836e-03,5.736808758229017258e-03,3.294383408501744270e-03,3.098322311416268349e-03,2.772350795567035675e-03,3.581447526812553406e-03,2.116085030138492584e-03,2.909620758146047592e-03,5.371416918933391571e-03,2.257528249174356461e-03,4.915326368063688278e-03,4.378591198474168777e-03,1.904765493236482143e-03,7.361214142292737961e-03,7.066631689667701721e-03,3.164036897942423820e-03
5.537180695682764053e-03,1.937365531921386719e-02,8.317257277667522430e-03,2.794433943927288055e-02,3.572126151993870735e-03,2.425042167305946350e-02,2.427328564226627350e-02,2.358621172606945038e-02,4.779759794473648071e-02,1.362002044916152954e-01,2.629749476909637451e-03,1.181556470692157745e-02,1.935168653726577759e-01,5.461685359477996826e-02,2.309730462729930878e-02,7.781769614666700363e-03,1.455016247928142548e-02,1.583108305931091309e-02,7.698473334312438965e-02,1.583361625671386719e-02,1.751835271716117859e-02,6.961899343878030777e-03,7.481345906853675842e-03,5.846473388373851776e-03,1.006764546036720276e-02,6.733862217515707016e-03,2.994996495544910431e-03,2.931011142209172249e-03,2.144899917766451836e-03,2.671287860721349716e-03,1.644051866605877876e-03,2.008446026593446732e-03,1.823154510930180550e-03,1.014509121887385845e-03,4.368995781987905502e-03,2.772150328382849693e-03,5.645510740578174591e-03,2.606127178296446800e-03,3.080819034948945045e-03,2.886570990085601807e-03,3.468183102086186409e-03,3.586484817788004875e-03,4.619037732481956482e-03,4.621272440999746323e-03,7.651947438716888428e-03,3.483167616650462151e-03,2.590390387922525406e-03,2.646515378728508949e-03,3.184055676683783531e-03,2.537673572078347206e-03,1.955216517671942711e-03,3.924407530575990677e-03,2.461065305396914482e-03,3.826373722404241562e-03,2.830830402672290802e-03,2.776334760710597038e-03,5.268161185085773468e-03,4.433826077729463577e-03,2.440142910927534103e-03
5.886376369744539261e-03,6.561979651451110840e-03,4.358726087957620621e-03,1.951743662357330322e-02,3.920119255781173706e-03,2.307735010981559753e-02,1.603313349187374115e-02,1.676235115155577660e-03,2.342691645026206970e-02,2.256605215370655060e-02,1.181556470692157745e-02,4.787745419889688492e-03,2.615787088871002197e-02,9.877579286694526672e-03,5.375014618039131165e-02,7.480556145310401917e-03,2.593447454273700714e-02,1.715153083205223083e-02,4.035321250557899475e-02,2.547567710280418396e-02,2.450540848076343536e-02,2.190564200282096863e-02,1.300352718681097031e-02,5.655576009303331375e-03,1.591907069087028503e-02,4.138483665883541107e-03,3.314881119877099991e-03,9.586289525032043457e-03,7.716605905443429947e-03,3.972615115344524384e-03,2.955501899123191833e-03,2.378601115196943283e-03,3.180062863975763321e-03,2.433550776913762093e-03,3.407475072890520096e-03,3.532505827024579048e-03,2.525456948205828667e-03,4.870887380093336105e-03,2.466016216203570366e-03,1.818853779695928097e-03,4.197826609015464783e-03,6.491934414952993393e-03,1.998184248805046082e-03,1.843700651079416275e-03,9.123814292252063751e-03,4.977362230420112610e-03,6.907323841005563736e-03,2.887667622417211533e-03,3.575498471036553383e-03,2.097731688991189003e-03,3.506009699776768684e-03,9.469862096011638641e-03,2.211525337770581245e-03,4.495196975767612457e-03,3.115555038675665855e-03,3.805571701377630234e-03,5.798316560685634613e-03,6.466690450906753540e-03,4.096031188964843750e-03
3.340955125167965889e-03,8.760774508118629456e-03,7.160754874348640442e-03,8.440900593996047974e-03,1.121220365166664124e-02,1.865495741367340088e-02,2.339240163564682007e-02,9.600538760423660278e-03,1.497828960418701172e-02,2.199132889509201050e-01,1.935168653726577759e-01,2.615787088871002197e-02,3.957166336476802826e-04,3.215833008289337158e-02,1.006187312304973602e-02,7.571781426668167114e-02,2.201878838241100311e-02,8.364295214414596558e-02,3.764973208308219910e-02,6.960681825876235962e-02,2.066503837704658508e-02,1.146448869258165359e-02,1.407378632575273514e-02,5.760593339800834656e-03,7.901716977357864380e-02,5.705974996089935303e-03,1.075131911784410477e-02,7.254723459482192993e-03,4.188375081866979599e-03,3.570475149899721146e-03,2.324887318536639214e-03,3.259765217080712318e-03,2.859469270333647728e-03,1.138306339271366596e-03,2.555614570155739784e-03,2.254216233268380165e-03,2.744748955592513084e-03,2.706122351810336113e-03,2.748296363279223442e-03,2.398473676294088364e-03,1.847073552198708057e-03,1.820261008106172085e-03,9.321069810539484024e-04,1.713862176984548569e-03,2.477591391652822495e-03,3.361039794981479645e-03,2.176973735913634300e-03,1.285812933929264545e-03,1.750801689922809601e-03,3.524779807776212692e-03,2.172108739614486694e-03,2.136783441528677940e-03,2.900057937949895859e-03,2.999360905960202217e-03,4.234312567859888077e-03,4.991624969989061356e-03,3.641008632257580757e-03,5.224688909947872162e-03,4.087139852344989777e-03
8.319208398461341858e-03,1.567374542355537415e-02,6.964016705751419067e-03,8.297489956021308899e-03,5.632553715258836746e-03,3.771563060581684113e-03,1.035699248313903809e-02,7.310203276574611664e-03,3.992109559476375580e-03,2.255608327686786652e-02,5.461685359477996826e-02,9.877579286694526672e-03,3.215833008289337158e-02,1.574594294652342796e-03,1.585415937006473541e-02,2.473476380109786987e-01,1.348196566104888916e-01,2.502766065299510956e-02,4.266072437167167664e-02,1.406380627304315567e-02,1.668604835867881775e-02,1.111890282481908798e-02,1.869625411927700043e-02,8.680928498506546021e-03,6.350744981318712234e-03,9.318402968347072601e-03,1.725790277123451233e-02,4.536515101790428162e-03,5.267671309411525726e-03,7.790750823915004730e-03,7.131769787520170212e-03,4.007806535810232162e-03,2.512284321710467339e-03,3.378291381523013115e-03,4.408753011375665665e-03,3.577411640435457230e-03,5.603629164397716522e-03,1.748861046507954597e-03,3.897630143910646439e-03,2.543741138651967049e-03,3.085426753386855125e-03,2.763316733762621880e-03,2.001385670155286789e-03,3.692831844091415405e-03,2.373150316998362541e-03,3.534434828907251358e-03,1.955453772097826004e-03,1.980580855160951614e-03,1.023076125420629978e-03,2.010048367083072662e-03,1.888031954877078533e-03,3.135037142783403397e-03,4.559919238090515137e-03,2.248910488560795784e-03,5.265080835670232773e-03,2.753620501607656479e-03,4.927109461277723312e-03,4.990133456885814667e-03,6.570057477802038193e-03
4.733656533062458038e-03,4.455192945897579193e-03,3.835421055555343628e-03,1.472107227891683578e-02,4.281868226826190948e-03,1.761402562260627747e-02,5.450719501823186874e-03,3.454006044194102287e-03,4.992351308465003967e-02,7.587272673845291138e-02,2.309730462729930878e-02,5.375014618039131165e-02,1.006187312304973602e-02,1.585415937006473541e-02,1.326473429799079895e-02,7.924730889499187469e-03,3.242053836584091187e-02,4.886489361524581909e-02,7.733397185802459717e-03,1.468574851751327515e-01,2.887335233390331268e-02,1.761282794177532196e-02,2.097898535430431366e-02,5.739090964198112488e-03,1.017459761351346970e-02,3.863976337015628815e-03,2.718861447647213936e-03,6.670305039733648300e-03,1.041013188660144806e-02,2.826835727319121361e-03,4.499934613704681396e-03,2.333466894924640656e-03,2.839478431269526482e-03,3.234599484130740166e-03,3.784633940085768700e-03,1.555951545014977455e-03,2.078587422147393227e-03,7.281263358891010284e-03,1.619756105355918407e-03,1.501951483078300953e-03,7.615323178470134735e-03,1.056406740099191666e-02,2.005845075473189354e-03,1.940242829732596874e-03,5.552751943469047546e-03,3.249793546274304390e-03,5.556521005928516388e-03,1.937503227964043617e-03,2.280342392623424530e-03,1.548489788547158241e-03,2.551042241975665092e-03,6.621311418712139130e-03,2.652544761076569557e-03,4.441026598215103149e-03,2.626962028443813324e-03,2.944212174043059349e-03,8.601812645792961121e-03,5.311547778546810150e-03,3.562491852790117264e-03
6.938989274203777313e-03,5.508041009306907654e-03,2.996908035129308701e-03,3.093849867582321167e-03,1.766604254953563213e-03,3.712351666763424873e-03,7.047002203762531281e-03,3.035831497982144356e-03,6.221207324415445328e-03,8.784840814769268036e-03,7.781769614666700363e-03,7.480556145310401917e-03,7.571781426668167114e-02,2.473476380109786987e-01,7.924730889499187469e-03,1.226104563102126122e-03,2.779166912660002708e-03,1.966250091791152954e-01,1.874710023403167725e-01,6.449660286307334900e-03,2.830841839313507080e-01,5.716589745134115219e-03,1.289847027510404587e-02,5.335710197687149048e-02,2.452236972749233246e-02,2.079707011580467224e-02,1.359472144395112991e-02,1.098854932934045792e-02,5.232376977801322937e-03,7.534337230026721954e-03,4.831191152334213257e-03,6.318534258753061295e-03,1.189841050654649734e-02,3.496250836178660393e-03,1.902746735140681267e-03,2.023797482252120972e-03,5.765554960817098618e-03,2.141638658940792084e-03,4.587328992784023285e-03,2.366761211305856705e-03,3.624666947871446609e-03,3.475711215287446976e-03,8.330384269356727600e-03,3.631813684478402138e-03,3.062706440687179565e-03,2.406315412372350693e-03,2.317547332495450974e-03,2.385854953899979591e-03,2.338851336389780045e-03,2.271498320624232292e-03,2.158695133402943611e-03,2.474032575264573097e-03,9.758626692928373814e-04,3.309447085484862328e-03,2.869875403121113777e-03,1.247617416083812714e-02,4.756233654916286469e-03,3.184865694493055344e-03,5.394761450588703156e-03
4.286978393793106079e-03,2.312834374606609344e-03,3.847855143249034882e-03,1.253189705312252045e-02,3.577559720724821091e-03,1.533915475010871887e-02,2.278988948091864586e-03,3.013764275237917900e-03,4.173927381634712219e-02,1.917125098407268524e-02,1.455016247928142548e-02,2.593447454273700714e-02,2.201878838241100311e-02,1.348196566104888916e-01,3.242053836584091187e-02,2.779166912660002708e-03,4.009811207652091980e-03,8.930257521569728851e-03,6.313293240964412689e-03,4.887792468070983887e-02,1.914899609982967377e-02,5.860342830419540405e-02,1.068964824080467224e-01,7.353779394179582596e-03,2.014464139938354492e-02,1.125533320009708405e-02,5.485365632921457291e-03,9.293192066252231598e-03,1.996464468538761139e-02,7.536380086094141006e-03,4.204359371215105057e-03,3.654482774436473846e-03,3.853552741929888725e-03,4.644398111850023270e-03,6.466960068792104721e-03,2.205346012488007545e-03,3.455739468336105347e-03,4.138055257499217987e-03,1.818565418943762779e-03,1.288010040298104286e-03,3.262021811679005623e-03,4.313245881348848343e-03,1.841431832872331142e-03,2.078107791021466255e-03,5.199530161917209625e-03,3.251143498346209526e-03,4.120255354791879654e-03,2.507703378796577454e-03,2.790013793855905533e-03,2.528933342546224594e-03,3.082767594605684280e-03,5.172035191208124161e-03,2.591838361695408821e-03,4.170612897723913193e-03,2.935939701274037361e-03,2.962308935821056366e-03,6.685177795588970184e-03,4.485161975026130676e-03,3.542904043570160866e-03
5.681687034666538239e-03,5.736572202295064926e-03,5.436139646917581558e-03,4.616331309080123901e-03,1.749681076034903526e-03,8.804053068161010742e-03,4.003624897450208664e-03,2.933721290901303291e-03,8.958945982158184052e-03,6.832216400653123856e-03,1.583108305931091309e-02,1.715153083205223083e-02,8.364295214414596558e-02,2.502766065299510956e-02,4.886489361524581909e-02,1.966250091791152954e-01,8.930257521569728851e-03,1.746746129356324673e-03,9.725186973810195923e-02,3.471072390675544739e-02,4.524566605687141418e-02,1.660349033772945404e-02,1.114737708121538162e-02,1.972477510571479797e-02,5.701150000095367432e-02,1.719786785542964935e-02,3.129975497722625732e-02,7.350059226155281067e-03,1.613154821097850800e-02,4.565990064293146133e-03,6.149255204945802689e-03,4.807705525308847427e-03,6.490468047559261322e-03,3.475768957287073135e-03,2.670864807441830635e-03,2.388786058872938156e-03,2.556253923103213310e-03,4.087631125003099442e-03,1.415444654412567616e-03,1.764768734574317932e-03,4.191403277218341827e-03,2.927817404270172119e-03,1.980281202122569084e-03,1.451513031497597694e-03,2.862973837181925774e-03,2.612394047901034355e-03,1.833797316066920757e-03,2.124539576470851898e-03,1.888547791168093681e-03,2.878046827390789986e-03,1.877591479569673538e-03,2.745613222941756248e-03,3.961229696869850159e-03,4.215191584080457687e-03,7.708704564720392227e-03,3.032613312825560570e-03,3.595809452235698700e-03,3.934319596737623215e-03,2.352321986109018326e-03
3.430020995438098907e-03,2.814401406794786453e-03,2.058388898149132729e-03,3.787036519497632980e-03,4.490470979362726212e-03,6.364315748214721680e-03,4.667226690798997879e-03,2.044874243438243866e-03,6.828642915934324265e-03,1.201710663735866547e-02,7.698473334312438965e-02,4.035321250557899475e-02,3.764973208308219910e-02,4.266072437167167664e-02,7.733397185802459717e-03,1.874710023403167725e-01,6.313293240964412689e-03,9.725186973810195923e-02,6.662995438091456890e-04,2.054940909147262573e-02,1.785499900579452515e-01,1.206311769783496857e-02,6.652012001723051071e-03,2.080899663269519806e-02,2.891124412417411804e-02,1.463238801807165146e-02,8.245906233787536621e-02,2.849573828279972076e-02,1.852200739085674286e-02,2.336832322180271149e-02,3.622628515586256981e-03,9.162615053355693817e-03,9.988986887037754059e-03,3.454853082075715065e-03,4.309072624891996384e-03,4.061271436512470245e-03,1.375206396915018559e-03,4.215824417769908905e-03,2.207796322181820869e-03,2.296027727425098419e-03,3.520566970109939575e-03,3.916408400982618332e-03,2.868568524718284607e-03,4.167776089161634445e-03,6.248841062188148499e-03,3.834443166851997375e-03,1.776937860995531082e-03,2.051017712801694870e-03,2.939639845862984657e-03,2.552211051806807518e-03,1.126334071159362793e-03,2.094362396746873856e-03,1.786233740858733654e-03,2.302924171090126038e-03,2.357781166210770607e-03,1.829574233852326870e-03,2.620255574584007263e-03,1.663479954004287720e-03,1.612393418326973915e-03
2.634282223880290985e-03,1.914311433210968971e-03,2.978358184918761253e-03,3.872236935421824455e-03,2.605705987662076950e-03,1.557399425655603409e-02,2.502560848370194435e-03,3.421707311645150185e-03,1.708771288394927979e-02,2.066763676702976227e-02,1.583361625671386719e-02,2.547567710280418396e-02,6.960681825876235962e-02,1.406380627304315567e-02,1.468574851751327515e-01,6.449660286307334900e-03,4.887792468070983887e-02,3.471072390675544739e-02,2.054940909147262573e-02,5.805294495075941086e-03,2.550447583198547363e-01,7.377599179744720459e-02,4.022742807865142822e-02,1.402653101831674576e-02,2.165707014501094818e-02,1.082156226038932800e-02,6.154820695519447327e-02,1.834853179752826691e-02,3.467994183301925659e-02,9.433678351342678070e-03,4.107223358005285263e-03,3.676862921565771103e-03,4.053700715303421021e-03,2.232641912996768951e-03,4.571938887238502502e-03,1.975821098312735558e-03,1.972898142412304878e-03,4.569255281239748001e-03,1.663703238591551781e-03,1.036440138705074787e-03,2.673926297575235367e-03,3.607267048209905624e-03,1.246021245606243610e-03,1.157348509877920151e-03,3.132186131551861763e-03,3.145215101540088654e-03,4.881834611296653748e-03,2.115187933668494225e-03,2.120187040418386459e-03,1.425623078830540180e-03,1.914639375172555447e-03,3.451659809798002243e-03,2.528479788452386856e-03,4.255447536706924438e-03,1.584816374816000462e-03,1.543949241749942303e-03,3.715359605848789215e-03,3.326858161017298698e-03,2.765497425571084023e-03
2.169643295928835869e-03,2.322806511074304581e-03,2.178136259317398071e-03,3.099881112575531006e-03,2.024810062721371651e-03,6.664431653916835785e-03,3.436120925471186638e-03,2.820381661877036095e-03,1.133578829467296600e-02,1.108130067586898804e-02,1.751835271716117859e-02,2.450540848076343536e-02,2.066503837704658508e-02,1.668604835867881775e-02,2.887335233390331268e-02,2.830841839313507080e-01,1.914899609982967377e-02,4.524566605687141418e-02,1.785499900579452515e-01,2.550447583198547363e-01,2.062671817839145660e-03,2.655641734600067139e-02,1.532170549035072327e-02,2.415121300145983696e-03,2.724871970713138580e-02,1.466110697947442532e-03,2.908481843769550323e-02,3.479765728116035461e-02,2.224642187356948853e-01,7.002190221101045609e-03,7.532037328928709030e-03,7.210856769233942032e-03,1.053218636661767960e-02,1.230584457516670227e-02,3.875628346577286720e-03,2.432114444673061371e-03,2.057367470115423203e-03,9.587924927473068237e-03,2.064366592094302177e-03,2.307131886482238770e-03,8.265029639005661011e-03,1.102278847247362137e-02,2.698039636015892029e-03,8.991028298623859882e-04,3.241039579734206200e-03,2.629677299410104752e-03,2.572149736806750298e-03,1.238841563463211060e-03,2.045614877715706825e-03,9.739009547047317028e-04,3.111276309937238693e-03,3.771002404391765594e-03,1.343193696811795235e-03,2.192262560129165649e-03,1.489387475885450840e-03,1.285140169784426689e-03,3.141826251521706581e-03,1.894321758300065994e-03,1.600685412995517254e-03
2.878185128793120384e-03,1.775843789801001549e-03,3.271049587056040764e-03,2.777808578684926033e-03,1.795802032575011253e-03,9.085196070373058319e-03,1.810189569368958473e-03,2.189448103308677673e-03,1.223277859389781952e-02,3.418360836803913116e-03,6.961899343878030777e-03,2.190564200282096863e-02,1.146448869258165359e-02,1.111890282481908798e-02,1.761282794177532196e-02,5.716589745134115219e-03,5.860342830419540405e-02,1.660349033772945404e-02,1.206311769783496857e-02,7.377599179744720459e-02,2.655641734600067139e-02,1.891101524233818054e-02,4.302723705768585205e-02,8.346945047378540039e-03,4.171870648860931396e-02,1.280848588794469833e-02,8.153528720140457153e-02,7.367028295993804932e-02,3.127846717834472656e-01,2.590681053698062897e-02,9.730611927807331085e-03,8.585217408835887909e-03,1.533987466245889664e-02,8.172241970896720886e-03,5.287364125251770020e-03,3.071068786084651947e-03,3.330969950184226036e-03,6.159868557006120682e-03,2.216645982116460800e-03,1.132529112510383129e-03,3.332930617034435272e-03,5.898624192923307419e-03,1.247260952368378639e-03,1.207101275213062763e-03,3.109044162556529045e-03,3.945258911699056625e-03,3.223564475774765015e-03,2.427927916869521141e-03,2.263613510876893997e-03,1.366645563393831253e-03,1.618857146240770817e-03,3.765945089980959892e-03,1.570527441799640656e-03,3.660731716081500053e-03,1.832627924159169197e-03,1.419506384991109371e-03,4.579934291541576385e-03,2.909855917096138000e-03,2.676398260518908501e-03
1.651908038184046745e-03,2.662611426785588264e-03,1.724175876006484032e-03,2.606331836432218552e-03,2.867672592401504517e-03,7.599483244121074677e-03,2.111101523041725159e-03,3.191791009157896042e-03,8.359837345778942108e-03,7.229402195662260056e-03,7.481345906853675842e-03,1.300352718681097031e-02,1.407378632575273514e-02,1.869625411927700043e-02,2.097898535430431366e-02,1.289847027510404587e-02,1.068964824080467224e-01,1.114737708121538162e-02,6.652012001723051071e-03,4.022742807865142822e-02,1.532170549035072327e-02,4.302723705768585205e-02,6.591773126274347305e-03,6.433062255382537842e-03,2.572409622371196747e-02,2.526182681322097778e-03,1.687971875071525574e-02,3.481386303901672363e-01,1.184923201799392700e-01,2.546724863350391388e-02,3.274132311344146729e-02,1.497435662895441055e-02,1.618534699082374573e-02,1.359973661601543427e-02,7.887684740126132965e-03,2.502894029021263123e-03,4.697868134826421738e-03,1.331637334078550339e-02,3.986124414950609207e-03,9.920123266056180000e-04,6.602810695767402649e-03,1.191998645663261414e-02,1.925107673741877079e-03,1.882856129668653011e-03,3.838895354419946671e-03,4.758179653435945511e-03,2.142733428627252579e-03,1.965468516573309898e-03,1.953007886186242104e-03,2.278056694194674492e-03,2.030436182394623756e-03,3.618345363065600395e-03,1.333453110419213772e-03,3.403306240215897560e-03,1.832082052715122700e-03,1.456408412195742130e-03,2.326592337340116501e-03,1.186997280456125736e-03,1.502761966548860073e-03
2.457285765558481216e-03,3.590349573642015457e-03,3.149291733279824257e-03,2.585786860436201096e-03,3.436558647081255913e-03,3.372556762769818306e-03,4.873028490692377090e-03,2.697103423997759819e-03,2.705883001908659935e-03,4.864706657826900482e-03,5.846473388373851776e-03,5.655576009303331375e-03,5.760593339800834656e-03,8.680928498506546021e-03,5.739090964198112488e-03,5.335710197687149048e-02,7.353779394179582596e-03,1.972477510571479797e-02,2.080899663269519806e-02,1.402653101831674576e-02,2.415121300145983696e-03,8.346945047378540039e-03,6.433062255382537842e-03,3.126433817669749260e-03,1.364915631711483002e-02,4.175623059272766113e-01,9.834303855895996094e-01,4.203909263014793396e-02,2.967627719044685364e-02,3.598678857088088989e-02,1.612944342195987701e-02,2.314642444252967834e-02,1.127198413014411926e-01,2.915809396654367447e-03,3.702022368088364601e-03,7.018179632723331451e-03,5.276548676192760468e-03,3.899903967976570129e-03,1.708809984847903252e-03,2.118235686793923378e-03,2.359930193051695824e-03,2.150363987311720848e-03,2.253190148621797562e-03,1.618465059436857700e-03,5.031671375036239624e-03,4.479276947677135468e-03,1.784429652616381645e-03,2.790155587717890739e-03,2.534738741815090179e-03,3.793316660448908806e-03,1.621620962396264076e-03,2.323151333257555962e-03,2.156371017917990685e-03,3.762461477890610695e-03,3.064561635255813599e-03,1.597624155692756176e-03,2.447530161589384079e-03,2.442618599161505699e-03,3.131924197077751160e-03
3.668909659609198570e-03,2.919088583439588547e-03,3.151881275698542595e-03,3.453050972893834114e-03,2.105176215991377831e-03,4.788749851286411285e-03,4.934427794069051743e-03,3.361429320648312569e-03,6.029817275702953339e-03,1.059359963983297348e-02,1.006764546036720276e-02,1.591907069087028503e-02,7.901716977357864380e-02,6.350744981318712234e-03,1.017459761351346970e-02,2.452236972749233246e-02,2.014464139938354492e-02,5.701150000095367432e-02,2.891124412417411804e-02,2.165707014501094818e-02,2.724871970713138580e-02,4.171870648860931396e-02,2.572409622371196747e-02,1.364915631711483002e-02,5.264092236757278442e-03,7.915445417165756226e-02,1.169627010822296143e-01,3.316655755043029785e-02,2.200159057974815369e-02,2.856235764920711517e-02,7.860119454562664032e-03,1.071450207382440567e-02,1.906310208141803741e-02,3.896603127941489220e-03,5.539602600038051605e-03,4.603588022291660309e-03,3.132221754640340805e-03,1.990373479202389717e-03,2.330577000975608826e-03,1.844756654463708401e-03,2.661598613485693932e-03,2.674852265045046806e-03,9.937249124050140381e-04,2.556477673351764679e-03,2.083666622638702393e-03,2.696548122912645340e-03,2.020280575379729271e-03,2.318060956895351410e-03,2.167537342756986618e-03,2.890721661970019341e-03,2.183309523388743401e-03,3.147509414702653885e-03,1.475900178775191307e-03,4.778157919645309448e-03,3.870071144774556160e-03,2.014772733673453331e-03,2.184154232963919640e-03,1.899010268971323967e-03,2.259750384837388992e-03
7.166706025600433350e-03,5.112591665238142014e-03,6.259135901927947998e-03,1.530818641185760498e-03,3.962513059377670288e-03,8.754172362387180328e-03,1.428390014916658401e-02,3.089204430580139160e-03,3.171048592776060104e-03,5.426755174994468689e-03,6.733862217515707016e-03,4.138483665883541107e-03,5.705974996089935303e-03,9.318402968347072601e-03,3.863976337015628815e-03,2.079707011580467224e-02,1.125533320009708405e-02,1.719786785542964935e-02,1.463238801807165146e-02,1.082156226038932800e-02,1.466110697947442532e-03,1.280848588794469833e-02,2.526182681322097778e-03,4.175623059272766113e-01,7.915445417165756226e-02,1.193266827613115311e-03,8.605919033288955688e-02,2.769336700439453125e-01,2.884270390495657921e-03,6.279319524765014648e-02,1.897757174447178841e-03,1.736083626747131348e-02,3.298691287636756897e-02,2.839225810021162033e-03,4.562723450362682343e-03,6.098920479416847229e-03,5.119921639561653137e-03,2.888449234887957573e-03,3.869940759614109993e-03,4.849964752793312073e-03,2.283613430336117744e-03,2.229465171694755554e-03,2.779462840408086777e-03,5.899690091609954834e-03,4.512666258960962296e-03,2.951978472992777824e-03,2.203344833105802536e-03,4.521728027611970901e-03,6.545614916831254959e-03,6.964982487261295319e-03,3.122826339676976204e-03,1.650006161071360111e-03,4.892100580036640167e-03,3.145584370940923691e-03,3.525025909766554832e-03,5.465574562549591064e-03,2.826562849804759026e-03,2.261077519506216049e-03,5.615667905658483505e-03
3.823722712695598602e-03,2.457436872646212578e-03,2.257231855764985085e-03,1.550488988868892193e-03,2.772337757050991058e-03,2.853584010154008865e-03,1.738893217407166958e-03,3.179727355018258095e-03,1.889579929411411285e-03,4.019858315587043762e-03,2.994996495544910431e-03,3.314881119877099991e-03,1.075131911784410477e-02,1.725790277123451233e-02,2.718861447647213936e-03,1.359472144395112991e-02,5.485365632921457291e-03,3.129975497722625732e-02,8.245906233787536621e-02,6.154820695519447327e-02,2.908481843769550323e-02,8.153528720140457153e-02,1.687971875071525574e-02,9.834303855895996094e-01,1.169627010822296143e-01,8.605919033288955688e-02,6.919585284776985645e-04,7.018910348415374756e-02,8.875506930053234100e-03,1.705560237169265747e-01,1.125440560281276703e-02,3.880433738231658936e-02,7.755292207002639771e-02,2.551568904891610146e-03,2.993480535224080086e-03,6.953962612897157669e-03,3.856894792988896370e-03,2.719047712162137032e-03,3.070045728236436844e-03,4.734881222248077393e-03,1.702977810055017471e-03,1.590283936820924282e-03,3.614118788391351700e-03,3.655337262898683548e-03,1.220853417180478573e-03,3.246282925829291344e-03,1.705098198726773262e-03,2.102500293403863907e-03,2.761205891147255898e-03,1.848789514042437077e-03,2.397139091044664383e-03,1.494060270488262177e-03,1.141026965342462063e-03,2.235940657556056976e-03,4.438804928213357925e-03,1.788727473467588425e-03,1.262209145352244377e-03,1.732661621645092964e-03,2.011323813349008560e-03
