7.349348743446171284e-04,1.988411694765090942e-01,1.704849004745483398e-01,4.447246715426445007e-02,5.055594444274902344e-02,7.388301659375429153e-03,5.188387259840965271e-02,4.542889446020126343e-02,8.969337679445743561e-03,1.693493872880935669e-02,4.712800960987806320e-03,1.539337076246738434e-02,5.046790931373834610e-03,1.158502604812383652e-02,4.038031678646802902e-03,1.320467982441186905e-02,5.440260283648967743e-03,9.564619511365890503e-03,7.509237620979547501e-03,2.268935320898890495e-03,2.513332525268197060e-03,3.135980339720845222e-03,1.711377408355474472e-03,4.167722538113594055e-03,3.228147281333804131e-03,6.398383527994155884e-03,3.891682717949151993e-03,4.651293624192476273e-03,3.351088846102356911e-03,4.140053875744342804e-03,4.119167570024728775e-03,3.639560891315340996e-03,2.957254415377974510e-03,2.556072780862450600e-03,3.820002777501940727e-03,8.488970808684825897e-03,7.042922545224428177e-03,1.992957200855016708e-03,2.071201102808117867e-03,5.638180300593376160e-03,5.494454875588417053e-03,1.712233060970902443e-03,3.352959174662828445e-03,4.863298963755369186e-03,3.418479114770889282e-03,5.437314976006746292e-03,3.527750493958592415e-03,4.977126140147447586e-03,6.064669229090213776e-03,9.649965912103652954e-03,5.454557016491889954e-03,4.933809395879507065e-03,4.208466038107872009e-03,9.259838610887527466e-03,7.379529532045125961e-03,1.534483768045902252e-02,5.607435479760169983e-03,4.078783094882965088e-03,7.379567716270685196e-03
1.988411694765090942e-01,1.444454677402973175e-02,7.794829457998275757e-02,2.473223954439163208e-02,4.591406583786010742e-01,1.024068240076303482e-02,2.309393286705017090e-01,1.243513375520706177e-01,2.572524920105934143e-02,1.224390417337417603e-02,1.012878585606813431e-02,5.697486456483602524e-03,1.052323635667562485e-02,1.381402183324098587e-02,3.962547052651643753e-03,6.914870813488960266e-03,3.505613189190626144e-03,1.611392386257648468e-02,4.506490658968687057e-03,3.084913361817598343e-03,2.749658655375242233e-03,2.214146777987480164e-03,2.491304185241460800e-03,2.731521381065249443e-03,2.523401519283652306e-03,3.936076536774635315e-03,5.451812874525785446e-03,5.516968201845884323e-03,1.871773274615406990e-03,2.569433068856596947e-03,7.400253321975469589e-03,3.198825987055897713e-03,5.510026123374700546e-03,1.685680588707327843e-03,3.588845487684011459e-03,6.061166524887084961e-03,1.133651006966829300e-02,2.559295156970620155e-03,3.171027638018131256e-03,7.037472911179065704e-03,2.871357602998614311e-03,1.851862063631415367e-03,2.867747331038117409e-03,6.912509910762310028e-03,5.070891696959733963e-03,4.555090796202421188e-03,2.899465151131153107e-03,2.854980528354644775e-03,2.493418985977768898e-03,4.124181810766458511e-03,4.478469025343656540e-03,1.818394055590033531e-03,1.935377949848771095e-03,3.857138566672801971e-03,3.219977952539920807e-03,3.155261510983109474e-03,2.938102930784225464e-03,3.369642421603202820e-03,1.489347964525222778e-02
1.704849004745483398e-01,7.794829457998275757e-02,1.153563335537910461e-02,7.409551739692687988e-02,8.437660932540893555e-01,2.460538037121295929e-02,1.832024566829204559e-02,5.827149748802185059e-02,6.574661936610937119e-03,2.248284639790654182e-03,1.041157636791467667e-02,3.624019445851445198e-03,6.846477743238210678e-03,7.258615456521511078e-03,4.475470166653394699e-03,5.694780498743057251e-03,3.176790429279208183e-03,1.104727294296026230e-02,4.122468642890453339e-03,2.424843842163681984e-03,2.892794786021113396e-03,2.364440821111202240e-03,1.586135826073586941e-03,2.875479636713862419e-03,2.325931796804070473e-03,8.253682404756546021e-03,2.738836454227566719e-03,2.960465848445892334e-03,1.848765648901462555e-03,1.928499783389270306e-03,2.075760625302791595e-03,5.096627864986658096e-03,4.411669448018074036e-03,1.934979343786835670e-03,6.254650186747312546e-03,1.228467933833599091e-02,1.140997186303138733e-02,3.452517557889223099e-03,3.140676533803343773e-03,6.315564271062612534e-03,3.534320509061217308e-03,1.474043936468660831e-03,4.154797177761793137e-03,2.626409195363521576e-02,3.911433275789022446e-03,3.766633803024888039e-03,3.067113691940903664e-03,3.608933417126536369e-03,7.146269548684358597e-03,6.390094757080078125e-03,3.389037447050213814e-03,2.073345007374882698e-03,2.699409378692507744e-03,4.956362769007682800e-03,2.062613703310489655e-02,1.080986391752958298e-02,4.078748170286417007e-03,4.103357437998056412e-03,6.546517834067344666e-03
4.447246715426445007e-02,2.473223954439163208e-02,7.409551739692687988e-02,2.756026759743690491e-02,6.257231235504150391e-01,4.251739010214805603e-02,4.984690807759761810e-03,9.931896328926086426e-01,6.913976669311523438e-01,8.939091116189956665e-03,5.209974944591522217e-02,4.193943459540605545e-03,3.776071825996041298e-03,5.606749560683965683e-03,6.365769077092409134e-03,5.131416022777557373e-03,5.209526047110557556e-03,1.197143830358982086e-02,1.204651314765214920e-02,3.226156113669276237e-03,6.078524980694055557e-03,2.783662173897027969e-03,3.790484974160790443e-03,3.119370667263865471e-03,3.112089820206165314e-03,4.004532005637884140e-03,1.124862930737435818e-03,5.409175064414739609e-03,2.215280663222074509e-03,2.133810427039861679e-03,1.286952407099306583e-03,3.094852901995182037e-03,3.253844566643238068e-03,2.887456445023417473e-03,5.353338550776243210e-03,2.885519992560148239e-03,2.587331924587488174e-03,3.212398849427700043e-03,1.224050880409777164e-03,2.460778458043932915e-03,4.532422870397567749e-03,3.811990609392523766e-03,2.556848572567105293e-03,2.569640520960092545e-03,4.943025298416614532e-03,4.610525909811258316e-03,3.411642042919993401e-03,1.448643626645207405e-03,1.161864143796265125e-03,1.082543516531586647e-03,5.786871071904897690e-03,2.848987001925706863e-03,1.634439220651984215e-03,4.408173263072967529e-03,2.511219820007681847e-03,2.840735483914613724e-03,6.807589903473854065e-03,1.527626882307231426e-03,3.810879075899720192e-03
5.055594444274902344e-02,4.591406583786010742e-01,8.437660932540893555e-01,6.257231235504150391e-01,9.815145283937454224e-03,3.833048790693283081e-02,9.636730551719665527e-01,3.135999739170074463e-01,2.936724387109279633e-02,4.208475816994905472e-03,1.239272207021713257e-02,4.823084454983472824e-03,5.158680956810712814e-03,3.437249455600976944e-03,3.021910320967435837e-03,5.092956591397523880e-03,3.007070859894156456e-03,8.855554275214672089e-03,5.694891326129436493e-03,1.995485508814454079e-03,2.106350613757967949e-03,2.102380385622382164e-03,2.996932016685605049e-03,4.063115455210208893e-03,2.833897015079855919e-03,6.451558321714401245e-03,4.614889621734619141e-03,3.438935382291674614e-03,2.065395470708608627e-03,2.496400149539113045e-03,2.263692906126379967e-03,2.245260635390877724e-03,3.927797544747591019e-03,1.934046740643680096e-03,7.969542406499385834e-03,4.685178864747285843e-03,4.909648559987545013e-03,2.104222774505615234e-03,3.087921068072319031e-03,4.788806661963462830e-03,2.349312417209148407e-03,1.234690193086862564e-03,1.996702281758189201e-03,3.164591733366250992e-03,1.895438297651708126e-03,2.793689724057912827e-03,1.779319485649466515e-03,2.024755114689469337e-03,2.959800418466329575e-03,3.187750931829214096e-03,4.912388511002063751e-03,1.713332952931523323e-03,1.368116470985114574e-03,5.296945106238126755e-03,2.175973262637853622e-03,3.232991555705666542e-03,2.914014738053083420e-03,1.614620210602879524e-03,4.380447790026664734e-03
7.388301659375429153e-03,1.024068240076303482e-02,2.460538037121295929e-02,4.251739010214805603e-02,3.833048790693283081e-02,2.229297161102294922e-02,2.440026961266994476e-02,4.821112379431724548e-02,1.096119657158851624e-01,4.834587499499320984e-02,7.240874320268630981e-02,7.662016432732343674e-03,3.732518060132861137e-03,2.072871476411819458e-02,1.200852822512388229e-02,1.605548337101936340e-02,1.111681759357452393e-02,5.217076838016510010e-02,2.260151691734790802e-02,1.310856360942125320e-02,6.546601653099060059e-03,7.490277290344238281e-03,9.517360478639602661e-03,7.915592752397060394e-03,8.422677405178546906e-03,1.086107920855283737e-02,1.927847159095108509e-03,5.465799942612648010e-03,2.202640520408749580e-03,3.872855333611369133e-03,1.610418665222823620e-03,3.986728377640247345e-03,2.677830634638667107e-03,1.964703667908906937e-03,1.663761213421821594e-02,5.945765413343906403e-03,7.267141714692115784e-03,3.208365989848971367e-03,2.310189418494701385e-03,2.028988441452383995e-03,2.590446965768933296e-03,1.742200693115592003e-03,2.138529904186725616e-03,2.217636443674564362e-03,2.955913543701171875e-03,3.708662232384085655e-03,1.428500050678849220e-03,1.624454394914209843e-03,1.206276472657918930e-03,3.177020000293850899e-03,1.940405229106545448e-03,2.148074097931385040e-03,1.736605190671980381e-03,4.748648963868618011e-03,2.670172834768891335e-03,4.142663907259702682e-03,6.268768105655908585e-03,2.139460993930697441e-03,4.889445845037698746e-03
5.188387259840965271e-02,2.309393286705017090e-01,1.832024566829204559e-02,4.984690807759761810e-03,9.636730551719665527e-01,2.440026961266994476e-02,7.853005081415176392e-03,3.313099741935729980e-01,1.778480410575866699e-02,3.465042263269424438e-02,4.237905144691467285e-03,1.266839075833559036e-02,1.491702441126108170e-02,1.599754579365253448e-02,2.699219388887286186e-03,6.582234054803848267e-03,3.776432247832417488e-03,1.427691336721181870e-02,5.458383820950984955e-03,4.668910522013902664e-03,5.224160850048065186e-03,2.701133722439408302e-03,3.682161448523402214e-03,4.437694326043128967e-03,7.500621024519205093e-03,7.848306559026241302e-03,1.608661026693880558e-03,3.662761766463518143e-03,1.985224662348628044e-03,3.217471996322274208e-03,3.988730255514383316e-03,4.904121160507202148e-03,5.507244262844324112e-03,2.032931661233305931e-03,6.394570693373680115e-03,6.401364225894212723e-03,6.368979346007108688e-03,2.101592253893613815e-03,5.773993674665689468e-03,3.557929769158363342e-03,4.736535251140594482e-03,2.749019069597125053e-03,1.755317905917763710e-03,2.720755059272050858e-03,2.777002751827239990e-03,2.831678604707121849e-03,1.201640581712126732e-03,2.578033367171883583e-03,3.089590696617960930e-03,2.492132596671581268e-03,2.825182629749178886e-03,1.905963290482759476e-03,2.877526916563510895e-03,3.201886778697371483e-03,3.819708479568362236e-03,3.660700283944606781e-03,3.687478136271238327e-03,2.139384625479578972e-03,9.225914254784584045e-03
4.542889446020126343e-02,1.243513375520706177e-01,5.827149748802185059e-02,9.931896328926086426e-01,3.135999739170074463e-01,4.821112379431724548e-02,3.313099741935729980e-01,8.211223408579826355e-03,5.812710616737604141e-03,7.238502800464630127e-02,4.499264061450958252e-02,2.342197345569729805e-03,5.447163712233304977e-03,4.778445698320865631e-03,6.089435890316963196e-03,8.223037235438823700e-03,4.401523154228925705e-03,1.212866883724927902e-02,5.922487005591392517e-03,5.472528282552957535e-03,6.608164403587579727e-03,2.826340962201356888e-03,6.522947456687688828e-03,6.189237814396619797e-03,5.095677915960550308e-03,7.354736793786287308e-03,3.266488434746861458e-03,2.951957518234848976e-03,2.793345600366592407e-03,3.641288727521896362e-03,1.258136588148772717e-03,2.867251401767134666e-03,3.578086616471409798e-03,1.361027942039072514e-03,4.213948734104633331e-03,4.596188664436340332e-03,3.696916392073035240e-03,2.301477361470460892e-03,1.557144569233059883e-03,1.767484936863183975e-03,2.672981936484575272e-03,1.577881863340735435e-03,1.986592076718807220e-03,3.042439697310328484e-03,2.431463450193405151e-03,3.544220700860023499e-03,2.753668930381536484e-03,3.734075231477618217e-03,1.782756415195763111e-03,1.881659263744950294e-03,3.064958145841956139e-03,1.463346183300018311e-03,1.320664538070559502e-03,3.478333121165633202e-03,2.410406479611992836e-03,3.321485361084342003e-03,4.491087049245834351e-03,2.347005764022469521e-03,3.329167375341057777e-03
8.969337679445743561e-03,2.572524920105934143e-02,6.574661936610937119e-03,6.913976669311523438e-01,2.936724387109279633e-02,1.096119657158851624e-01,1.778480410575866699e-02,5.812710616737604141e-03,1.881482079625129700e-02,2.291432954370975494e-02,1.662793196737766266e-02,4.988837987184524536e-02,6.660732440650463104e-03,4.125684499740600586e-03,9.228637814521789551e-02,1.074498053640127182e-02,6.763228774070739746e-02,1.320487819612026215e-02,6.331300362944602966e-03,2.766264416277408600e-02,2.420187182724475861e-02,1.713697239756584167e-02,1.530529092997312546e-02,2.630530158057808876e-03,5.921380594372749329e-03,4.275613464415073395e-03,1.719394349493086338e-03,5.634949542582035065e-03,9.432114660739898682e-03,1.771379378624260426e-03,5.146786570549011230e-03,2.299151849001646042e-03,3.110696561634540558e-03,2.167171100154519081e-03,4.636803641915321350e-03,1.620598370209336281e-03,1.626134850084781647e-03,5.246490705758333206e-03,1.636064727790653706e-03,1.520949415862560272e-03,6.864320486783981323e-03,4.830911289900541306e-03,1.087696640752255917e-03,1.342201372608542442e-03,4.995742812752723694e-03,3.131781006231904030e-03,2.396488096565008163e-03,1.795968040823936462e-03,1.382663031108677387e-03,1.259672571904957294e-03,3.216079203411936760e-03,5.874167196452617645e-03,1.814649440348148346e-03,3.166767768561840057e-03,1.491830334998667240e-03,2.361385617405176163e-03,1.282839756458997726e-02,2.313523087650537491e-03,3.753792494535446167e-03
1.693493872880935669e-02,1.224390417337417603e-02,2.248284639790654182e-03,8.939091116189956665e-03,4.208475816994905472e-03,4.834587499499320984e-02,3.465042263269424438e-02,7.238502800464630127e-02,2.291432954370975494e-02,1.481490861624479294e-02,2.771878242492675781e-01,1.696257293224334717e-01,1.514021158218383789e-01,5.889515206217765808e-02,9.963670372962951660e-02,7.616587914526462555e-03,3.039242513477802277e-02,6.173249799758195877e-03,5.885664839297533035e-03,2.828983217477798462e-02,9.698075242340564728e-03,1.341965422034263611e-02,1.638851314783096313e-02,3.392983926460146904e-03,1.072549447417259216e-02,3.875122405588626862e-03,2.057266887277364731e-03,9.283161722123622894e-03,6.057717837393283844e-03,2.645611995831131935e-03,3.304114565253257751e-03,4.432550631463527679e-03,3.879155265167355537e-03,2.301292261108756065e-03,2.726728562265634537e-03,4.191331099718809128e-03,3.524633822962641716e-03,2.394229639321565628e-03,1.196253695525228977e-03,1.727064023725688457e-03,3.001259407028555870e-03,2.571648452430963516e-03,1.305165351368486881e-03,1.706781564280390739e-03,2.484290627762675285e-03,2.568041440099477768e-03,1.951420097611844540e-03,1.364495721645653248e-03,1.452537020668387413e-03,1.890940358862280846e-03,2.486795652657747269e-03,1.818704768083989620e-03,2.075749682262539864e-03,3.666935022920370102e-03,2.900094958022236824e-03,3.199955914169549942e-03,6.323733367025852203e-03,2.558021107688546181e-03,2.859255764633417130e-03
4.712800960987806320e-03,1.012878585606813431e-02,1.041157636791467667e-02,5.209974944591522217e-02,1.239272207021713257e-02,7.240874320268630981e-02,4.237905144691467285e-03,4.499264061450958252e-02,1.662793196737766266e-02,2.771878242492675781e-01,1.128346077166497707e-03,1.377919502556324005e-02,3.786043524742126465e-01,1.659186482429504395e-01,3.761425986886024475e-02,2.252539061009883881e-02,9.762334637343883514e-03,3.166255354881286621e-02,3.057090006768703461e-02,4.285948351025581360e-02,8.111450821161270142e-03,1.071074139326810837e-02,1.959306187927722931e-02,4.418632015585899353e-03,5.061796400696039200e-03,8.798379451036453247e-03,5.462967790663242340e-03,3.101044101640582085e-03,2.457381924614310265e-03,4.169557243585586548e-03,4.211396444588899612e-03,4.344959743320941925e-03,3.227331209927797318e-03,1.243504229933023453e-03,7.075526751577854156e-03,3.208681708201766014e-03,3.420050488784909248e-03,2.431227359920740128e-03,1.712407567538321018e-03,2.876759506762027740e-03,3.364474046975374222e-03,2.670970512554049492e-03,2.100925426930189133e-03,2.382108010351657867e-03,3.983770031481981277e-03,2.264376031234860420e-03,2.561326371505856514e-03,8.734704460948705673e-04,1.753299497067928314e-03,1.016616937704384327e-03,2.668011002242565155e-03,1.448900206014513969e-03,1.629226608201861382e-03,4.473800770938396454e-03,1.403251197189092636e-03,2.936480101197957993e-03,4.949362017214298248e-03,2.506122225895524025e-03,2.525616670027375221e-03
1.539337076246738434e-02,5.697486456483602524e-03,3.624019445851445198e-03,4.193943459540605545e-03,4.823084454983472824e-03,7.662016432732343674e-03,1.266839075833559036e-02,2.342197345569729805e-03,4.988837987184524536e-02,1.696257293224334717e-01,1.377919502556324005e-02,1.198888942599296570e-02,3.867504000663757324e-02,1.024269312620162964e-02,2.774070203304290771e-01,9.249944239854812622e-03,2.952714823186397552e-02,1.105612702667713165e-02,5.034786835312843323e-02,4.916608333587646484e-02,3.733886405825614929e-02,3.500186651945114136e-02,1.467170380055904388e-02,5.387640092521905899e-03,4.588777199387550354e-03,5.484658759087324142e-03,3.023796016350388527e-03,6.828700192272663116e-03,7.277518045157194138e-03,3.270242828875780106e-03,3.718712832778692245e-03,4.935293924063444138e-03,4.121644422411918640e-03,2.887943759560585022e-03,2.963318955153226852e-03,2.580828033387660980e-03,1.929713413119316101e-03,4.555932246148586273e-03,2.513260813429951668e-03,1.812222180888056755e-03,3.794819815084338188e-03,4.444293212145566940e-03,1.311115804128348827e-03,1.304315868765115738e-03,3.289667889475822449e-03,3.036350943148136139e-03,3.943428397178649902e-03,1.834455411881208420e-03,1.985017675906419754e-03,2.043569693341851234e-03,3.595479531213641167e-03,3.619831055402755737e-03,2.152398927137255669e-03,6.346861831843852997e-03,2.409303793683648109e-03,3.404994960874319077e-03,1.084604952484369278e-02,2.996266819536685944e-03,4.547411110252141953e-03
5.046790931373834610e-03,1.052323635667562485e-02,6.846477743238210678e-03,3.776071825996041298e-03,5.158680956810712814e-03,3.732518060132861137e-03,1.491702441126108170e-02,5.447163712233304977e-03,6.660732440650463104e-03,1.514021158218383789e-01,3.786043524742126465e-01,3.867504000663757324e-02,1.068937941454350948e-03,1.029488369822502136e-01,3.746271133422851562e-02,2.222377955913543701e-01,5.943255126476287842e-02,4.673264548182487488e-02,3.614458814263343811e-02,5.689437687397003174e-02,6.949061527848243713e-03,1.672316715121269226e-02,3.728434070944786072e-02,1.011102553457021713e-02,4.634038731455802917e-02,1.600587926805019379e-02,1.060717739164829254e-02,1.161998603492975235e-02,7.673905696719884872e-03,6.086735054850578308e-03,3.001828910782933235e-03,3.964340779930353165e-03,9.492427110671997070e-03,1.357415574602782726e-03,1.856500515714287758e-03,2.135366434231400490e-03,2.960457699373364449e-03,2.551305573433637619e-03,1.692750491201877594e-03,1.185676199384033680e-03,1.118147862143814564e-03,1.184446970000863075e-03,7.858119788579642773e-04,1.257035764865577221e-03,1.923528965562582016e-03,2.436254173517227173e-03,1.496330602094531059e-03,9.516375721432268620e-04,1.407341100275516510e-03,2.388621214777231216e-03,2.277395687997341156e-03,1.179594197310507298e-03,2.315355231985449791e-03,3.947954159229993820e-03,4.765307065099477768e-03,4.624460358172655106e-03,4.615908022969961166e-03,2.301569329574704170e-03,3.214914584532380104e-03
1.158502604812383652e-02,1.381402183324098587e-02,7.258615456521511078e-03,5.606749560683965683e-03,3.437249455600976944e-03,2.072871476411819458e-02,1.599754579365253448e-02,4.778445698320865631e-03,4.125684499740600586e-03,5.889515206217765808e-02,1.659186482429504395e-01,1.024269312620162964e-02,1.029488369822502136e-01,2.240480156615376472e-03,3.009823337197303772e-02,1.811873912811279297e-01,2.044464834034442902e-02,1.558165717869997025e-02,2.047378383576869965e-02,2.214242145419120789e-02,7.748685311526060104e-03,1.122987456619739532e-02,1.516851969063282013e-02,7.020222954452037811e-03,1.301635522395372391e-02,1.885060034692287445e-02,5.836346186697483063e-03,5.665922537446022034e-03,6.519570946693420410e-03,3.373245708644390106e-03,4.414507653564214706e-03,4.287438467144966125e-03,4.332125186920166016e-03,2.768223639577627182e-03,2.735757967457175255e-03,4.269632976502180099e-03,1.492790225893259048e-02,2.831720281392335892e-03,2.156264381483197212e-03,1.921165618114173412e-03,3.063760465011000633e-03,1.700158230960369110e-03,1.465486828237771988e-03,6.044797133654356003e-03,7.125849835574626923e-03,3.993981052190065384e-03,2.392859896644949913e-03,1.947579206898808479e-03,1.894199987873435020e-03,3.297326853498816490e-03,2.300050109624862671e-03,1.795131247490644455e-03,1.381066627800464630e-03,2.932258415967226028e-03,2.125906758010387421e-03,2.389738569036126137e-03,3.785252571105957031e-03,2.258890541270375252e-03,5.157560110092163086e-03
4.038031678646802902e-03,3.962547052651643753e-03,4.475470166653394699e-03,6.365769077092409134e-03,3.021910320967435837e-03,1.200852822512388229e-02,2.699219388887286186e-03,6.089435890316963196e-03,9.228637814521789551e-02,9.963670372962951660e-02,3.761425986886024475e-02,2.774070203304290771e-01,3.746271133422851562e-02,3.009823337197303772e-02,1.285267807543277740e-02,4.532424360513687134e-02,3.732787966728210449e-01,1.309948693960905075e-02,1.605718582868576050e-02,1.254990249872207642e-01,1.605061814188957214e-02,8.195518702268600464e-02,7.097499072551727295e-02,5.765945650637149811e-03,5.743230693042278290e-03,3.381281858310103416e-03,3.542984835803508759e-03,8.434461429715156555e-03,6.417172960937023163e-03,3.313570283353328705e-03,5.484099034219980240e-03,2.820168389007449150e-03,2.982220379635691643e-03,4.944463260471820831e-03,3.606889862567186356e-03,1.502420753240585327e-03,3.240033984184265137e-03,6.052637472748756409e-03,1.422931323759257793e-03,1.346437376923859119e-03,5.540143698453903198e-03,2.405711216852068901e-03,1.118468469940125942e-03,1.946476404555141926e-03,5.134003702551126480e-03,3.721586428582668304e-03,3.039132338017225266e-03,1.500402577221393585e-03,1.385429641231894493e-03,1.101075438782572746e-03,1.466287299990653992e-03,2.063346328213810921e-03,1.447064918465912342e-03,2.728313440456986427e-03,1.492914743721485138e-03,2.310491865500807762e-03,4.213634878396987915e-03,1.886685611680150032e-03,2.206115284934639931e-03
1.320467982441186905e-02,6.914870813488960266e-03,5.694780498743057251e-03,5.131416022777557373e-03,5.092956591397523880e-03,1.605548337101936340e-02,6.582234054803848267e-03,8.223037235438823700e-03,1.074498053640127182e-02,7.616587914526462555e-03,2.252539061009883881e-02,9.249944239854812622e-03,2.222377955913543701e-01,1.811873912811279297e-01,4.532424360513687134e-02,1.505549997091293335e-03,4.555380437523126602e-03,9.272142052650451660e-01,1.540077924728393555e-01,4.038685467094182968e-03,1.203569024801254272e-02,6.392905861139297485e-02,4.449735395610332489e-03,9.376985952258110046e-03,1.705245301127433777e-02,1.827802322804927826e-02,5.466108210384845734e-03,6.546011660248041153e-03,6.052032578736543655e-03,6.156510207802057266e-03,7.466563489288091660e-03,1.056654378771781921e-02,1.163360197097063065e-02,1.581529504619538784e-03,2.072282833978533745e-03,2.708768006414175034e-03,3.580363700166344643e-03,2.809296827763319016e-03,1.294168294407427311e-03,2.203674055635929108e-03,2.218081848695874214e-03,1.811846974305808544e-03,2.793510444462299347e-03,2.351180650293827057e-03,4.505397751927375793e-03,4.283294081687927246e-03,1.738902297802269459e-03,1.875067828223109245e-03,1.346543082036077976e-03,1.397698186337947845e-03,1.593755092471837997e-03,1.183977699838578701e-03,1.128347124904394150e-03,1.937862834893167019e-03,2.928128000348806381e-03,6.494980305433273315e-03,4.206430166959762573e-03,1.474716467782855034e-03,2.846816321834921837e-03
5.440260283648967743e-03,3.505613189190626144e-03,3.176790429279208183e-03,5.209526047110557556e-03,3.007070859894156456e-03,1.111681759357452393e-02,3.776432247832417488e-03,4.401523154228925705e-03,6.763228774070739746e-02,3.039242513477802277e-02,9.762334637343883514e-03,2.952714823186397552e-02,5.943255126476287842e-02,2.044464834034442902e-02,3.732787966728210449e-01,4.555380437523126602e-03,3.000268340110778809e-02,2.608104841783642769e-03,7.448876742273569107e-03,5.983902513980865479e-02,1.102037727832794189e-02,6.604596972465515137e-02,3.674848005175590515e-02,1.888106949627399445e-02,1.805382966995239258e-02,9.381261654198169708e-03,4.923741798847913742e-03,1.098090317100286484e-02,3.683070093393325806e-02,5.948968231678009033e-03,5.603284109383821487e-03,3.202064661309123039e-03,4.459234420210123062e-03,5.851306021213531494e-03,2.841346198692917824e-03,1.844979589805006981e-03,2.528061391785740852e-03,5.823832005262374878e-03,1.220920239575207233e-03,1.339152920991182327e-03,3.719425061717629433e-03,2.866921480745077133e-03,1.288497122004628181e-03,1.614141394384205341e-03,5.413293838500976562e-03,3.862251760438084602e-03,4.313696641474962234e-03,2.338339574635028839e-03,2.156641799956560135e-03,1.982203684747219086e-03,3.619538852944970131e-03,3.461044514551758766e-03,1.520352787338197231e-03,3.351961728185415268e-03,1.875467714853584766e-03,2.291881013661623001e-03,7.391610648483037949e-03,4.044526256620883942e-03,3.267850028350949287e-03
9.564619511365890503e-03,1.611392386257648468e-02,1.104727294296026230e-02,1.197143830358982086e-02,8.855554275214672089e-03,5.217076838016510010e-02,1.427691336721181870e-02,1.212866883724927902e-02,1.320487819612026215e-02,6.173249799758195877e-03,3.166255354881286621e-02,1.105612702667713165e-02,4.673264548182487488e-02,1.558165717869997025e-02,1.309948693960905075e-02,9.272142052650451660e-01,2.608104841783642769e-03,1.108085038140416145e-03,5.006762742996215820e-01,1.072525791823863983e-02,3.852682188153266907e-02,3.964800387620925903e-03,9.156336076557636261e-03,2.315289108082652092e-03,1.342175621539354324e-02,5.028442479670047760e-03,2.016117610037326813e-02,6.328094750642776489e-03,8.665747009217739105e-03,2.952156588435173035e-03,2.612790325656533241e-03,5.199002102017402649e-03,3.081464674323797226e-03,1.632953761145472527e-03,2.796673448756337166e-03,3.002392826601862907e-03,1.562649966217577457e-03,3.376721637323498726e-03,1.468954607844352722e-03,1.960919471457600594e-03,4.093071911484003067e-03,2.705301390960812569e-03,1.131837721914052963e-03,3.182858927175402641e-03,6.877488456666469574e-03,4.594600759446620941e-03,4.236134700477123260e-03,2.347407862544059753e-03,1.299281488172709942e-03,2.338336315006017685e-03,2.638350706547498703e-03,2.091146074235439301e-03,2.616550773382186890e-03,3.046230180189013481e-03,3.020382253453135490e-03,4.010887350887060165e-03,3.723977832123637199e-03,1.709422562271356583e-03,3.308681072667241096e-03
7.509237620979547501e-03,4.506490658968687057e-03,4.122468642890453339e-03,1.204651314765214920e-02,5.694891326129436493e-03,2.260151691734790802e-02,5.458383820950984955e-03,5.922487005591392517e-03,6.331300362944602966e-03,5.885664839297533035e-03,3.057090006768703461e-02,5.034786835312843323e-02,3.614458814263343811e-02,2.047378383576869965e-02,1.605718582868576050e-02,1.540077924728393555e-01,7.448876742273569107e-03,5.006762742996215820e-01,2.122396603226661682e-03,3.651795163750648499e-02,1.745729148387908936e-01,1.729365065693855286e-02,6.664112210273742676e-03,9.089979343116283417e-03,2.274589613080024719e-02,1.597053185105323792e-02,2.301337756216526031e-02,1.149759814143180847e-02,1.430482883006334305e-02,2.338000759482383728e-02,5.634760018438100815e-03,4.552051890641450882e-03,5.386242642998695374e-03,4.485228098928928375e-03,1.868704101070761681e-03,3.431331831961870193e-03,3.533494658768177032e-03,4.743389785289764404e-03,1.617922564037144184e-03,2.422780264168977737e-03,3.242765553295612335e-03,3.315066918730735779e-03,8.345270762220025063e-04,3.259184071794152260e-03,3.449216717854142189e-03,3.482229309156537056e-03,2.122795442119240761e-03,1.917930785566568375e-03,1.952229067683219910e-03,2.846013754606246948e-03,2.478331560268998146e-03,1.555783441290259361e-03,9.522525360807776451e-04,1.893909880891442299e-03,1.298479153774678707e-03,1.656767213717103004e-03,2.515663392841815948e-03,9.196706232614815235e-04,1.786306966096162796e-03
2.268935320898890495e-03,3.084913361817598343e-03,2.424843842163681984e-03,3.226156113669276237e-03,1.995485508814454079e-03,1.310856360942125320e-02,4.668910522013902664e-03,5.472528282552957535e-03,2.766264416277408600e-02,2.828983217477798462e-02,4.285948351025581360e-02,4.916608333587646484e-02,5.689437687397003174e-02,2.214242145419120789e-02,1.254990249872207642e-01,4.038685467094182968e-03,5.983902513980865479e-02,1.072525791823863983e-02,3.651795163750648499e-02,7.020336575806140900e-03,2.071110159158706665e-02,7.657569646835327148e-02,3.844841569662094116e-02,6.669294089078903198e-03,2.706434205174446106e-02,5.885706283152103424e-03,2.093571238219738007e-02,1.714546233415603638e-02,1.122500300407409668e-01,7.317992858588695526e-03,6.630008108913898468e-03,4.101136233657598495e-03,7.368953432887792587e-03,3.476379904896020889e-03,3.641832154244184494e-03,2.245082287117838860e-03,1.520916819572448730e-03,6.529845297336578369e-03,1.393822138197720051e-03,1.027095830067992210e-03,3.584392601624131203e-03,2.830200595781207085e-03,1.256225397810339928e-03,1.684693153947591782e-03,6.460884585976600647e-03,3.196883713826537132e-03,2.287650015205144882e-03,2.037264406681060791e-03,1.504087704233825207e-03,1.357253408059477806e-03,2.634109463542699814e-03,3.282597754150629044e-03,1.198659185320138931e-03,4.449695348739624023e-03,2.772510284557938576e-03,1.329025020822882652e-03,8.334796875715255737e-03,1.645755837671458721e-03,3.024383680894970894e-03
2.513332525268197060e-03,2.749658655375242233e-03,2.892794786021113396e-03,6.078524980694055557e-03,2.106350613757967949e-03,6.546601653099060059e-03,5.224160850048065186e-03,6.608164403587579727e-03,2.420187182724475861e-02,9.698075242340564728e-03,8.111450821161270142e-03,3.733886405825614929e-02,6.949061527848243713e-03,7.748685311526060104e-03,1.605061814188957214e-02,1.203569024801254272e-02,1.102037727832794189e-02,3.852682188153266907e-02,1.745729148387908936e-01,2.071110159158706665e-02,2.662481041625142097e-03,4.784178361296653748e-02,9.397884830832481384e-03,1.028202124871313572e-03,1.154517475515604019e-02,1.712587545625865459e-03,2.622027508914470673e-02,3.600174561142921448e-02,4.960848763585090637e-02,4.089485481381416321e-02,1.864838041365146637e-02,8.627273142337799072e-03,3.376370295882225037e-02,9.023851715028285980e-03,3.958117216825485229e-03,2.784790238365530968e-03,2.337841549888253212e-03,2.685612998902797699e-02,1.814824761822819710e-03,1.746648922562599182e-03,2.113411203026771545e-02,6.961075589060783386e-03,1.510312082245945930e-03,2.766968216747045517e-03,1.422071456909179688e-02,2.700754906982183456e-03,3.273869166150689125e-03,1.967156538739800453e-03,2.357799094170331955e-03,9.641686337999999523e-04,3.170905401930212975e-03,4.840631969273090363e-03,1.616736873984336853e-03,2.194029279053211212e-03,2.270535565912723541e-03,1.315092085860669613e-03,3.117334097623825073e-03,1.965409610420465469e-03,2.889546798542141914e-03
3.135980339720845222e-03,2.214146777987480164e-03,2.364440821111202240e-03,2.783662173897027969e-03,2.102380385622382164e-03,7.490277290344238281e-03,2.701133722439408302e-03,2.826340962201356888e-03,1.713697239756584167e-02,1.341965422034263611e-02,1.071074139326810837e-02,3.500186651945114136e-02,1.672316715121269226e-02,1.122987456619739532e-02,8.195518702268600464e-02,6.392905861139297485e-02,6.604596972465515137e-02,3.964800387620925903e-03,1.729365065693855286e-02,7.657569646835327148e-02,4.784178361296653748e-02,1.567137055099010468e-02,3.768134489655494690e-02,1.676238514482975006e-02,4.289427772164344788e-02,9.652149863541126251e-03,4.081096500158309937e-02,8.375252038240432739e-02,3.552960157394409180e-01,2.052005194127559662e-02,1.114659942686557770e-02,6.543374154716730118e-03,2.819666825234889984e-02,4.114327020943164825e-03,3.109308425337076187e-03,2.593045588582754135e-03,1.398268621414899826e-03,3.851907560601830482e-03,1.628217753022909164e-03,1.176038174889981747e-03,3.482593456283211708e-03,3.475309582427144051e-03,8.083593565970659256e-04,1.019212999381124973e-03,3.017407143488526344e-03,3.681201254948973656e-03,2.364023588597774506e-03,1.507995533756911755e-03,1.509309397079050541e-03,9.900465374812483788e-04,1.331297797150909901e-03,2.973429160192608833e-03,1.313533051870763302e-03,3.685033181682229042e-03,1.517108990810811520e-03,1.483352272771298885e-03,3.901614341884851456e-03,1.607785816304385662e-03,2.295136684551835060e-03
1.711377408355474472e-03,2.491304185241460800e-03,1.586135826073586941e-03,3.790484974160790443e-03,2.996932016685605049e-03,9.517360478639602661e-03,3.682161448523402214e-03,6.522947456687688828e-03,1.530529092997312546e-02,1.638851314783096313e-02,1.959306187927722931e-02,1.467170380055904388e-02,3.728434070944786072e-02,1.516851969063282013e-02,7.097499072551727295e-02,4.449735395610332489e-03,3.674848005175590515e-02,9.156336076557636261e-03,6.664112210273742676e-03,3.844841569662094116e-02,9.397884830832481384e-03,3.768134489655494690e-02,6.758682895451784134e-03,2.543283859267830849e-03,8.844894170761108398e-02,8.767763152718544006e-03,5.587203055620193481e-02,1.482834219932556152e-01,8.854411542415618896e-02,3.470006212592124939e-02,1.997538097202777863e-02,5.112079903483390808e-03,1.935329660773277283e-02,3.690792014822363853e-03,4.480495583266019821e-03,1.264264108613133430e-03,4.177615512162446976e-03,9.858831763267517090e-03,1.867505605332553387e-03,1.585512189194560051e-03,5.581486504524946213e-03,4.351766314357519150e-03,1.330883824266493320e-03,2.912632422521710396e-03,3.094018902629613876e-03,3.233652329072356224e-03,2.348145935684442520e-03,2.131687477231025696e-03,1.490736263804137707e-03,1.962002366781234741e-03,2.152833156287670135e-03,2.870467724278569221e-03,1.294994377531111240e-03,4.238384310156106949e-03,2.203794661909341812e-03,2.553463913500308990e-03,2.542602829635143280e-03,2.239516703411936760e-03,1.667123520746827126e-03
4.167722538113594055e-03,2.731521381065249443e-03,2.875479636713862419e-03,3.119370667263865471e-03,4.063115455210208893e-03,7.915592752397060394e-03,4.437694326043128967e-03,6.189237814396619797e-03,2.630530158057808876e-03,3.392983926460146904e-03,4.418632015585899353e-03,5.387640092521905899e-03,1.011102553457021713e-02,7.020222954452037811e-03,5.765945650637149811e-03,9.376985952258110046e-03,1.888106949627399445e-02,2.315289108082652092e-03,9.089979343116283417e-03,6.669294089078903198e-03,1.028202124871313572e-03,1.676238514482975006e-02,2.543283859267830849e-03,3.492726013064384460e-03,6.833269447088241577e-02,3.079416155815124512e-01,9.843013882637023926e-01,1.258335411548614502e-01,3.013890795409679413e-02,5.510544776916503906e-02,2.109635993838310242e-02,1.769874617457389832e-02,2.007569074630737305e-01,4.666411783546209335e-03,3.286114428192377090e-03,3.470777999609708786e-03,4.200472496449947357e-03,4.628129769116640091e-03,1.454655663110315800e-03,2.059335354715585709e-03,2.718833042308688164e-03,2.061188453808426857e-03,2.056227298453450203e-03,3.565246937796473503e-03,4.969025962054729462e-03,5.454023834317922592e-03,2.067814581096172333e-03,2.405380364507436752e-03,3.415533807128667831e-03,2.697416581213474274e-03,2.902792068198323250e-03,1.907908241264522076e-03,1.441636006347835064e-03,2.450442640110850334e-03,2.835668157786130905e-03,2.843001624569296837e-03,3.031637519598007202e-03,2.044520108029246330e-03,2.541156951338052750e-03
3.228147281333804131e-03,2.523401519283652306e-03,2.325931796804070473e-03,3.112089820206165314e-03,2.833897015079855919e-03,8.422677405178546906e-03,7.500621024519205093e-03,5.095677915960550308e-03,5.921380594372749329e-03,1.072549447417259216e-02,5.061796400696039200e-03,4.588777199387550354e-03,4.634038731455802917e-02,1.301635522395372391e-02,5.743230693042278290e-03,1.705245301127433777e-02,1.805382966995239258e-02,1.342175621539354324e-02,2.274589613080024719e-02,2.706434205174446106e-02,1.154517475515604019e-02,4.289427772164344788e-02,8.844894170761108398e-02,6.833269447088241577e-02,1.467099529691040516e-03,5.745603144168853760e-02,3.205824792385101318e-01,9.184353053569793701e-02,7.277476787567138672e-02,5.404867231845855713e-02,9.442795068025588989e-03,1.830554381012916565e-02,1.188425347208976746e-02,3.672270104289054871e-03,2.716484712436795235e-03,2.206966513767838478e-03,2.318694023415446281e-03,2.483470598235726357e-03,2.062183106318116188e-03,1.600505667738616467e-03,3.222430823370814323e-03,1.743018627166748047e-03,1.023269142024219036e-03,1.865547616034746170e-03,3.020946634933352470e-03,2.715253969654440880e-03,2.239076653495430946e-03,1.856936141848564148e-03,2.173457760363817215e-03,1.852091285400092602e-03,2.176286187022924423e-03,1.905714860185980797e-03,2.095717471092939377e-03,6.432367954403162003e-03,3.009183099493384361e-03,3.249021247029304504e-03,2.927820198237895966e-03,1.752389944158494473e-03,3.085796488448977470e-03
6.398383527994155884e-03,3.936076536774635315e-03,8.253682404756546021e-03,4.004532005637884140e-03,6.451558321714401245e-03,1.086107920855283737e-02,7.848306559026241302e-03,7.354736793786287308e-03,4.275613464415073395e-03,3.875122405588626862e-03,8.798379451036453247e-03,5.484658759087324142e-03,1.600587926805019379e-02,1.885060034692287445e-02,3.381281858310103416e-03,1.827802322804927826e-02,9.381261654198169708e-03,5.028442479670047760e-03,1.597053185105323792e-02,5.885706283152103424e-03,1.712587545625865459e-03,9.652149863541126251e-03,8.767763152718544006e-03,3.079416155815124512e-01,5.745603144168853760e-02,1.766845583915710449e-03,7.095779478549957275e-02,1.196324154734611511e-01,1.958941109478473663e-03,8.763042092323303223e-02,1.269270083867013454e-03,8.725808002054691315e-03,9.642437100410461426e-02,2.568602096289396286e-03,6.068528164178133011e-03,5.489751230925321579e-03,9.137921035289764404e-03,3.242603503167629242e-03,4.719256423413753510e-03,4.100626334547996521e-03,1.853368128649890423e-03,2.661102451384067535e-03,2.264357637614011765e-03,4.261116962879896164e-03,5.524638574570417404e-03,4.574541468173265457e-03,2.526356838643550873e-03,3.456353675574064255e-03,1.497894525527954102e-03,6.183286663144826889e-03,3.375117201358079910e-03,1.892102533020079136e-03,3.073458094149827957e-03,4.452325869351625443e-03,3.122478723526000977e-03,3.800500649958848953e-03,3.231070004403591156e-03,2.450546249747276306e-03,4.019218496978282928e-03
3.891682717949151993e-03,5.451812874525785446e-03,2.738836454227566719e-03,1.124862930737435818e-03,4.614889621734619141e-03,1.927847159095108509e-03,1.608661026693880558e-03,3.266488434746861458e-03,1.719394349493086338e-03,2.057266887277364731e-03,5.462967790663242340e-03,3.023796016350388527e-03,1.060717739164829254e-02,5.836346186697483063e-03,3.542984835803508759e-03,5.466108210384845734e-03,4.923741798847913742e-03,2.016117610037326813e-02,2.301337756216526031e-02,2.093571238219738007e-02,2.622027508914470673e-02,4.081096500158309937e-02,5.587203055620193481e-02,9.843013882637023926e-01,3.205824792385101318e-01,7.095779478549957275e-02,5.852001486346125603e-04,2.346290051937103271e-01,1.305541582405567169e-02,3.434224724769592285e-01,3.660086542367935181e-03,1.649702340364456177e-02,2.417709529399871826e-01,7.165906019508838654e-03,5.868303123861551285e-03,7.196233607828617096e-03,4.850454628467559814e-03,3.851684276014566422e-03,3.226291155442595482e-03,1.721704727970063686e-03,2.272143494337797165e-03,1.460414379835128784e-03,3.753938712179660797e-03,5.588774569332599640e-03,2.922765910625457764e-03,2.740283729508519173e-03,1.160503714345395565e-03,1.866591977886855602e-03,1.730635645799338818e-03,1.021567848511040211e-03,1.530071138404309750e-03,1.435979967936873436e-03,1.273720175959169865e-03,2.105918712913990021e-03,1.959132263436913490e-03,2.674581483006477356e-03,1.381069305352866650e-03,1.860381918959319592e-03,3.040674375370144844e-03
