4.393944982439279556e-04,4.284729063510894775e-01,8.590754866600036621e-02,4.617355763912200928e-02,7.483544945716857910e-02,1.489761285483837128e-02,3.085858002305030823e-02,3.890221193432807922e-02,1.048355922102928162e-02,1.094390172511339188e-02,9.652650915086269379e-03,8.518267422914505005e-03,2.807450015097856522e-03,8.926165290176868439e-03,3.327854676172137260e-03,5.866175517439842224e-03,3.904841840267181396e-03,6.895979866385459900e-03,2.772825304418802261e-03,3.117794869467616081e-03,3.188343252986669540e-03,1.890760380774736404e-03,1.978932181373238564e-03,3.629083512350916862e-03,3.950844518840312958e-03,8.473613299429416656e-03,4.986200015991926193e-03,2.583521418273448944e-03,2.061709295958280563e-03,3.304600017145276070e-03,3.179961582645773888e-03,3.927124198526144028e-03,2.920505823567509651e-03,2.075399970635771751e-03,5.176728125661611557e-03,1.009756792336702347e-02,9.808681905269622803e-03,3.433678997680544853e-03,1.816053641960024834e-03,8.009909652173519135e-03,3.391365520656108856e-03,1.782212406396865845e-03,4.463387653231620789e-03,1.729217730462551117e-02,4.970254376530647278e-03,4.732681903988122940e-03,3.500240389257669449e-03,4.080460872501134872e-03,7.405092474073171616e-03,1.838996820151805878e-02,2.836052561178803444e-03,4.562872461974620819e-03,6.052460055798292160e-03,8.404306136071681976e-03,9.068619459867477417e-03,3.020587004721164703e-02,5.200178828090429306e-03,5.132445599883794785e-03,8.647235110402107239e-03
4.284729063510894775e-01,1.766583323478698730e-02,2.639821469783782959e-01,9.310814738273620605e-02,3.995074331760406494e-01,3.736609127372503281e-03,1.840244419872760773e-02,2.316471785306930542e-01,2.972551248967647552e-02,8.688330650329589844e-03,2.043394744396209717e-02,3.615924157202243805e-03,5.784372333437204361e-03,8.956339210271835327e-03,2.186140045523643494e-03,8.549575693905353546e-03,1.827728934586048126e-03,7.541215047240257263e-03,2.229339908808469772e-03,1.840172917582094669e-03,1.345147844403982162e-03,1.513576717115938663e-03,2.149184467270970345e-03,3.094480838626623154e-03,3.514760173857212067e-03,5.317625124007463455e-03,1.399038475938141346e-03,2.786688506603240967e-03,1.836037263274192810e-03,2.821291098371148109e-03,3.499886253848671913e-03,1.840648590587079525e-03,2.539162291213870049e-03,1.593145309016108513e-03,6.997093092650175095e-03,1.576602272689342499e-02,1.301430258899927139e-02,2.070440445095300674e-03,6.187888327986001968e-03,1.502496190369129181e-02,3.944462165236473083e-03,1.584267942234873772e-03,5.336437840014696121e-03,5.967718083411455154e-03,5.305924918502569199e-03,4.191363230347633362e-03,1.971035264432430267e-03,2.503255847841501236e-03,1.807663240469992161e-03,5.654079839587211609e-03,2.941271290183067322e-03,2.970230299979448318e-03,4.098983015865087509e-03,4.235384520143270493e-03,8.965429849922657013e-03,8.622041903436183929e-03,4.804259631782770157e-03,5.650054663419723511e-03,2.931316755712032318e-02
8.590754866600036621e-02,2.639821469783782959e-01,2.511951327323913574e-02,1.609183698892593384e-01,5.471174120903015137e-01,5.498619750142097473e-03,1.774380803108215332e-01,7.282368838787078857e-02,2.458355389535427094e-02,5.496807862073183060e-03,5.843244958668947220e-03,4.999418277293443680e-03,4.821697715669870377e-03,5.071213934570550919e-03,3.436832921579480171e-03,5.213112570345401764e-03,3.117046784609556198e-03,4.471259191632270813e-03,2.454458968713879585e-03,3.246384672820568085e-03,3.888305276632308960e-03,3.261806210502982140e-03,1.513114897534251213e-03,2.673796843737363815e-03,3.170419950038194656e-03,3.720732871443033218e-03,3.146914066746830940e-03,3.654946573078632355e-03,1.787084969691932201e-03,2.866835566237568855e-03,1.976993167772889137e-03,3.355371067300438881e-03,3.010186133906245232e-03,2.319278893992304802e-03,3.526176791638135910e-03,1.106773875653743744e-02,5.154871847480535507e-03,2.196936402469873428e-03,2.499239519238471985e-03,1.520025171339511871e-02,3.702356247231364250e-03,1.836473587900400162e-03,5.483693443238735199e-03,1.017175521701574326e-02,3.865625243633985519e-03,4.077754449099302292e-03,1.986297080293297768e-03,3.875451860949397087e-03,4.300669766962528229e-03,6.466488819569349289e-03,3.792855655774474144e-03,2.755265682935714722e-03,4.335545003414154053e-03,6.585583556443452835e-03,5.623331293463706970e-03,1.537970360368490219e-02,4.692326765507459641e-03,3.136074403300881386e-03,1.207203324884176254e-02
4.617355763912200928e-02,9.310814738273620605e-02,1.609183698892593384e-01,1.730445586144924164e-02,8.891382813453674316e-01,2.172929607331752777e-02,1.540546771138906479e-02,8.253483772277832031e-01,9.316137433052062988e-01,2.226370200514793396e-02,8.571770787239074707e-02,1.958900876343250275e-02,8.037805557250976562e-03,8.404032327234745026e-03,2.018852159380912781e-02,1.372450031340122223e-02,5.429610610008239746e-03,4.021351225674152374e-03,3.830170491710305214e-03,3.663318464532494545e-03,3.959446679800748825e-03,2.377276541665196419e-03,2.428059699013829231e-03,3.667379496619105339e-03,2.554978942498564720e-03,2.182788215577602386e-03,1.138955005444586277e-03,2.315873047336935997e-03,1.562573364935815334e-03,1.692108344286680222e-03,9.710971498861908913e-04,1.018026610836386681e-03,2.052037976682186127e-03,9.739483357407152653e-04,3.900506068021059036e-03,1.664224429987370968e-03,1.591010834090411663e-03,4.069602116942405701e-03,1.305493409745395184e-03,2.331380732357501984e-03,2.963899401947855949e-03,3.643180010840296745e-03,3.186790039762854576e-03,1.572489156387746334e-03,5.421834532171487808e-03,2.553872065618634224e-03,3.003607504069805145e-03,1.646279240958392620e-03,1.209749840199947357e-03,7.996323402039706707e-04,3.762366948649287224e-03,2.465467434376478195e-03,2.769125392660498619e-03,5.351194180548191071e-03,4.161702468991279602e-03,4.113066941499710083e-03,6.576072890311479568e-03,2.392660593613982201e-03,7.930652238428592682e-03
7.483544945716857910e-02,3.995074331760406494e-01,5.471174120903015137e-01,8.891382813453674316e-01,7.267417386174201965e-03,2.046537026762962341e-02,9.772551655769348145e-01,9.421126842498779297e-01,7.879406958818435669e-02,6.361620500683784485e-03,2.260004729032516479e-02,3.320691175758838654e-03,6.007951218634843826e-03,6.029328797012567520e-03,4.046420566737651825e-03,2.543468959629535675e-03,2.271471312269568443e-03,2.706648781895637512e-03,3.014291636645793915e-03,1.678661210462450981e-03,1.474524149671196938e-03,1.399039174430072308e-03,2.301139058545231819e-03,2.213326282799243927e-03,2.521650865674018860e-03,3.310065250843763351e-03,1.635591150261461735e-03,1.935839653015136719e-03,1.247492618858814240e-03,1.435340731404721737e-03,1.883532735519111156e-03,1.406662981025874615e-03,2.997281262651085854e-03,2.606331836432218552e-03,6.469368934631347656e-03,5.921456031501293182e-03,3.713635727763175964e-03,2.332149771973490715e-03,2.242428250610828400e-03,8.993678726255893707e-03,1.758009311743080616e-03,1.254578935913741589e-03,2.735526300966739655e-03,2.337560057640075684e-03,2.017273567616939545e-03,2.180886222049593925e-03,1.680752960965037346e-03,1.571410801261663437e-03,2.552513265982270241e-03,3.702101530507206917e-03,2.319412305951118469e-03,2.171888481825590134e-03,4.562233574688434601e-03,5.445410031825304031e-03,4.482814576476812363e-03,4.161048214882612228e-03,4.138324409723281860e-03,3.524942090734839439e-03,6.650877650827169418e-03
1.489761285483837128e-02,3.736609127372503281e-03,5.498619750142097473e-03,2.172929607331752777e-02,2.046537026762962341e-02,6.014212220907211304e-02,5.534397065639495850e-02,2.117764391005039215e-02,1.156860440969467163e-01,1.030166633427143097e-02,3.032498247921466827e-02,6.018328014761209488e-03,7.296458352357149124e-03,9.693033993244171143e-03,1.906901411712169647e-02,4.188004881143569946e-03,1.410944759845733643e-02,1.520126592367887497e-02,1.243305578827857971e-02,1.290233898907899857e-02,1.388856675475835800e-02,9.845708496868610382e-03,9.134717285633087158e-03,5.734475329518318176e-03,6.154659669846296310e-03,7.263617124408483505e-03,2.175049856305122375e-03,5.683626513928174973e-03,3.195861354470252991e-03,2.812757156789302826e-03,2.058486919850111008e-03,3.668944584205746651e-03,2.655531046912074089e-03,1.679358887486159801e-03,4.353440366685390472e-03,4.723863210529088974e-03,5.354021675884723663e-03,3.639519214630126953e-03,1.648150966502726078e-03,1.813538139685988426e-03,3.614896908402442932e-03,2.606682712212204933e-03,2.169360406696796417e-03,1.749422983266413212e-03,4.188279621303081512e-03,4.353324417024850845e-03,3.678290639072656631e-03,2.345619257539510727e-03,4.261679481714963913e-03,4.525902681052684784e-03,3.892767941579222679e-03,5.800235085189342499e-03,3.156334161758422852e-03,7.667583413422107697e-03,3.104254603385925293e-03,1.016861200332641602e-02,1.153132878243923187e-02,4.121853969991207123e-03,7.596646901220083237e-03
3.085858002305030823e-02,1.840244419872760773e-02,1.774380803108215332e-01,1.540546771138906479e-02,9.772551655769348145e-01,5.534397065639495850e-02,5.260195583105087280e-03,7.690293788909912109e-01,2.425064146518707275e-02,4.976916685700416565e-02,1.692751795053482056e-02,8.796005509793758392e-03,1.706184633076190948e-02,9.732500649988651276e-03,9.444574825465679169e-03,7.461713626980781555e-03,3.332534339278936386e-03,4.101555328816175461e-03,4.517737776041030884e-03,3.727114060893654823e-03,3.298562020063400269e-03,2.515855012461543083e-03,1.773885451257228851e-03,3.039428498595952988e-03,8.769894018769264221e-03,5.485644564032554626e-03,1.110407640226185322e-03,2.668884117156267166e-03,1.575662987306714058e-03,1.699372427538037300e-03,2.288154792040586472e-03,2.561364090070128441e-03,5.812749266624450684e-03,1.253877766430377960e-03,3.883874975144863129e-03,1.051689684391021729e-02,3.860049182549118996e-03,1.455743447877466679e-03,3.488110145553946495e-03,7.878860458731651306e-03,2.048453548923134804e-03,1.138325897045433521e-03,4.234799649566411972e-03,4.145979881286621094e-03,2.107524778693914413e-03,2.284552203491330147e-03,1.522524515166878700e-03,2.393267350271344185e-03,3.094754414632916451e-03,3.106726100668311119e-03,2.832506550475955009e-03,2.564078429713845253e-03,2.700351644307374954e-03,4.474255256354808807e-03,5.048622842878103256e-03,6.712604314088821411e-03,4.367154557257890701e-03,2.275660401210188866e-03,1.381087768822908401e-02
3.890221193432807922e-02,2.316471785306930542e-01,7.282368838787078857e-02,8.253483772277832031e-01,9.421126842498779297e-01,2.117764391005039215e-02,7.690293788909912109e-01,2.012412436306476593e-02,1.183137577027082443e-02,2.231607213616371155e-02,1.912252157926559448e-01,3.731957869604229927e-03,1.576760597527027130e-02,5.949678365141153336e-03,2.501556416973471642e-03,3.213472431525588036e-03,2.384362975135445595e-03,3.182771150022745132e-03,2.033311873674392700e-03,2.316271886229515076e-03,5.427108146250247955e-03,2.619105391204357147e-03,2.828606171533465385e-03,2.668746048584580421e-03,3.947091754525899887e-03,3.552104113623499870e-03,2.074118703603744507e-03,2.492194296792149544e-03,1.660995185375213623e-03,3.022533841431140900e-03,1.198865938931703568e-03,2.662939252331852913e-03,2.049536677077412605e-03,2.708121668547391891e-03,8.335833437740802765e-03,6.492300424724817276e-03,6.213441025465726852e-03,2.308637136593461037e-03,1.482903258875012398e-03,3.975281957536935806e-03,2.303615678101778030e-03,1.874158624559640884e-03,2.034003846347332001e-03,2.660640515387058258e-03,3.582417964935302734e-03,2.453348832204937935e-03,2.136723371222615242e-03,3.345548408105969429e-03,3.143195994198322296e-03,2.674263436347246170e-03,2.774982014670968056e-03,1.924667973071336746e-03,2.450918080285191536e-03,4.625200293958187103e-03,4.102336242794990540e-03,3.852511523291468620e-03,3.336921334266662598e-03,1.644145813770592213e-03,4.448994528502225876e-03
1.048355922102928162e-02,2.972551248967647552e-02,2.458355389535427094e-02,9.316137433052062988e-01,7.879406958818435669e-02,1.156860440969467163e-01,2.425064146518707275e-02,1.183137577027082443e-02,1.032693404704332352e-02,6.140419468283653259e-02,3.266464918851852417e-02,1.980182528495788574e-02,8.137137629091739655e-03,4.758299328386783600e-03,1.617459952831268311e-01,8.159980177879333496e-03,3.119803220033645630e-02,2.033781073987483978e-02,8.368823677301406860e-03,1.646078564226627350e-02,2.132764831185340881e-02,7.807650603353977203e-03,7.661400362849235535e-03,2.643398474901914597e-03,4.664731211960315704e-03,3.485535038635134697e-03,1.382065354846417904e-03,2.895117504522204399e-03,5.278086289763450623e-03,1.689464435912668705e-03,2.780442358925938606e-03,2.101280260831117630e-03,2.104086568579077721e-03,2.461078343912959099e-03,3.080558264628052711e-03,1.952607301063835621e-03,1.823059166781604290e-03,2.831663703545928001e-03,1.841399585828185081e-03,2.013967372477054596e-03,3.015733323991298676e-03,3.881689393892884254e-03,1.247256179340183735e-03,1.366607146337628365e-03,4.026962444186210632e-03,3.031732514500617981e-03,3.800881560891866684e-03,1.773900585249066353e-03,1.650047022849321365e-03,1.376939006149768829e-03,3.161476692184805870e-03,4.843889735639095306e-03,1.246824976988136768e-03,4.313913639634847641e-03,1.277699484489858150e-03,2.024096203967928886e-03,6.338113453239202499e-03,3.401233348995447159e-03,5.587754305452108383e-03
1.094390172511339188e-02,8.688330650329589844e-03,5.496807862073183060e-03,2.226370200514793396e-02,6.361620500683784485e-03,1.030166633427143097e-02,4.976916685700416565e-02,2.231607213616371155e-02,6.140419468283653259e-02,3.261741623282432556e-02,2.517330646514892578e-01,5.080135911703109741e-02,8.472175002098083496e-01,2.132151275873184204e-02,6.222861260175704956e-02,1.098977774381637573e-02,8.781453967094421387e-02,9.426391683518886566e-03,1.047055330127477646e-02,4.238475859165191650e-02,1.013479754328727722e-02,8.365950547158718109e-03,1.030835881829261780e-02,4.476875066757202148e-03,6.613058503717184067e-03,3.173498902469873428e-03,2.919182879850268364e-03,5.837707780301570892e-03,3.566838102415204048e-03,2.366648521274328232e-03,2.739414572715759277e-03,2.907220274209976196e-03,1.658130553551018238e-03,1.418911153450608253e-03,2.367901848629117012e-03,2.562755718827247620e-03,1.821374753490090370e-03,1.936178654432296753e-03,1.524771912954747677e-03,1.544365310110151768e-03,1.246577361598610878e-03,2.235850086435675621e-03,1.349841593764722347e-03,1.392525155097246170e-03,3.633182495832443237e-03,2.351864241063594818e-03,2.192529616877436638e-03,1.370537444017827511e-03,1.928203389979898930e-03,1.967032207176089287e-03,3.020846052095293999e-03,2.493850886821746826e-03,2.048861002549529076e-03,3.508069552481174469e-03,4.397352226078510284e-03,2.528559183701872826e-03,1.023413054645061493e-02,4.519714973866939545e-03,2.850883873179554939e-03
9.652650915086269379e-03,2.043394744396209717e-02,5.843244958668947220e-03,8.571770787239074707e-02,2.260004729032516479e-02,3.032498247921466827e-02,1.692751795053482056e-02,1.912252157926559448e-01,3.266464918851852417e-02,2.517330646514892578e-01,1.924542477354407310e-03,8.003096096217632294e-03,2.418478280305862427e-01,9.588588029146194458e-02,2.599487826228141785e-02,2.700025588274002075e-02,1.317614037543535233e-02,1.028025429695844650e-02,2.935971133410930634e-02,1.578162796795368195e-02,1.568906195461750031e-02,6.375503726303577423e-03,5.791706964373588562e-03,2.089973306283354759e-03,6.717727519571781158e-03,6.074412725865840912e-03,4.510381259024143219e-03,2.112334594130516052e-03,2.763170748949050903e-03,1.816900912672281265e-03,1.841664081439375877e-03,1.503816223703324795e-03,1.757109188474714756e-03,9.713614126667380333e-04,4.660959355533123016e-03,2.092284848913550377e-03,2.750601153820753098e-03,2.303771208971738815e-03,1.478632679209113121e-03,2.479127375409007072e-03,1.938642351888120174e-03,2.078422345221042633e-03,3.105011768639087677e-03,2.539217937737703323e-03,5.134301260113716125e-03,2.754131099209189415e-03,5.192569456994533539e-03,2.327233320102095604e-03,3.909082151949405670e-03,2.250638091936707497e-03,2.337436657398939133e-03,2.024601912125945091e-03,2.788369078189134598e-03,3.412812948226928711e-03,4.259984008967876434e-03,2.456938615068793297e-03,6.099619902670383453e-03,4.329425748437643051e-03,4.487004131078720093e-03
8.518267422914505005e-03,3.615924157202243805e-03,4.999418277293443680e-03,1.958900876343250275e-02,3.320691175758838654e-03,6.018328014761209488e-03,8.796005509793758392e-03,3.731957869604229927e-03,1.980182528495788574e-02,5.080135911703109741e-02,8.003096096217632294e-03,4.741262644529342651e-03,6.742966920137405396e-02,2.031577564775943756e-02,2.718670666217803955e-01,6.080581806600093842e-03,4.289909079670906067e-02,3.167203813791275024e-02,7.463288307189941406e-02,4.229905083775520325e-02,3.719603642821311951e-02,6.518699228763580322e-02,1.644914038479328156e-02,8.714308030903339386e-03,9.294162504374980927e-03,4.209831357002258301e-03,2.360968850553035736e-03,6.980176549404859543e-03,4.961355123668909073e-03,3.182271961122751236e-03,3.197152633219957352e-03,2.641041064634919167e-03,3.632179694250226021e-03,2.658209530636668205e-03,3.324065590277314186e-03,2.541410736739635468e-03,2.084942068904638290e-03,3.756409278139472008e-03,1.910908729769289494e-03,1.371951191686093807e-03,4.197820555418729782e-03,3.642531344667077065e-03,1.840856275521218777e-03,1.473402604460716248e-03,5.279588047415018082e-03,3.847126150503754616e-03,4.932685755193233490e-03,2.500432310625910759e-03,2.682708669453859329e-03,1.596901798620820045e-03,2.406522631645202637e-03,6.612532306462526321e-03,1.963887363672256470e-03,5.907996091991662979e-03,2.670219866558909416e-03,3.655108157545328140e-03,6.263616029173135757e-03,2.620668150484561920e-03,5.726626608520746231e-03
2.807450015097856522e-03,5.784372333437204361e-03,4.821697715669870377e-03,8.037805557250976562e-03,6.007951218634843826e-03,7.296458352357149124e-03,1.706184633076190948e-02,1.576760597527027130e-02,8.137137629091739655e-03,8.472175002098083496e-01,2.418478280305862427e-01,6.742966920137405396e-02,8.604790782555937767e-04,1.582305133342742920e-01,1.297907233238220215e-01,2.101691067218780518e-01,1.011801436543464661e-01,3.841668739914894104e-02,2.835890278220176697e-02,7.097000628709793091e-02,1.075948681682348251e-02,5.822175182402133942e-03,4.857896640896797180e-02,4.829245153814554214e-03,4.396819323301315308e-02,3.615235211327672005e-03,5.876707378774881363e-03,4.901922773569822311e-03,3.430627519264817238e-03,4.705971106886863708e-03,1.688299351371824741e-03,5.687182303518056870e-03,2.343908417969942093e-03,8.231594110839068890e-04,1.736177131533622742e-03,2.496612491086125374e-03,2.817495726048946381e-03,1.316179055720567703e-03,1.732221222482621670e-03,1.895050518214702606e-03,1.293485634960234165e-03,1.617403468117117882e-03,9.800540283322334290e-04,1.553876558318734169e-03,2.194779925048351288e-03,1.135751837864518166e-03,2.101698191836476326e-03,1.008175429888069630e-03,1.570956083014607430e-03,2.187355421483516693e-03,2.235983032733201981e-03,1.926033175550401211e-03,2.995379501953721046e-03,2.716083079576492310e-03,2.950280671939253807e-03,5.582966376096010208e-03,2.392609603703022003e-03,3.227734472602605820e-03,4.224402364343404770e-03
8.926165290176868439e-03,8.956339210271835327e-03,5.071213934570550919e-03,8.404032327234745026e-03,6.029328797012567520e-03,9.693033993244171143e-03,9.732500649988651276e-03,5.949678365141153336e-03,4.758299328386783600e-03,2.132151275873184204e-02,9.588588029146194458e-02,2.031577564775943756e-02,1.582305133342742920e-01,1.622412470169365406e-03,1.036501210182905197e-02,7.596822977066040039e-01,2.259537205100059509e-02,8.938330225646495819e-03,6.049928441643714905e-02,4.906740784645080566e-02,1.913536339998245239e-02,1.323978044092655182e-02,2.821154706180095673e-02,6.276361644268035889e-03,7.036352995783090591e-03,7.922766730189323425e-03,6.685320287942886353e-03,3.458068938925862312e-03,4.118349868804216385e-03,3.789309412240982056e-03,4.864990711212158203e-03,6.652736570686101913e-03,3.021980868652462959e-03,2.014398807659745216e-03,4.955118522047996521e-03,5.174099002033472061e-03,2.894615288823843002e-03,4.301488865166902542e-03,2.817079192027449608e-03,1.558929332531988621e-03,1.909020007587969303e-03,2.583386143669486046e-03,1.766638713888823986e-03,4.277702886611223221e-03,4.108707886189222336e-03,3.203745698556303978e-03,1.743981381878256798e-03,1.355133252218365669e-03,2.748275408521294594e-03,1.599491690285503864e-03,2.003940520808100700e-03,2.318849554285407066e-03,3.072110004723072052e-03,2.325371839106082916e-03,4.413638263940811157e-03,3.062611678615212440e-03,2.998134819790720940e-03,3.725134767591953278e-03,5.008938722312450409e-03
3.327854676172137260e-03,2.186140045523643494e-03,3.436832921579480171e-03,2.018852159380912781e-02,4.046420566737651825e-03,1.906901411712169647e-02,9.444574825465679169e-03,2.501556416973471642e-03,1.617459952831268311e-01,6.222861260175704956e-02,2.599487826228141785e-02,2.718670666217803955e-01,1.297907233238220215e-01,1.036501210182905197e-02,2.124931663274765015e-02,4.165864549577236176e-03,7.564502954483032227e-02,6.022425834089517593e-03,1.579023711383342743e-02,4.915935546159744263e-02,3.628139570355415344e-02,1.024347841739654541e-01,5.939966067671775818e-02,3.137350780889391899e-03,6.724546197801828384e-03,3.592556342482566833e-03,3.475022269412875175e-03,7.766475901007652283e-03,8.012088946998119354e-03,3.304781857877969742e-03,4.127430263906717300e-03,2.606737194582819939e-03,2.548251766711473465e-03,3.447672817856073380e-03,3.549396060407161713e-03,2.112665213644504547e-03,2.102337311953306198e-03,6.788986269384622574e-03,1.747932983562350273e-03,1.153145800344645977e-03,5.725795403122901917e-03,4.998535849153995514e-03,1.690079807303845882e-03,1.609377912245690823e-03,4.669030196964740753e-03,2.685576677322387695e-03,5.756940227001905441e-03,1.896646688692271709e-03,1.584821031428873539e-03,1.040430972352623940e-03,2.162436023354530334e-03,5.267761647701263428e-03,2.781945979222655296e-03,3.122112248092889786e-03,1.635684748180210590e-03,1.963580027222633362e-03,5.310474429279565811e-03,2.817763714119791985e-03,3.669415367767214775e-03
5.866175517439842224e-03,8.549575693905353546e-03,5.213112570345401764e-03,1.372450031340122223e-02,2.543468959629535675e-03,4.188004881143569946e-03,7.461713626980781555e-03,3.213472431525588036e-03,8.159980177879333496e-03,1.098977774381637573e-02,2.700025588274002075e-02,6.080581806600093842e-03,2.101691067218780518e-01,7.596822977066040039e-01,4.165864549577236176e-03,5.481758271344006062e-04,4.952979739755392075e-03,2.211295962333679199e-01,2.644279897212982178e-01,5.089263617992401123e-02,1.100748032331466675e-01,1.646257750689983368e-02,8.160674013197422028e-03,1.440631039440631866e-02,4.455332830548286438e-02,4.191529005765914917e-02,1.575679145753383636e-02,6.531067192554473877e-03,6.629370618611574173e-03,1.747633330523967743e-02,1.641686772927641869e-03,1.172787602990865707e-02,1.015801075845956802e-02,2.900609513744711876e-03,4.018077161163091660e-03,4.080441314727067947e-03,3.812794573605060577e-03,2.135622547939419746e-03,2.587511437013745308e-03,2.174274064600467682e-03,1.567076891660690308e-03,1.777177327312529087e-03,4.271626472473144531e-03,1.639178488403558731e-03,4.596590064465999603e-03,3.133490448817610741e-03,1.290763379074633121e-03,1.827761996537446976e-03,1.508320099674165249e-03,1.258262433111667633e-03,1.496733166277408600e-03,1.683891285210847855e-03,9.974298300221562386e-04,1.928889891132712364e-03,1.951140468008816242e-03,5.624942015856504440e-03,2.300800755620002747e-03,1.080294139683246613e-03,1.973935868591070175e-03
3.904841840267181396e-03,1.827728934586048126e-03,3.117046784609556198e-03,5.429610610008239746e-03,2.271471312269568443e-03,1.410944759845733643e-02,3.332534339278936386e-03,2.384362975135445595e-03,3.119803220033645630e-02,8.781453967094421387e-02,1.317614037543535233e-02,4.289909079670906067e-02,1.011801436543464661e-01,2.259537205100059509e-02,7.564502954483032227e-02,4.952979739755392075e-03,3.515073284506797791e-02,1.245584059506654739e-02,6.512080878019332886e-02,6.996104121208190918e-02,3.128456324338912964e-02,5.927942693233489990e-02,1.921841129660606384e-02,1.923416927456855774e-02,1.034852117300033569e-02,6.962348241358995438e-03,7.964476943016052246e-03,9.301348589360713959e-03,1.697363518178462982e-02,3.752180607989430428e-03,3.096018452197313309e-03,2.870891941711306572e-03,3.841323079541325569e-03,3.071150742471218109e-03,5.513445474207401276e-03,1.818767981603741646e-03,2.157074166461825371e-03,3.863303223624825478e-03,1.478359568864107132e-03,1.209819456562399864e-03,3.096016822382807732e-03,3.170646028593182564e-03,1.116137020289897919e-03,1.432348974049091339e-03,4.011887591332197189e-03,2.647847402840852737e-03,5.132221616804599762e-03,1.947517856024205685e-03,2.517811022698879242e-03,2.076355274766683578e-03,3.598523093387484550e-03,4.166418686509132385e-03,2.048607449978590012e-03,4.293604753911495209e-03,2.385374857112765312e-03,3.718636929988861084e-03,5.644648335874080658e-03,4.162374418228864670e-03,4.371072631329298019e-03
6.895979866385459900e-03,7.541215047240257263e-03,4.471259191632270813e-03,4.021351225674152374e-03,2.706648781895637512e-03,1.520126592367887497e-02,4.101555328816175461e-03,3.182771150022745132e-03,2.033781073987483978e-02,9.426391683518886566e-03,1.028025429695844650e-02,3.167203813791275024e-02,3.841668739914894104e-02,8.938330225646495819e-03,6.022425834089517593e-03,2.211295962333679199e-01,1.245584059506654739e-02,1.518137287348508835e-03,2.066749632358551025e-01,2.835431136190891266e-02,1.398263871669769287e-01,2.591899037361145020e-02,8.992942981421947479e-03,6.071844603866338730e-03,1.341683231294155121e-02,6.911875680088996887e-03,1.800191216170787811e-02,8.540356531739234924e-03,3.095522336661815643e-02,7.578915916383266449e-03,7.540004327893257141e-03,4.098621197044849396e-03,9.308636188507080078e-03,5.105399992316961288e-03,3.455316182225942612e-03,2.241142094135284424e-03,2.810198580846190453e-03,6.242460105568170547e-03,1.710463548079133034e-03,1.185906701721251011e-03,7.057152688503265381e-03,2.993711037561297417e-03,1.304385485127568245e-03,1.912007690407335758e-03,5.529262125492095947e-03,3.651848062872886658e-03,4.238958004862070084e-03,2.264344599097967148e-03,2.588240196928381920e-03,2.282731467857956886e-03,2.656246069818735123e-03,1.619591028429567814e-03,2.196168294176459312e-03,3.307962557300925255e-03,3.946750890463590622e-03,2.386021660640835762e-03,3.824519691988825798e-03,3.157471306622028351e-03,2.833755454048514366e-03
2.772825304418802261e-03,2.229339908808469772e-03,2.454458968713879585e-03,3.830170491710305214e-03,3.014291636645793915e-03,1.243305578827857971e-02,4.517737776041030884e-03,2.033311873674392700e-03,8.368823677301406860e-03,1.047055330127477646e-02,2.935971133410930634e-02,7.463288307189941406e-02,2.835890278220176697e-02,6.049928441643714905e-02,1.579023711383342743e-02,2.644279897212982178e-01,6.512080878019332886e-02,2.066749632358551025e-01,1.115452498197555542e-03,5.945936962962150574e-02,2.782896459102630615e-01,1.635250262916088104e-02,1.063491124659776688e-02,9.077232331037521362e-03,6.177941802889108658e-03,1.551793981343507767e-02,7.465756684541702271e-02,1.820445619523525238e-02,2.276821434497833252e-02,1.359203085303306580e-02,1.045140624046325684e-02,7.571176625788211823e-03,1.321371551603078842e-02,4.799046088010072708e-03,2.742371987551450729e-03,3.528333967551589012e-03,1.898161950521171093e-03,2.382984152063727379e-03,1.350755454041063786e-03,7.660091505385935307e-04,2.808495191857218742e-03,2.959742676466703415e-03,1.522746402770280838e-03,3.288764273747801781e-03,4.216276574879884720e-03,2.351411152631044388e-03,1.888299826532602310e-03,1.913273008540272713e-03,2.267493633553385735e-03,2.396670402958989143e-03,1.503635081462562084e-03,1.616205903701484203e-03,1.123020891100168228e-03,2.151455963030457497e-03,1.156813930720090866e-03,2.209910657256841660e-03,3.475370816886425018e-03,2.572401892393827438e-03,1.514234812930226326e-03
3.117794869467616081e-03,1.840172917582094669e-03,3.246384672820568085e-03,3.663318464532494545e-03,1.678661210462450981e-03,1.290233898907899857e-02,3.727114060893654823e-03,2.316271886229515076e-03,1.646078564226627350e-02,4.238475859165191650e-02,1.578162796795368195e-02,4.229905083775520325e-02,7.097000628709793091e-02,4.906740784645080566e-02,4.915935546159744263e-02,5.089263617992401123e-02,6.996104121208190918e-02,2.835431136190891266e-02,5.945936962962150574e-02,1.124692615121603012e-02,1.807420887053012848e-02,1.946138143539428711e-01,5.220480635762214661e-02,1.445617806166410446e-02,1.803661882877349854e-02,5.735108628869056702e-03,5.718296766281127930e-02,1.000354997813701630e-02,5.786539986729621887e-02,1.229294482618570328e-02,3.734130179509520531e-03,3.004290163516998291e-03,7.109641563147306442e-03,2.532170852646231651e-03,4.709824919700622559e-03,1.983446301892399788e-03,1.680607325397431850e-03,4.934811498969793320e-03,1.397451269440352917e-03,7.663921569474041462e-04,2.044026972725987434e-03,3.352451138198375702e-03,9.990613907575607300e-04,7.885942468419671059e-04,3.358336631208658218e-03,2.027901355177164078e-03,3.249305300414562225e-03,1.785208587534725666e-03,1.708630938082933426e-03,9.744856506586074829e-04,2.296588383615016937e-03,2.856076229363679886e-03,1.378470100462436676e-03,4.192362539470195770e-03,1.347135053947567940e-03,1.862477045506238937e-03,6.787581369280815125e-03,2.969699213281273842e-03,2.903073327615857124e-03
3.188343252986669540e-03,1.345147844403982162e-03,3.888305276632308960e-03,3.959446679800748825e-03,1.474524149671196938e-03,1.388856675475835800e-02,3.298562020063400269e-03,5.427108146250247955e-03,2.132764831185340881e-02,1.013479754328727722e-02,1.568906195461750031e-02,3.719603642821311951e-02,1.075948681682348251e-02,1.913536339998245239e-02,3.628139570355415344e-02,1.100748032331466675e-01,3.128456324338912964e-02,1.398263871669769287e-01,2.782896459102630615e-01,1.807420887053012848e-02,1.420236658304929733e-03,7.525497674942016602e-02,1.141740288585424423e-02,1.456722500734031200e-03,9.602634236216545105e-03,3.805385204032063484e-03,1.000966690480709076e-02,3.546379134058952332e-02,9.078226983547210693e-02,7.034321315586566925e-03,9.124080650508403778e-03,6.714925635606050491e-03,7.174286060035228729e-03,3.544030478224158287e-03,6.646056659519672394e-03,1.872938708402216434e-03,2.869190415367484093e-03,5.791226401925086975e-03,1.491903560236096382e-03,1.739602768793702126e-03,6.388253998011350632e-03,8.251216262578964233e-03,1.789191388525068760e-03,1.637998968362808228e-03,5.570463836193084717e-03,2.966101514175534248e-03,5.511087365448474884e-03,1.773330732248723507e-03,1.710185199044644833e-03,1.704141497611999512e-03,4.209797363728284836e-03,4.177907016128301620e-03,1.608350896276533604e-03,2.766186604276299477e-03,2.000217325985431671e-03,1.149496063590049744e-03,2.246935153380036354e-03,3.210382303223013878e-03,3.590858308598399162e-03
1.890760380774736404e-03,1.513576717115938663e-03,3.261806210502982140e-03,2.377276541665196419e-03,1.399039174430072308e-03,9.845708496868610382e-03,2.515855012461543083e-03,2.619105391204357147e-03,7.807650603353977203e-03,8.365950547158718109e-03,6.375503726303577423e-03,6.518699228763580322e-02,5.822175182402133942e-03,1.323978044092655182e-02,1.024347841739654541e-01,1.646257750689983368e-02,5.927942693233489990e-02,2.591899037361145020e-02,1.635250262916088104e-02,1.946138143539428711e-01,7.525497674942016602e-02,1.161028444766998291e-02,7.998666167259216309e-02,1.770047284662723541e-02,1.908557675778865814e-02,1.116385683417320251e-02,1.757938601076602936e-02,7.630206644535064697e-02,2.374567538499832153e-01,3.885960951447486877e-02,1.680530980229377747e-02,6.309842690825462341e-03,2.041130326688289642e-02,3.405100200325250626e-03,4.255874082446098328e-03,2.546577481552958488e-03,1.480552367866039276e-03,3.544233972206711769e-03,1.624533091671764851e-03,1.098129316233098507e-03,2.678029239177703857e-03,6.733600515872240067e-03,1.073621329851448536e-03,1.091492595151066780e-03,5.201404448598623276e-03,3.734674770385026932e-03,2.602394204586744308e-03,1.861363998614251614e-03,1.657529268413782120e-03,1.352958264760673046e-03,1.701208995655179024e-03,2.408148720860481262e-03,1.570063875988125801e-03,2.765723504126071930e-03,1.424497342668473721e-03,1.524493796750903130e-03,3.050834173336625099e-03,2.387494314461946487e-03,1.918908557854592800e-03
1.978932181373238564e-03,2.149184467270970345e-03,1.513114897534251213e-03,2.428059699013829231e-03,2.301139058545231819e-03,9.134717285633087158e-03,1.773885451257228851e-03,2.828606171533465385e-03,7.661400362849235535e-03,1.030835881829261780e-02,5.791706964373588562e-03,1.644914038479328156e-02,4.857896640896797180e-02,2.821154706180095673e-02,5.939966067671775818e-02,8.160674013197422028e-03,1.921841129660606384e-02,8.992942981421947479e-03,1.063491124659776688e-02,5.220480635762214661e-02,1.141740288585424423e-02,7.998666167259216309e-02,3.830144880339503288e-03,5.383410956710577011e-03,1.479254290461540222e-02,1.310786698013544083e-03,5.314324796199798584e-02,1.764072775840759277e-01,2.098669409751892090e-01,2.156301215291023254e-02,3.184894472360610962e-02,1.220283750444650650e-02,1.120037399232387543e-02,1.005842071026563644e-02,7.868929766118526459e-03,2.875721547752618790e-03,3.938024863600730896e-03,2.357060089707374573e-02,2.536310115829110146e-03,9.664830286055803299e-04,5.776509642601013184e-03,9.298755787312984467e-03,1.799452234990894794e-03,2.273987513035535812e-03,5.002440884709358215e-03,3.449029754847288132e-03,2.674847375601530075e-03,2.496586414054036140e-03,2.397822216153144836e-03,1.847982639446854591e-03,2.658544806763529778e-03,3.251424990594387054e-03,9.472431265749037266e-04,3.464911365881562233e-03,1.959848450496792793e-03,1.639484311453998089e-03,2.896831836551427841e-03,1.555119873955845833e-03,2.000930253416299820e-03
3.629083512350916862e-03,3.094480838626623154e-03,2.673796843737363815e-03,3.667379496619105339e-03,2.213326282799243927e-03,5.734475329518318176e-03,3.039428498595952988e-03,2.668746048584580421e-03,2.643398474901914597e-03,4.476875066757202148e-03,2.089973306283354759e-03,8.714308030903339386e-03,4.829245153814554214e-03,6.276361644268035889e-03,3.137350780889391899e-03,1.440631039440631866e-02,1.923416927456855774e-02,6.071844603866338730e-03,9.077232331037521362e-03,1.445617806166410446e-02,1.456722500734031200e-03,1.770047284662723541e-02,5.383410956710577011e-03,2.460009651258587837e-03,2.445004694163799286e-02,3.348851501941680908e-01,9.902988672256469727e-01,9.726239740848541260e-02,1.617150455713272095e-01,8.936030417680740356e-02,2.717939019203186035e-02,4.563813656568527222e-02,5.500406399369239807e-02,8.998745121061801910e-03,4.511477891355752945e-03,8.976155892014503479e-03,2.143994905054569244e-03,4.037582781165838242e-03,1.587198581546545029e-03,1.999429427087306976e-03,1.843640115112066269e-03,2.313935896381735802e-03,2.493740525096654892e-03,1.632780418731272221e-03,4.275511950254440308e-03,4.041398409754037857e-03,1.589156221598386765e-03,2.305965404957532883e-03,3.090790705755352974e-03,2.934820717200636864e-03,1.531587797217071056e-03,1.761946128681302071e-03,2.092946786433458328e-03,4.719076678156852722e-03,1.903585391119122505e-03,2.440002514049410820e-03,2.474440960213541985e-03,2.234281506389379501e-03,2.474785782396793365e-03
3.950844518840312958e-03,3.514760173857212067e-03,3.170419950038194656e-03,2.554978942498564720e-03,2.521650865674018860e-03,6.154659669846296310e-03,8.769894018769264221e-03,3.947091754525899887e-03,4.664731211960315704e-03,6.613058503717184067e-03,6.717727519571781158e-03,9.294162504374980927e-03,4.396819323301315308e-02,7.036352995783090591e-03,6.724546197801828384e-03,4.455332830548286438e-02,1.034852117300033569e-02,1.341683231294155121e-02,6.177941802889108658e-03,1.803661882877349854e-02,9.602634236216545105e-03,1.908557675778865814e-02,1.479254290461540222e-02,2.445004694163799286e-02,3.226010594516992569e-03,4.040876775979995728e-02,1.982083022594451904e-01,4.636821150779724121e-02,1.593163236975669861e-02,3.304626420140266418e-02,8.991817012429237366e-03,3.564041107892990112e-02,3.711925446987152100e-02,7.687426172196865082e-03,8.828466758131980896e-03,5.082705523818731308e-03,4.527393728494644165e-03,2.704035956412553787e-03,2.905886620283126831e-03,1.635101507417857647e-03,1.953840022906661034e-03,1.758841448463499546e-03,1.907962723635137081e-03,3.722670488059520721e-03,2.951400121673941612e-03,5.316875874996185303e-03,2.095598727464675903e-03,1.865724334493279457e-03,2.349394140765070915e-03,4.125514067709445953e-03,2.538040513172745705e-03,2.628574380651116371e-03,1.884034834802150726e-03,5.591507535427808762e-03,2.812303835526108742e-03,2.875098260119557381e-03,3.638454247266054153e-03,2.562965499237179756e-03,2.626992296427488327e-03
8.473613299429416656e-03,5.317625124007463455e-03,3.720732871443033218e-03,2.182788215577602386e-03,3.310065250843763351e-03,7.263617124408483505e-03,5.485644564032554626e-03,3.552104113623499870e-03,3.485535038635134697e-03,3.173498902469873428e-03,6.074412725865840912e-03,4.209831357002258301e-03,3.615235211327672005e-03,7.922766730189323425e-03,3.592556342482566833e-03,4.191529005765914917e-02,6.962348241358995438e-03,6.911875680088996887e-03,1.551793981343507767e-02,5.735108628869056702e-03,3.805385204032063484e-03,1.116385683417320251e-02,1.310786698013544083e-03,3.348851501941680908e-01,4.040876775979995728e-02,2.795927692204713821e-03,1.177791804075241089e-01,5.794569849967956543e-02,5.345210433006286621e-03,1.820286959409713745e-01,1.525034848600625992e-02,1.551041845232248306e-02,9.434936195611953735e-02,5.637095775455236435e-03,9.379550814628601074e-03,4.752702079713344574e-03,4.002031870186328888e-03,4.528848454356193542e-03,5.180737469345331192e-03,5.318338982760906219e-03,1.443384680896997452e-03,2.062682760879397392e-03,4.903362598270177841e-03,4.011276178061962128e-03,3.159338841214776039e-03,1.864629797637462616e-03,1.823743805289268494e-03,5.487504415214061737e-03,4.368759226053953171e-03,7.653645239770412445e-03,2.549056895077228546e-03,2.295278711244463921e-03,3.766122041270136833e-03,7.162182126194238663e-03,3.156572580337524414e-03,4.677442833781242371e-03,3.116160631179809570e-03,2.025966532528400421e-03,3.673758357763290405e-03
4.986200015991926193e-03,1.399038475938141346e-03,3.146914066746830940e-03,1.138955005444586277e-03,1.635591150261461735e-03,2.175049856305122375e-03,1.110407640226185322e-03,2.074118703603744507e-03,1.382065354846417904e-03,2.919182879850268364e-03,4.510381259024143219e-03,2.360968850553035736e-03,5.876707378774881363e-03,6.685320287942886353e-03,3.475022269412875175e-03,1.575679145753383636e-02,7.964476943016052246e-03,1.800191216170787811e-02,7.465756684541702271e-02,5.718296766281127930e-02,1.000966690480709076e-02,1.757938601076602936e-02,5.314324796199798584e-02,9.902988672256469727e-01,1.982083022594451904e-01,1.177791804075241089e-01,3.491726529318839312e-04,4.696495085954666138e-02,1.404845528304576874e-02,4.049957096576690674e-01,7.461543660610914230e-03,7.589768618345260620e-02,6.758788824081420898e-01,9.989029727876186371e-03,4.531212151050567627e-03,6.485454738140106201e-03,3.657704917713999748e-03,2.101220190525054932e-03,2.306974958628416061e-03,1.916993642225861549e-03,1.593818189576268196e-03,1.859069918282330036e-03,2.458161674439907074e-03,1.948984805494546890e-03,1.997453160583972931e-03,2.064560307189822197e-03,1.398419146426022053e-03,2.163023687899112701e-03,1.704966649413108826e-03,2.231860300526022911e-03,1.640781294554471970e-03,1.501317368820309639e-03,1.542049343697726727e-03,2.637455007061362267e-03,1.751459320075809956e-03,4.949739668518304825e-03,2.276462968438863754e-03,1.847447128966450691e-03,2.713022520765662193e-03
