4.730132222175598145e-02,1.211316883563995361e-01,1.962868124246597290e-01,6.362966448068618774e-02,1.303171962499618530e-01,4.831558838486671448e-02,1.112155243754386902e-01,7.514521479606628418e-02,3.732034191489219666e-02,2.139854431152343750e-02,2.415811084210872650e-02,2.054140530526638031e-02,1.652239635586738586e-02,4.363079369068145752e-02,1.213895156979560852e-02,2.011794224381446838e-02,3.687412943691015244e-03,5.077742971479892731e-03,2.008046489208936691e-03,4.550384357571601868e-03,2.284843707457184792e-03,2.064263448119163513e-03,1.392942387610673904e-03,2.619480714201927185e-03,4.655814729630947113e-03,1.259861420840024948e-02,8.672250434756278992e-03,2.157899318262934685e-03,3.281798912212252617e-03,4.224789328873157501e-03,1.214023213833570480e-03,2.276411978527903557e-03,2.611081115901470184e-03,1.387475058436393738e-03,2.299583982676267624e-03,6.094768177717924118e-03,4.161526449024677277e-03,1.414268277585506439e-03,9.646717226132750511e-04,5.595053546130657196e-03,4.981593694537878036e-03,1.002457458525896072e-03,3.236732445657253265e-03,3.740207292139530182e-03,2.963468432426452637e-03,2.302147680893540382e-03,1.499619218520820141e-03,4.529573488980531693e-03,2.694357419386506081e-03,3.723715897649526596e-03,2.289019525051116943e-03,1.109126373194158077e-03,1.953237457200884819e-03,4.388261586427688599e-03,5.880040116608142853e-03,9.865880943834781647e-03,3.764691064134240150e-03,4.506796598434448242e-03,7.231975905597209930e-03
1.211316883563995361e-01,2.356739714741706848e-02,3.350752294063568115e-01,6.890822201967239380e-02,3.916364312171936035e-01,9.431608021259307861e-02,1.129609420895576477e-01,4.725264012813568115e-02,8.717641234397888184e-03,1.633553765714168549e-02,4.556586593389511108e-02,5.081200972199440002e-03,2.273170277476310730e-02,3.407974541187286377e-02,6.636933423578739166e-03,8.518553338944911957e-03,3.138714237138628960e-03,8.211304433643817902e-03,2.524337731301784515e-03,3.989139571785926819e-03,2.066780813038349152e-03,2.400596626102924347e-03,2.252425998449325562e-03,4.049842711538076401e-03,1.179779972881078720e-02,7.566298358142375946e-03,3.664615564048290253e-03,2.973157679662108421e-03,2.587472088634967804e-03,3.460406325757503510e-03,1.451219432055950165e-03,1.571758650243282318e-03,3.021894721314311028e-03,1.715666265226900578e-03,2.877253340557217598e-03,5.529914982616901398e-03,1.145478244870901108e-02,1.612714957445859909e-03,2.745707286521792412e-03,4.125698003917932510e-03,2.582419198006391525e-03,1.190886250697076321e-03,3.975380212068557739e-03,5.722763948142528534e-03,2.378257224336266518e-03,3.556035226210951805e-03,1.373782288283109665e-03,2.688050502911210060e-03,2.698414493352174759e-03,7.413094863295555115e-03,1.392588834278285503e-03,1.524432911537587643e-03,2.515996107831597328e-03,3.679951187223196030e-03,4.814376588910818100e-03,4.263270180672407150e-03,3.622289746999740601e-03,4.708258435130119324e-03,6.066448520869016647e-03
1.962868124246597290e-01,3.350752294063568115e-01,1.714285276830196381e-02,9.438752382993698120e-02,4.818122684955596924e-01,9.799727052450180054e-02,8.787473291158676147e-02,9.818714857101440430e-02,2.192230150103569031e-02,1.033708639442920685e-02,1.330723613500595093e-02,6.735987029969692230e-03,1.838080585002899170e-02,1.926455087959766388e-02,4.700096324086189270e-03,1.040079258382320404e-02,4.907871130853891373e-03,8.474983274936676025e-03,2.082172082737088203e-03,2.879458013921976089e-03,1.791147980839014053e-03,2.444873796775937080e-03,3.124137176200747490e-03,3.800590988248586655e-03,8.420490659773349762e-03,1.508051529526710510e-02,2.689215354621410370e-03,3.569252090528607368e-03,2.807162702083587646e-03,2.171124098822474480e-03,1.177888014353811741e-03,2.420720411464571953e-03,2.436532173305749893e-03,1.295695197768509388e-03,2.566465176641941071e-03,4.639284685254096985e-03,7.255073636770248413e-03,1.406590687111020088e-03,2.497074427083134651e-03,7.946556434035301208e-03,2.940627979114651680e-03,1.082990202121436596e-03,2.324201632291078568e-03,4.736800678074359894e-03,2.492859261110424995e-03,2.689049113541841507e-03,1.971875783056020737e-03,3.718209452927112579e-03,2.066899789497256279e-03,7.283662445843219757e-03,2.527144039049744606e-03,1.645932905375957489e-03,2.382922917604446411e-03,3.732945304363965988e-03,4.394443240016698837e-03,7.844168692827224731e-03,4.035353660583496094e-03,2.411787398159503937e-03,1.032172515988349915e-02
6.362966448068618774e-02,6.890822201967239380e-02,9.438752382993698120e-02,7.025853265076875687e-03,3.410128653049468994e-01,1.279761344194412231e-01,7.664743810892105103e-02,9.710686802864074707e-01,1.682784706354141235e-01,2.350256778299808502e-02,6.865645945072174072e-02,3.394119441509246826e-03,4.498964920639991760e-02,2.889845333993434906e-02,1.462667621672153473e-02,5.009126849472522736e-03,5.024192854762077332e-03,5.021254532039165497e-03,3.191644093021750450e-03,2.950209192931652069e-03,2.761446172371506691e-03,1.945681753568351269e-03,2.931511262431740761e-03,2.528105862438678741e-03,9.246897883713245392e-03,4.337397869676351547e-03,3.580307587981224060e-03,2.779211616143584251e-03,2.653409028425812721e-03,1.485255430452525616e-03,1.063013449311256409e-03,1.738419756293296814e-03,2.452278044074773788e-03,8.122799335978925228e-04,3.879818832501769066e-03,2.222369424998760223e-03,5.216998979449272156e-03,2.344320993870496750e-03,1.676837797276675701e-03,2.731301821768283844e-03,3.233435796573758125e-03,1.591426786035299301e-03,2.330580260604619980e-03,3.169250907376408577e-03,6.466359831392765045e-03,2.120119519531726837e-03,1.637580222450196743e-03,1.716506667435169220e-03,3.610485466197133064e-03,2.519202884286642075e-03,3.574961796402931213e-03,1.526018022559583187e-03,2.252881415188312531e-03,2.888693707063794136e-03,3.624873701483011246e-03,2.984928432852029800e-03,4.450893495231866837e-03,2.568846568465232849e-03,4.298232495784759521e-03
1.303171962499618530e-01,3.916364312171936035e-01,4.818122684955596924e-01,3.410128653049468994e-01,1.024809945374727249e-02,9.298869222402572632e-02,8.974888920783996582e-01,5.742096304893493652e-01,6.776782870292663574e-02,9.191987104713916779e-03,1.156105846166610718e-02,1.930271973833441734e-03,2.437301911413669586e-02,1.177702751010656357e-02,7.608147803694009781e-03,4.839887842535972595e-03,2.121526049450039864e-03,3.267918480560183525e-03,3.122041001915931702e-03,2.469111466780304909e-03,1.484125852584838867e-03,1.434335135854780674e-03,2.909700851887464523e-03,4.116632975637912750e-03,5.526177119463682175e-03,9.139997884631156921e-03,1.472660573199391365e-03,2.277547260746359825e-03,2.083105500787496567e-03,2.666437067091464996e-03,9.625541279092431068e-04,2.193280961364507675e-03,1.938585075549781322e-03,1.289039733819663525e-03,3.325983881950378418e-03,4.827769473195075989e-03,5.147147923707962036e-03,1.426376053132116795e-03,1.327551901340484619e-03,4.594657104462385178e-03,4.210390616208314896e-03,1.390079269185662270e-03,1.609309809282422066e-03,6.151434965431690216e-03,2.114232163876295090e-03,3.531903261318802834e-03,1.182095729745924473e-03,2.876213984563946724e-03,3.303517820313572884e-03,5.495333112776279449e-03,3.837711876258254051e-03,1.592518878169357777e-03,5.104586482048034668e-03,3.607373684644699097e-03,3.202882362529635429e-03,3.602574346587061882e-03,3.125316463410854340e-03,2.705944702029228210e-03,4.741341806948184967e-03
4.831558838486671448e-02,9.431608021259307861e-02,9.799727052450180054e-02,1.279761344194412231e-01,9.298869222402572632e-02,4.752215463668107986e-03,6.415813416242599487e-02,1.094755157828330994e-01,1.711073219776153564e-01,1.508894562721252441e-02,8.384589105844497681e-02,2.146222861483693123e-03,6.528196390718221664e-03,3.670705482363700867e-02,3.424311056733131409e-02,9.184811264276504517e-03,7.696175016462802887e-03,7.173664867877960205e-03,3.672179067507386208e-03,4.904437810182571411e-03,2.758557442575693130e-03,4.915368743240833282e-03,2.636372810229659081e-03,3.327512880787253380e-03,5.632737651467323303e-03,6.593252997845411301e-03,1.571942819282412529e-03,2.333736512809991837e-03,3.738251747563481331e-03,2.106911037117242813e-03,1.237949822098016739e-03,1.135667436756193638e-03,2.889480674639344215e-03,1.480783568695187569e-03,5.320940166711807251e-03,2.792082726955413818e-03,4.962970502674579620e-03,2.475871471688151360e-03,1.648488454520702362e-03,6.987517699599266052e-03,4.376544151455163956e-03,1.802524551749229431e-03,2.833996433764696121e-03,3.532460425049066544e-03,2.268246840685606003e-03,5.012959241867065430e-03,2.467660233378410339e-03,1.256334362551569939e-03,4.168789368122816086e-03,5.545726511627435684e-03,2.775449072942137718e-03,1.935673761181533337e-03,4.204311408102512360e-03,4.540243651717901230e-03,6.176278926432132721e-03,4.417740739881992340e-03,4.520127084106206894e-03,3.533966373652219772e-03,7.866685278713703156e-03
1.112155243754386902e-01,1.129609420895576477e-01,8.787473291158676147e-02,7.664743810892105103e-02,8.974888920783996582e-01,6.415813416242599487e-02,4.057803191244602203e-03,1.188776642084121704e-01,1.418610811233520508e-01,3.963272273540496826e-02,1.337128691375255585e-02,1.226665801368653774e-03,1.604217849671840668e-02,5.906668491661548615e-03,4.289902281016111374e-03,9.909303858876228333e-03,4.742574878036975861e-03,5.206539295613765717e-03,9.495597332715988159e-03,3.717768238857388496e-03,2.994802780449390411e-03,2.168683335185050964e-03,4.988369997590780258e-03,2.889835275709629059e-03,9.708096273243427277e-03,8.536869660019874573e-03,1.360254245810210705e-03,4.241275135427713394e-03,2.163721714168787003e-03,1.702611451037228107e-03,1.215924625284969807e-03,2.669409615918993950e-03,1.647547818720340729e-03,1.346905366517603397e-03,6.827726960182189941e-03,1.895338995382189751e-03,5.660777445882558823e-03,2.390848239883780479e-03,3.050338244065642357e-03,3.871694905683398247e-03,5.125943571329116821e-03,2.084210049360990524e-03,1.757688936777412891e-03,4.455952439457178116e-03,2.870271215215325356e-03,3.859724616631865501e-03,1.779493177309632301e-03,2.050741575658321381e-03,4.061439074575901031e-03,1.675489940680563450e-03,2.322556916624307632e-03,2.132936380803585052e-03,2.417691517621278763e-03,4.124704748392105103e-03,3.991673234850168228e-03,9.531178511679172516e-03,5.061330739408731461e-03,4.129443783313035965e-03,1.656966470181941986e-02
7.514521479606628418e-02,4.725264012813568115e-02,9.818714857101440430e-02,9.710686802864074707e-01,5.742096304893493652e-01,1.094755157828330994e-01,1.188776642084121704e-01,3.273595590144395828e-03,2.819360233843326569e-02,1.469568442553281784e-02,6.717708427459001541e-03,1.554691232740879059e-03,7.096203509718179703e-03,8.935783989727497101e-03,1.263516582548618317e-02,3.185115754604339600e-02,3.397388616576790810e-03,8.649904280900955200e-03,1.096286997199058533e-02,6.531035993248224258e-03,2.820431254804134369e-03,1.797312288545072079e-03,2.548091812059283257e-03,2.282822737470269203e-03,6.027665454894304276e-03,5.333424545824527740e-03,2.727914135903120041e-03,2.483350224792957306e-03,1.395462430082261562e-03,1.949900528416037560e-03,1.214753137901425362e-03,3.264458151534199715e-03,1.707912073470652103e-03,1.103371381759643555e-03,2.976028248667716980e-03,5.523040890693664551e-03,7.361827883869409561e-03,2.868594368919730186e-03,1.778716570697724819e-03,1.095729228109121323e-02,6.709075532853603363e-03,1.423235633410513401e-03,2.214666223153471947e-03,8.117008022964000702e-03,4.514736123383045197e-03,4.003351554274559021e-03,1.415138714946806431e-03,2.942734397947788239e-03,3.814517753198742867e-03,3.007186576724052429e-03,2.916180994361639023e-03,4.017811734229326248e-03,2.857506508007645607e-03,2.725020283833146095e-03,2.054873621091246605e-03,3.361059119924902916e-03,1.918168039992451668e-03,2.872951561585068703e-03,5.058498121798038483e-03
3.732034191489219666e-02,8.717641234397888184e-03,2.192230150103569031e-02,1.682784706354141235e-01,6.776782870292663574e-02,1.711073219776153564e-01,1.418610811233520508e-01,2.819360233843326569e-02,3.217891976237297058e-02,8.503664284944534302e-02,8.534695953130722046e-02,4.540393128991127014e-02,8.648142218589782715e-03,4.083060193806886673e-03,3.633210435509681702e-02,5.771516822278499603e-03,1.976567506790161133e-01,1.646100915968418121e-02,1.411592215299606323e-02,4.221477359533309937e-02,3.189380466938018799e-02,3.097586100921034813e-03,2.763248281553387642e-03,1.743546337820589542e-03,2.435683738440275192e-03,1.882207463495433331e-03,9.045872720889747143e-04,1.315323868766427040e-03,3.198645310476422310e-03,1.092814491130411625e-03,9.891956578940153122e-04,1.354971900582313538e-03,2.224215306341648102e-03,2.358556492254137993e-03,4.714481532573699951e-03,1.391515601426362991e-03,2.546177944168448448e-03,5.376631394028663635e-03,1.772636198438704014e-03,1.894651795737445354e-03,6.046923343092203140e-03,5.045270547270774841e-03,1.522443955764174461e-03,3.390223020687699318e-03,9.398444555699825287e-03,3.513467963784933090e-03,4.014316014945507050e-03,2.141677308827638626e-03,2.065593842417001724e-03,1.492797513492405415e-03,2.785503864288330078e-03,4.029125906527042389e-03,2.778352936729788780e-03,1.766522764228284359e-03,1.231833361089229584e-03,2.298322971910238266e-03,3.797293873503804207e-03,2.837610198184847832e-03,4.780691117048263550e-03
2.139854431152343750e-02,1.633553765714168549e-02,1.033708639442920685e-02,2.350256778299808502e-02,9.191987104713916779e-03,1.508894562721252441e-02,3.963272273540496826e-02,1.469568442553281784e-02,8.503664284944534302e-02,7.430130988359451294e-02,3.890792131423950195e-01,2.605477571487426758e-01,3.196530342102050781e-01,3.648106008768081665e-02,8.572322130203247070e-02,4.506833478808403015e-02,2.088440656661987305e-01,1.775955781340599060e-02,5.751500837504863739e-03,7.739269733428955078e-02,6.792054977267980576e-03,2.446436090394854546e-03,3.489805851131677628e-03,2.191512612625956535e-03,1.799429883249104023e-03,1.106349984183907509e-03,1.329370774328708649e-03,1.876423135399818420e-03,2.057746518403291702e-03,1.045225537382066250e-03,1.635628635995090008e-03,1.469622016884386539e-03,2.208206104114651680e-03,5.945086479187011719e-03,4.739737603813409805e-03,2.214265987277030945e-03,2.040889579802751541e-03,6.123605184257030487e-03,1.214202493429183960e-03,1.665506162680685520e-03,5.570870358496904373e-03,3.115123836323618889e-03,1.135230995714664459e-03,5.544211715459823608e-03,4.408290144056081772e-03,2.503454685211181641e-03,2.704920712858438492e-03,1.745963003486394882e-03,3.418378531932830811e-03,1.200011814944446087e-03,1.436947728507220745e-03,2.227912656962871552e-03,1.444755820557475090e-03,1.823590137064456940e-03,2.257970860227942467e-03,2.548449439927935600e-03,2.700289944186806679e-03,2.416744129732251167e-03,3.351133549585938454e-03
2.415811084210872650e-02,4.556586593389511108e-02,1.330723613500595093e-02,6.865645945072174072e-02,1.156105846166610718e-02,8.384589105844497681e-02,1.337128691375255585e-02,6.717708427459001541e-03,8.534695953130722046e-02,3.890792131423950195e-01,1.292455592192709446e-03,6.181314215064048767e-02,4.608610868453979492e-01,1.849402338266372681e-01,2.687685787677764893e-01,6.408794969320297241e-02,2.673139795660972595e-02,2.729149162769317627e-02,8.247759193181991577e-03,7.864070124924182892e-03,7.215473335236310959e-03,2.699685283005237579e-03,2.936766250059008598e-03,2.307980321347713470e-03,2.462525619193911552e-03,2.204551827162504196e-03,2.585232257843017578e-03,2.076552947983145714e-03,1.140251755714416504e-03,9.088883525691926479e-04,9.173305006697773933e-04,7.542004459537565708e-04,1.100076828151941299e-03,1.238681026734411716e-03,3.731617471203207970e-03,3.100299742072820663e-03,2.173192054033279419e-02,2.145644044503569603e-03,1.736549776978790760e-03,1.110546849668025970e-02,7.839841768145561218e-03,1.381060108542442322e-03,3.113261656835675240e-03,4.347621463239192963e-03,4.447313491255044937e-03,2.899984596297144890e-03,9.766104631125926971e-04,1.735208905301988125e-03,2.778109861537814140e-03,1.305302022956311703e-03,2.713129390031099319e-03,1.611837767995893955e-03,4.034309182316064835e-03,2.842728514224290848e-03,1.981251174584031105e-03,4.835232160985469818e-03,1.735852332785725594e-03,2.092495793476700783e-03,5.811853799968957901e-03
2.054140530526638031e-02,5.081200972199440002e-03,6.735987029969692230e-03,3.394119441509246826e-03,1.930271973833441734e-03,2.146222861483693123e-03,1.226665801368653774e-03,1.554691232740879059e-03,4.540393128991127014e-02,2.605477571487426758e-01,6.181314215064048767e-02,3.095785528421401978e-02,2.151846513152122498e-02,6.044843420386314392e-02,5.505172014236450195e-01,6.723985821008682251e-02,1.784843057394027710e-01,2.652161009609699249e-02,2.319564856588840485e-02,6.375540047883987427e-02,9.271582588553428650e-03,5.739121232181787491e-03,8.797244168817996979e-03,2.797234803438186646e-03,3.417014377191662788e-03,2.110966248437762260e-03,1.790029695257544518e-03,2.102612517774105072e-03,3.210286376997828484e-03,1.635729800909757614e-03,1.655185013078153133e-03,1.697621308267116547e-03,6.004947703331708908e-03,3.736300393939018250e-03,6.691091693937778473e-03,1.454460201784968376e-03,3.609994892030954361e-03,6.448176223784685135e-03,2.026388887315988541e-03,3.262320766225457191e-03,8.821334689855575562e-03,5.997060332447290421e-03,2.008668612688779831e-03,4.068371374160051346e-03,1.160719431936740875e-02,4.047939088195562363e-03,4.294642712920904160e-03,2.624781569465994835e-03,3.682470880448818207e-03,2.126641105860471725e-03,3.359626512974500656e-03,4.145479761064052582e-03,1.448856783099472523e-03,2.159995958209037781e-03,2.530006458982825279e-03,3.217092715203762054e-03,4.408840555697679520e-03,4.113985225558280945e-03,3.863185644149780273e-03
1.652239635586738586e-02,2.273170277476310730e-02,1.838080585002899170e-02,4.498964920639991760e-02,2.437301911413669586e-02,6.528196390718221664e-03,1.604217849671840668e-02,7.096203509718179703e-03,8.648142218589782715e-03,3.196530342102050781e-01,4.608610868453979492e-01,2.151846513152122498e-02,1.303259865380823612e-03,3.201965987682342529e-02,2.822613716125488281e-01,7.358063757419586182e-02,2.338961325585842133e-02,4.749031364917755127e-02,2.068279497325420380e-02,1.808436773717403412e-02,3.740232437849044800e-03,3.114925464615225792e-03,1.747290231287479401e-02,2.250700257718563080e-03,9.616112336516380310e-03,2.666836371645331383e-03,1.076140790246427059e-03,2.322509419173002243e-03,2.031058538705110550e-03,1.912214327603578568e-03,2.158195013180375099e-03,2.271629171445965767e-03,2.055450575426220894e-03,1.949389115907251835e-03,4.578069318085908890e-03,2.583398250862956047e-03,6.064263638108968735e-03,5.694231949746608734e-03,1.893972046673297882e-03,2.799309324473142624e-03,3.737246850505471230e-03,3.263602033257484436e-03,2.845948794856667519e-03,4.269839730113744736e-03,2.489717910066246986e-03,2.681611804291605949e-03,1.636089640669524670e-03,4.083492327481508255e-03,3.902214579284191132e-03,1.230104011483490467e-03,2.436252776533365250e-03,1.132672070525586605e-03,2.335526980459690094e-03,3.094445448368787766e-03,2.212029416114091873e-03,6.223255768418312073e-03,3.361220471560955048e-03,2.370262984186410904e-03,6.198712624609470367e-03
4.363079369068145752e-02,3.407974541187286377e-02,1.926455087959766388e-02,2.889845333993434906e-02,1.177702751010656357e-02,3.670705482363700867e-02,5.906668491661548615e-03,8.935783989727497101e-03,4.083060193806886673e-03,3.648106008768081665e-02,1.849402338266372681e-01,6.044843420386314392e-02,3.201965987682342529e-02,3.248127177357673645e-03,2.321468293666839600e-02,4.722855687141418457e-01,5.928220972418785095e-02,7.067943457514047623e-03,1.551472209393978119e-02,9.153476916253566742e-03,2.350912196561694145e-03,2.065836917608976364e-03,4.048396833240985870e-03,2.116180723533034325e-03,9.525135159492492676e-03,4.625134635716676712e-03,2.538917120546102524e-03,2.565227681770920753e-03,2.645889995619654655e-03,2.322179032489657402e-03,9.525746572762727737e-04,2.114414237439632416e-03,2.281396184116601944e-03,1.748213544487953186e-03,3.735290374606847763e-03,2.176562556996941566e-03,6.135981064289808273e-03,5.199554841965436935e-03,1.483324798755347729e-03,2.761375159025192261e-03,7.149826269596815109e-03,3.695994615554809570e-03,4.224173724651336670e-03,7.163358852267265320e-03,7.508420385420322418e-03,7.172022014856338501e-03,1.971560530364513397e-03,2.302402863278985023e-03,3.738599596545100212e-03,4.172851331532001495e-03,2.185167744755744934e-03,2.907760674133896828e-03,5.737009923905134201e-03,2.637116238474845886e-03,3.292483510449528694e-03,2.811428159475326538e-03,2.400409430265426636e-03,4.097614903002977371e-03,5.087421741336584091e-03
1.213895156979560852e-02,6.636933423578739166e-03,4.700096324086189270e-03,1.462667621672153473e-02,7.608147803694009781e-03,3.424311056733131409e-02,4.289902281016111374e-03,1.263516582548618317e-02,3.633210435509681702e-02,8.572322130203247070e-02,2.687685787677764893e-01,5.505172014236450195e-01,2.822613716125488281e-01,2.321468293666839600e-02,7.238253206014633179e-02,1.136200875043869019e-02,3.582150340080261230e-01,2.334554865956306458e-02,5.346252117305994034e-03,3.022233583033084869e-02,4.961581435054540634e-03,1.069342833943665028e-03,8.814816363155841827e-03,5.820433725602924824e-04,3.203376894816756248e-03,1.622058684006333351e-03,1.109677948988974094e-03,2.262064255774021149e-03,3.062899922952055931e-03,1.374543877318501472e-03,1.996749779209494591e-03,1.361167989671230316e-03,2.988695399835705757e-03,5.848812870681285858e-03,5.693276412785053253e-03,5.100538954138755798e-03,4.144147038459777832e-03,1.071747858077287674e-02,3.020811593160033226e-03,2.831403864547610283e-03,7.304357830435037613e-03,7.205993868410587311e-03,1.811268506571650505e-03,5.390595179051160812e-03,6.441834382712841034e-03,3.587790066376328468e-03,2.151406602934002876e-03,1.342280535027384758e-03,3.278216579928994179e-03,1.256436691619455814e-03,2.853413112461566925e-03,2.712742425501346588e-03,2.245663432404398918e-03,2.067878609523177147e-03,1.558484742417931557e-03,2.134325215592980385e-03,5.195930134505033493e-03,1.923859352245926857e-03,1.959616085514426231e-03
2.011794224381446838e-02,8.518553338944911957e-03,1.040079258382320404e-02,5.009126849472522736e-03,4.839887842535972595e-03,9.184811264276504517e-03,9.909303858876228333e-03,3.185115754604339600e-02,5.771516822278499603e-03,4.506833478808403015e-02,6.408794969320297241e-02,6.723985821008682251e-02,7.358063757419586182e-02,4.722855687141418457e-01,1.136200875043869019e-02,1.482676598243415356e-03,7.127155549824237823e-03,4.878207743167877197e-01,1.066421624273061752e-02,8.837325498461723328e-03,1.588379382155835629e-03,7.322715595364570618e-03,2.879470586776733398e-03,2.482184674590826035e-03,6.857523228973150253e-03,2.850406803190708160e-03,3.042481839656829834e-03,2.874133409932255745e-03,2.596555277705192566e-03,2.366185886785387993e-03,1.391299651004374027e-03,7.628321181982755661e-03,3.232441609725356102e-03,2.484236145392060280e-03,4.191253799945116043e-03,4.461972508579492569e-03,1.696698367595672607e-02,2.753286855295300484e-03,2.129234373569488525e-03,3.452003933489322662e-03,3.715271595865488052e-03,1.978322863578796387e-03,3.579470794647932053e-03,4.947657231241464615e-03,4.229379817843437195e-03,6.453340873122215271e-03,1.046973047778010368e-03,5.002581048756837845e-03,2.771034138277173042e-03,5.215274635702371597e-03,3.160916035994887352e-03,1.857654890045523643e-03,4.475642461329698563e-03,3.178300568833947182e-03,8.251161314547061920e-03,4.746305756270885468e-03,3.839442273601889610e-03,4.306041635572910309e-03,6.241915747523307800e-03
3.687412943691015244e-03,3.138714237138628960e-03,4.907871130853891373e-03,5.024192854762077332e-03,2.121526049450039864e-03,7.696175016462802887e-03,4.742574878036975861e-03,3.397388616576790810e-03,1.976567506790161133e-01,2.088440656661987305e-01,2.673139795660972595e-02,1.784843057394027710e-01,2.338961325585842133e-02,5.928220972418785095e-02,3.582150340080261230e-01,7.127155549824237823e-03,2.564888261258602142e-02,2.384932897984981537e-02,4.730533063411712646e-02,6.307607889175415039e-02,1.681652478873729706e-02,9.932999499142169952e-03,2.942877123132348061e-03,2.964000916108489037e-03,1.165125868283212185e-03,1.074613886885344982e-03,1.638178364373743534e-03,2.407429507002234459e-03,4.610889591276645660e-03,2.627172041684389114e-03,2.450803760439157486e-03,3.164490917697548866e-03,5.658322479575872421e-03,8.605099283158779144e-03,1.705525070428848267e-02,2.551613841205835342e-03,4.223911091685295105e-03,1.658441871404647827e-02,1.778543926775455475e-03,1.532987109385430813e-03,7.664268370717763901e-03,6.739960052073001862e-03,1.412216573953628540e-03,1.435877289623022079e-03,1.316471304744482040e-02,3.949636593461036682e-03,3.181933192536234856e-03,2.801688853651285172e-03,3.374507883563637733e-03,1.891626976430416107e-03,3.617975860834121704e-03,4.694333765655755997e-03,1.635650522075593472e-03,1.756620011292397976e-03,2.129170577973127365e-03,3.329605562612414360e-03,4.885422065854072571e-03,3.424682188779115677e-03,3.292780602350831032e-03
5.077742971479892731e-03,8.211304433643817902e-03,8.474983274936676025e-03,5.021254532039165497e-03,3.267918480560183525e-03,7.173664867877960205e-03,5.206539295613765717e-03,8.649904280900955200e-03,1.646100915968418121e-02,1.775955781340599060e-02,2.729149162769317627e-02,2.652161009609699249e-02,4.749031364917755127e-02,7.067943457514047623e-03,2.334554865956306458e-02,4.878207743167877197e-01,2.384932897984981537e-02,7.121500093489885330e-04,1.426006555557250977e-01,5.131960511207580566e-01,5.816172808408737183e-03,4.504335224628448486e-01,4.398884717375040054e-03,3.295492380857467651e-03,4.752334672957658768e-03,8.859707042574882507e-03,1.421294058673083782e-03,4.980161786079406738e-03,1.329757180064916611e-02,1.671799691393971443e-03,4.227504599839448929e-03,5.250586196780204773e-03,5.746501963585615158e-03,6.979865953326225281e-03,7.486565969884395599e-03,6.589175667613744736e-03,4.091266542673110962e-03,6.436894647777080536e-03,1.811628113500773907e-03,2.030579373240470886e-03,3.677547909319400787e-03,1.663603470660746098e-03,2.039367333054542542e-03,3.010814310982823372e-03,3.242420265451073647e-03,2.006970811635255814e-03,2.591607859358191490e-03,2.243791241198778152e-03,2.306625712662935257e-03,1.917765475809574127e-03,3.007017774507403374e-03,2.135094255208969116e-03,4.328753333538770676e-03,2.387700136750936508e-03,2.226879354566335678e-03,2.693900140002369881e-03,2.115206094458699226e-03,2.140347845852375031e-03,2.647598041221499443e-03
2.008046489208936691e-03,2.524337731301784515e-03,2.082172082737088203e-03,3.191644093021750450e-03,3.122041001915931702e-03,3.672179067507386208e-03,9.495597332715988159e-03,1.096286997199058533e-02,1.411592215299606323e-02,5.751500837504863739e-03,8.247759193181991577e-03,2.319564856588840485e-02,2.068279497325420380e-02,1.551472209393978119e-02,5.346252117305994034e-03,1.066421624273061752e-02,4.730533063411712646e-02,1.426006555557250977e-01,1.151850447058677673e-03,1.286701764911413193e-02,2.024724781513214111e-01,3.509214846417307854e-03,1.987447030842304230e-03,1.982943940674886107e-04,2.894929784815758467e-04,5.751925637014210224e-04,4.204151686280965805e-03,1.480195787735283375e-03,3.528439439833164215e-03,4.962669219821691513e-03,2.501558884978294373e-02,1.456856541335582733e-02,1.436719577759504318e-02,7.794398069381713867e-02,5.903190374374389648e-02,2.155113592743873596e-02,4.841099679470062256e-02,8.839474618434906006e-02,1.481900084763765335e-02,5.720732267946004868e-03,2.580582164227962494e-02,2.792801335453987122e-02,3.945421893149614334e-03,1.087362691760063171e-02,2.584106288850307465e-02,3.757765749469399452e-03,3.502471605315804482e-03,1.770556671544909477e-03,4.889821633696556091e-03,1.123850350268185139e-03,3.811865812167525291e-03,2.680697478353977203e-03,2.362042665481567383e-03,1.604054123163223267e-03,1.127100433222949505e-03,2.244680654257535934e-03,3.108205972239375114e-03,2.561617409810423851e-03,2.854863880202174187e-03
4.550384357571601868e-03,3.989139571785926819e-03,2.879458013921976089e-03,2.950209192931652069e-03,2.469111466780304909e-03,4.904437810182571411e-03,3.717768238857388496e-03,6.531035993248224258e-03,4.221477359533309937e-02,7.739269733428955078e-02,7.864070124924182892e-03,6.375540047883987427e-02,1.808436773717403412e-02,9.153476916253566742e-03,3.022233583033084869e-02,8.837325498461723328e-03,6.307607889175415039e-02,5.131960511207580566e-01,1.286701764911413193e-02,1.014428329654037952e-03,1.596016250550746918e-02,1.283278763294219971e-01,4.346015863120555878e-03,1.348074991255998611e-02,1.550030545331537724e-03,2.087778644636273384e-03,3.863016609102487564e-03,4.298046696931123734e-03,1.759253442287445068e-02,3.927014302462339401e-03,6.066324654966592789e-03,1.736530289053916931e-02,2.946370467543601990e-02,2.062332443892955780e-02,4.353814572095870972e-02,5.051957909017801285e-03,3.243716666474938393e-03,1.140736322849988937e-02,2.529397374019026756e-03,1.353899831883609295e-03,4.539771936833858490e-03,3.254817333072423935e-03,2.146250568330287933e-03,1.808943226933479309e-03,5.776638630777597427e-03,2.233480103313922882e-03,4.893293604254722595e-03,2.949977759271860123e-03,2.756396541371941566e-03,2.187139820307493210e-03,3.040122333914041519e-03,2.732713939622044563e-03,1.440066262148320675e-03,1.625638687983155251e-03,2.137845149263739586e-03,2.517378656193614006e-03,3.790283342823386192e-03,1.619798596948385239e-03,3.734586294740438461e-03
2.284843707457184792e-03,2.066780813038349152e-03,1.791147980839014053e-03,2.761446172371506691e-03,1.484125852584838867e-03,2.758557442575693130e-03,2.994802780449390411e-03,2.820431254804134369e-03,3.189380466938018799e-02,6.792054977267980576e-03,7.215473335236310959e-03,9.271582588553428650e-03,3.740232437849044800e-03,2.350912196561694145e-03,4.961581435054540634e-03,1.588379382155835629e-03,1.681652478873729706e-02,5.816172808408737183e-03,2.024724781513214111e-01,1.596016250550746918e-02,2.036221558228135109e-03,5.613035056740045547e-03,1.141731161624193192e-02,4.881506611127406359e-04,3.487114096060395241e-03,5.820830701850354671e-04,1.759781851433217525e-03,1.707447110675275326e-03,1.149904448539018631e-02,4.895400255918502808e-03,1.260465532541275024e-01,1.801411807537078857e-02,2.538855373859405518e-01,6.005809903144836426e-01,7.984897494316101074e-02,8.662786334753036499e-03,2.981189452111721039e-02,2.739365398883819580e-01,7.154234685003757477e-03,5.091007333248853683e-03,3.308112919330596924e-02,1.755012758076190948e-02,2.848206786438822746e-03,3.834135364741086960e-03,3.205977380275726318e-02,4.821777809411287308e-03,5.024698562920093536e-03,2.161692362278699875e-03,4.200817551463842392e-03,1.399346976540982723e-03,3.710189834237098694e-03,5.857833661139011383e-03,1.763149164617061615e-03,1.597818918526172638e-03,1.550981425680220127e-03,1.996332779526710510e-03,2.208527410402894020e-03,2.570704091340303421e-03,2.712200628593564034e-03
2.064263448119163513e-03,2.400596626102924347e-03,2.444873796775937080e-03,1.945681753568351269e-03,1.434335135854780674e-03,4.915368743240833282e-03,2.168683335185050964e-03,1.797312288545072079e-03,3.097586100921034813e-03,2.446436090394854546e-03,2.699685283005237579e-03,5.739121232181787491e-03,3.114925464615225792e-03,2.065836917608976364e-03,1.069342833943665028e-03,7.322715595364570618e-03,9.932999499142169952e-03,4.504335224628448486e-01,3.509214846417307854e-03,1.283278763294219971e-01,5.613035056740045547e-03,1.681593246757984161e-03,9.545913338661193848e-02,2.135346643626689911e-02,5.744039267301559448e-02,8.493487723171710968e-03,2.067306451499462128e-02,8.145650848746299744e-03,9.913075715303421021e-02,3.784226253628730774e-02,1.276938319206237793e-01,9.993528723716735840e-01,3.580579757690429688e-01,1.209941133856773376e-02,1.762411743402481079e-02,2.100746519863605499e-02,4.438556265085935593e-03,2.507543656975030899e-03,4.757877439260482788e-03,1.602120930328965187e-03,1.094114966690540314e-03,1.878828625194728374e-03,1.543100457638502121e-03,1.572892768308520317e-03,2.218808047473430634e-03,3.816034644842147827e-03,2.150851069018244743e-03,2.930478658527135849e-03,2.235355554148554802e-03,1.281473319977521896e-03,2.368571236729621887e-03,1.501877093687653542e-03,1.441215979866683483e-03,2.887351904064416885e-03,1.402527675963938236e-03,1.508252578787505627e-03,3.044960321858525276e-03,9.779814863577485085e-04,1.376025262288749218e-03
1.392942387610673904e-03,2.252425998449325562e-03,3.124137176200747490e-03,2.931511262431740761e-03,2.909700851887464523e-03,2.636372810229659081e-03,4.988369997590780258e-03,2.548091812059283257e-03,2.763248281553387642e-03,3.489805851131677628e-03,2.936766250059008598e-03,8.797244168817996979e-03,1.747290231287479401e-02,4.048396833240985870e-03,8.814816363155841827e-03,2.879470586776733398e-03,2.942877123132348061e-03,4.398884717375040054e-03,1.987447030842304230e-03,4.346015863120555878e-03,1.141731161624193192e-02,9.545913338661193848e-02,1.376126892864704132e-03,4.070918541401624680e-03,2.389658614993095398e-02,2.998213283717632294e-03,1.779360920190811157e-01,1.578703969717025757e-01,1.460202038288116455e-01,2.621802091598510742e-01,1.259272843599319458e-01,1.159227639436721802e-01,2.612155303359031677e-02,2.077958732843399048e-02,1.007642690092325211e-02,7.966636680066585541e-03,6.711799651384353638e-03,6.491917371749877930e-02,3.275701310485601425e-03,1.462535350583493710e-03,3.781295148655772209e-03,7.440740708261728287e-03,1.358000678010284901e-03,1.946134725585579872e-03,6.746347062289714813e-03,4.659898113459348679e-03,2.096602227538824081e-03,2.281594555824995041e-03,3.314619418233633041e-03,1.590435276739299297e-03,5.032616667449474335e-03,1.083859335631132126e-02,2.535310341045260429e-03,3.368688281625509262e-03,1.621733652427792549e-03,2.265341347083449364e-03,4.703628364950418472e-03,2.316536381840705872e-03,1.709024771116673946e-03
2.619480714201927185e-03,4.049842711538076401e-03,3.800590988248586655e-03,2.528105862438678741e-03,4.116632975637912750e-03,3.327512880787253380e-03,2.889835275709629059e-03,2.282822737470269203e-03,1.743546337820589542e-03,2.191512612625956535e-03,2.307980321347713470e-03,2.797234803438186646e-03,2.250700257718563080e-03,2.116180723533034325e-03,5.820433725602924824e-04,2.482184674590826035e-03,2.964000916108489037e-03,3.295492380857467651e-03,1.982943940674886107e-04,1.348074991255998611e-02,4.881506611127406359e-04,2.135346643626689911e-02,4.070918541401624680e-03,2.109471010044217110e-03,1.418915111571550369e-02,1.775853633880615234e-01,4.936232566833496094e-01,8.410521596670150757e-02,4.273912310600280762e-01,9.538750648498535156e-01,1.200653985142707825e-01,4.652243852615356445e-01,2.221981137990951538e-01,3.792736679315567017e-03,5.043477751314640045e-03,9.336980059742927551e-03,5.057295784354209900e-03,2.506246324628591537e-03,4.482080228626728058e-03,2.987807616591453552e-03,1.948845689184963703e-03,1.335680717602372169e-03,1.722713932394981384e-03,2.659689402207732201e-03,1.150012947618961334e-02,5.394564475864171982e-03,2.954113762825727463e-03,9.530813433229923248e-03,5.269743036478757858e-03,7.656989153474569321e-03,7.154932711273431778e-03,1.909318729303777218e-03,3.356117522343993187e-03,4.982189740985631943e-03,2.861792221665382385e-03,4.990474786609411240e-03,4.228942096233367920e-03,1.665819203481078148e-03,1.988758333027362823e-03
4.655814729630947113e-03,1.179779972881078720e-02,8.420490659773349762e-03,9.246897883713245392e-03,5.526177119463682175e-03,5.632737651467323303e-03,9.708096273243427277e-03,6.027665454894304276e-03,2.435683738440275192e-03,1.799429883249104023e-03,2.462525619193911552e-03,3.417014377191662788e-03,9.616112336516380310e-03,9.525135159492492676e-03,3.203376894816756248e-03,6.857523228973150253e-03,1.165125868283212185e-03,4.752334672957658768e-03,2.894929784815758467e-04,1.550030545331537724e-03,3.487114096060395241e-03,5.744039267301559448e-02,2.389658614993095398e-02,1.418915111571550369e-02,7.231922354549169540e-04,1.420374661684036255e-01,4.643016681075096130e-02,1.632242500782012939e-01,1.595662236213684082e-01,2.732580900192260742e-01,2.915076911449432373e-02,1.213334426283836365e-01,2.094851061701774597e-02,8.804798126220703125e-03,7.087234873324632645e-03,9.878898970782756805e-03,6.972958799451589584e-03,3.139140782877802849e-03,3.787884023040533066e-03,3.229184309020638466e-03,1.646193093620240688e-03,1.282799523323774338e-03,1.890909625217318535e-03,3.278548363596200943e-03,6.045355927199125290e-03,4.139989148825407028e-03,1.861741417087614536e-03,3.987680654972791672e-03,4.507693462073802948e-03,7.715495768934488297e-03,5.643529817461967468e-03,1.463206717744469643e-03,3.510758979246020317e-03,1.483156532049179077e-02,2.425912301987409592e-03,3.072161227464675903e-03,2.722786972299218178e-03,3.201163839548826218e-03,2.002831781283020973e-03
1.259861420840024948e-02,7.566298358142375946e-03,1.508051529526710510e-02,4.337397869676351547e-03,9.139997884631156921e-03,6.593252997845411301e-03,8.536869660019874573e-03,5.333424545824527740e-03,1.882207463495433331e-03,1.106349984183907509e-03,2.204551827162504196e-03,2.110966248437762260e-03,2.666836371645331383e-03,4.625134635716676712e-03,1.622058684006333351e-03,2.850406803190708160e-03,1.074613886885344982e-03,8.859707042574882507e-03,5.751925637014210224e-04,2.087778644636273384e-03,5.820830701850354671e-04,8.493487723171710968e-03,2.998213283717632294e-03,1.775853633880615234e-01,1.420374661684036255e-01,2.313815988600254059e-03,8.531132340431213379e-02,5.399987101554870605e-01,5.882599949836730957e-02,1.312306523323059082e-01,6.367062684148550034e-03,1.243354305624961853e-01,3.574283421039581299e-02,3.366396762430667877e-03,5.027893930673599243e-03,7.500439882278442383e-03,4.486740101128816605e-03,1.955694984644651413e-03,4.672641400247812271e-03,1.392400730401277542e-02,1.193790463730692863e-03,9.714525658637285233e-04,2.952947048470377922e-03,2.672224305570125580e-03,1.783164450898766518e-03,5.912716500461101532e-03,1.799644902348518372e-03,1.070160046219825745e-02,1.273314002901315689e-02,4.870463535189628601e-02,8.862583898007869720e-03,1.272585126571357250e-03,1.169914472848176956e-02,9.020313620567321777e-03,4.072670824825763702e-03,5.678832065314054489e-03,5.555072333663702011e-03,2.344073262065649033e-03,4.081565421074628830e-03
8.672250434756278992e-03,3.664615564048290253e-03,2.689215354621410370e-03,3.580307587981224060e-03,1.472660573199391365e-03,1.571942819282412529e-03,1.360254245810210705e-03,2.727914135903120041e-03,9.045872720889747143e-04,1.329370774328708649e-03,2.585232257843017578e-03,1.790029695257544518e-03,1.076140790246427059e-03,2.538917120546102524e-03,1.109677948988974094e-03,3.042481839656829834e-03,1.638178364373743534e-03,1.421294058673083782e-03,4.204151686280965805e-03,3.863016609102487564e-03,1.759781851433217525e-03,2.067306451499462128e-02,1.779360920190811157e-01,4.936232566833496094e-01,4.643016681075096130e-02,8.531132340431213379e-02,2.744091209024190903e-03,2.385834604501724243e-01,1.447101533412933350e-01,9.588177204132080078e-01,1.276909708976745605e-01,7.702528685331344604e-02,3.068101964890956879e-02,3.791473573073744774e-03,3.805034793913364410e-03,1.488795224577188492e-02,2.978808246552944183e-03,1.166575122624635696e-03,5.481259897351264954e-03,5.300808697938919067e-03,1.626604003831744194e-03,1.487265340983867645e-03,4.421038553118705750e-03,1.757855410687625408e-03,3.326559439301490784e-03,7.944267243146896362e-03,1.654289430007338524e-03,5.157401319593191147e-03,4.189397208392620087e-03,3.492926806211471558e-02,1.069971267133951187e-02,2.417637500911951065e-03,6.302599795162677765e-03,4.039671737700700760e-03,7.482595741748809814e-03,2.925235079601407051e-03,2.717406023293733597e-03,2.639168873429298401e-03,1.883608987554907799e-03
