1.143708825111389160e-03,5.073899775743484497e-02,3.560125231742858887e-01,3.513839468359947205e-02,8.939392119646072388e-02,1.595939882099628448e-02,7.117971032857894897e-02,2.753862738609313965e-02,1.098987646400928497e-02,1.394219230860471725e-02,9.947453625500202179e-03,6.149940192699432373e-03,5.332672968506813049e-03,1.674575544893741608e-02,5.142515990883111954e-03,1.103766541928052902e-02,3.626051824539899826e-03,6.643258035182952881e-03,4.488458856940269470e-03,1.944218296557664871e-03,3.103968454524874687e-03,2.661877078935503960e-03,1.953611150383949280e-03,4.356483463197946548e-03,3.915653098374605179e-03,5.348164588212966919e-03,5.549027584493160248e-03,3.008791012689471245e-03,2.251098630949854851e-03,3.756514517590403557e-03,3.991102799773216248e-03,7.537229452282190323e-03,2.804829040542244911e-03,2.806198084726929665e-03,3.782599465921521187e-03,4.762417636811733246e-03,4.953846801072359085e-03,4.025536123663187027e-03,3.949364647269248962e-03,6.361496634781360626e-03,3.564688144251704216e-03,2.666549989953637123e-03,7.339841686189174652e-03,7.258309982717037201e-03,3.679471788927912712e-03,4.214723128825426102e-03,3.875676542520523071e-03,6.548142991960048676e-03,9.514389559626579285e-03,9.345421567559242249e-03,4.496176727116107941e-03,3.544102888554334641e-03,2.658003708347678185e-03,5.368699319660663605e-03,8.244367316365242004e-03,1.830151304602622986e-02,4.227394238114356995e-03,2.392988419160246849e-03,4.908910021185874939e-03
5.073899775743484497e-02,7.911145687103271484e-03,3.519522547721862793e-01,1.635529547929763794e-01,5.075837373733520508e-01,2.243634685873985291e-02,9.277100116014480591e-02,9.086748212575912476e-02,1.197242457419633865e-02,1.075753290206193924e-02,3.324633464217185974e-02,3.722147084772586823e-03,9.515975601971149445e-03,1.809380762279033661e-02,4.704349674284458160e-03,1.940725743770599365e-02,2.713454654440283775e-03,7.046755403280258179e-03,3.087960649281740189e-03,3.143136156722903252e-03,2.075884025543928146e-03,2.509102923795580864e-03,1.310852356255054474e-03,4.243670031428337097e-03,3.105212701484560966e-03,5.891926120966672897e-03,4.323630593717098236e-03,3.658570349216461182e-03,1.708422787487506866e-03,2.465578727424144745e-03,6.243885960429906845e-03,4.044118802994489670e-03,5.648519843816757202e-03,2.432445529848337173e-03,4.668498411774635315e-03,9.651903063058853149e-03,6.598727311939001083e-03,2.174111548811197281e-03,2.645684871822595596e-03,5.973975639790296555e-03,2.639354672282934189e-03,1.967558171600103378e-03,3.409024793654680252e-03,4.797520581632852554e-03,3.305003512650728226e-03,5.139672197401523590e-03,1.966341398656368256e-03,2.383149694651365280e-03,2.913290169090032578e-03,3.214508295059204102e-03,2.268931129947304726e-03,2.035230398178100586e-03,1.718867453746497631e-03,4.046193789690732956e-03,4.961404949426651001e-03,6.102716550230979919e-03,3.263173624873161316e-03,3.448936389759182930e-03,1.301405020058155060e-02
3.560125231742858887e-01,3.519522547721862793e-01,2.041272446513175964e-02,2.666517198085784912e-01,5.514177083969116211e-01,1.194860786199569702e-01,4.290669783949851990e-02,1.505296677350997925e-01,1.762311905622482300e-02,6.467006169259548187e-03,9.034121409058570862e-03,5.485733039677143097e-03,5.187248811125755310e-03,8.799643255770206451e-03,3.656419226899743080e-03,3.910824190825223923e-03,2.477709203958511353e-03,3.859852673485875130e-03,4.066476598381996155e-03,3.358317539095878601e-03,1.892564585432410240e-03,2.144944854080677032e-03,2.026051515713334084e-03,2.852174686267971992e-03,2.905268920585513115e-03,7.214714772999286652e-03,2.116166520863771439e-03,4.126286134123802185e-03,1.932317041791975498e-03,2.138363895937800407e-03,1.813678769394755363e-03,4.812147468328475952e-03,3.267652820795774460e-03,1.874665380455553532e-03,2.773541491478681564e-03,1.054187119007110596e-02,4.191000945866107941e-03,2.199630485847592354e-03,2.213904634118080139e-03,9.029951877892017365e-03,2.164135454222559929e-03,1.313897082582116127e-03,3.098329994827508926e-03,1.150353997945785522e-02,2.789817284792661667e-03,4.727114923298358917e-03,2.058541867882013321e-03,3.069485072046518326e-03,4.232403356581926346e-03,7.751050405204296112e-03,3.985553048551082611e-03,2.154279034584760666e-03,2.465224592015147209e-03,5.460201296955347061e-03,1.146706752479076385e-02,5.710275378078222275e-03,4.157891962677240372e-03,2.572214696556329727e-03,3.637892426922917366e-03
3.513839468359947205e-02,1.635529547929763794e-01,2.666517198085784912e-01,2.098623067140579224e-01,9.576595425605773926e-01,4.546291008591651917e-02,1.581116206943988800e-02,9.924420118331909180e-01,8.117139339447021484e-01,6.120901089161634445e-03,7.090163975954055786e-02,2.476449590176343918e-03,1.192102488130331039e-02,9.205707348883152008e-03,4.123901948332786560e-03,3.133776597678661346e-03,2.538909902796149254e-03,7.178027182817459106e-03,5.536222830414772034e-03,4.106195643544197083e-03,1.880874857306480408e-03,2.270928816869854927e-03,3.279372584074735641e-03,3.432894358411431313e-03,2.830881625413894653e-03,4.635408520698547363e-03,1.468641217797994614e-03,3.021232550963759422e-03,1.727539347484707832e-03,1.511601265519857407e-03,1.615049899555742741e-03,1.359863090328872204e-03,3.427236806601285934e-03,1.767810434103012085e-03,4.066200461238622665e-03,1.691632438451051712e-03,2.310449024662375450e-03,1.994401216506958008e-03,1.085946452803909779e-03,2.745393896475434303e-03,1.904830569401383400e-03,2.259340835735201836e-03,1.158360508270561695e-03,2.045594621449708939e-03,3.636570647358894348e-03,3.509538248181343079e-03,1.600311254151165485e-03,2.086049644276499748e-03,2.048527589067816734e-03,1.442894106730818748e-03,4.742280114442110062e-03,2.957479562610387802e-03,2.179891336709260941e-03,2.879362320527434349e-03,1.721396576613187790e-03,2.267898293212056160e-03,3.972607664763927460e-03,2.445266814902424812e-03,3.624131204560399055e-03
8.939392119646072388e-02,5.075837373733520508e-01,5.514177083969116211e-01,9.576595425605773926e-01,8.056772872805595398e-03,5.747557058930397034e-02,9.612786769866943359e-01,9.481905102729797363e-01,2.541270572692155838e-03,4.932641517370939255e-03,2.299214713275432587e-02,3.571781562641263008e-03,1.288457494229078293e-02,1.046402938663959503e-02,2.579502761363983154e-03,4.228709265589714050e-03,1.388316974043846130e-03,5.883692763745784760e-03,5.251219030469655991e-03,2.375310752540826797e-03,1.291338820010423660e-03,2.394070150330662727e-03,2.496718429028987885e-03,2.293949015438556671e-03,3.695891238749027252e-03,4.298510495573282242e-03,2.037886762991547585e-03,2.314489567652344704e-03,1.630403683520853519e-03,2.076755510643124580e-03,1.230950816534459591e-03,1.966253388673067093e-03,2.930183429270982742e-03,1.822823891416192055e-03,4.209507256746292114e-03,5.411034915596246719e-03,2.893843222409486771e-03,1.653686398640275002e-03,1.334226108156144619e-03,5.726267583668231964e-03,1.173031982034444809e-03,1.775550423189997673e-03,3.310286905616521835e-03,2.990214852616190910e-03,2.145636826753616333e-03,3.176714992150664330e-03,1.216404256410896778e-03,2.380929887294769287e-03,3.555008210241794586e-03,3.512793220579624176e-03,2.365562366321682930e-03,2.246821764856576920e-03,3.898815019056200981e-03,3.886665217578411102e-03,3.526374464854598045e-03,3.715913975611329079e-03,3.488042159005999565e-03,2.472239779308438301e-03,2.894099103286862373e-03
1.595939882099628448e-02,2.243634685873985291e-02,1.194860786199569702e-01,4.546291008591651917e-02,5.747557058930397034e-02,2.092144638299942017e-02,1.133961006999015808e-01,5.240834131836891174e-02,5.375646799802780151e-02,7.327799685299396515e-03,2.074377611279487610e-02,6.947245448827743530e-03,8.199379779398441315e-03,1.013105269521474838e-02,4.178430885076522827e-03,5.288292653858661652e-03,4.843926988542079926e-03,1.854992471635341644e-02,6.819034926593303680e-03,7.253682706505060196e-03,4.954157397150993347e-03,4.409607034176588058e-03,4.760013427585363388e-03,4.941498860716819763e-03,1.367397699505090714e-02,7.450734730809926987e-03,3.228263696655631065e-03,4.071409814059734344e-03,2.138491021469235420e-03,3.649879246950149536e-03,2.359323902055621147e-03,5.509914364665746689e-03,3.189684590324759483e-03,2.087545115500688553e-03,5.884317215532064438e-03,3.458808409050107002e-03,6.534337997436523438e-03,2.973125083371996880e-03,2.992690773680806160e-03,4.728286061435937881e-03,3.364682197570800781e-03,2.925353357568383217e-03,3.606818150728940964e-03,2.650973619893193245e-03,2.263722009956836700e-03,3.937585745006799698e-03,2.069378737360239029e-03,2.560005057603120804e-03,3.082660259678959846e-03,4.619406070560216904e-03,4.325716756284236908e-03,3.958239220082759857e-03,3.052476560696959496e-03,4.826615098863840103e-03,3.797634504735469818e-03,6.145056802779436111e-03,4.254607018083333969e-03,2.750529441982507706e-03,4.761129617691040039e-03
7.117971032857894897e-02,9.277100116014480591e-02,4.290669783949851990e-02,1.581116206943988800e-02,9.612786769866943359e-01,1.133961006999015808e-01,4.599902778863906860e-03,7.097513228654861450e-02,1.432997137308120728e-01,5.892707780003547668e-02,4.086316004395484924e-02,1.012506801635026932e-02,2.940253354609012604e-02,1.207411382347345352e-02,1.194784604012966156e-02,5.674170330166816711e-03,2.145973965525627136e-03,1.162111945450305939e-02,5.993863102048635483e-03,5.539993755519390106e-03,8.025500923395156860e-03,2.649193862453103065e-03,4.044245928525924683e-03,4.455288406461477280e-03,6.668129004538059235e-03,1.240352354943752289e-02,1.902281190268695354e-03,3.832592628896236420e-03,2.289033494889736176e-03,1.710720942355692387e-03,2.386161359027028084e-03,3.381354268640279770e-03,3.566890489310026169e-03,1.030018785968422890e-03,3.319465322420001030e-03,3.160310676321387291e-03,2.423200756311416626e-03,1.358516165055334568e-03,3.498582402244210243e-03,4.572435747832059860e-03,1.881979987956583500e-03,3.593652043491601944e-03,2.067382680252194405e-03,2.457501133903861046e-03,1.928413519635796547e-03,2.583401976153254509e-03,1.176333404146134853e-03,2.814325271174311638e-03,2.961188321933150291e-03,1.916800276376307011e-03,2.899084705859422684e-03,1.961369300261139870e-03,2.935004653409123421e-03,4.361603409051895142e-03,1.628079917281866074e-03,4.482416436076164246e-03,4.502206109464168549e-03,1.882042619399726391e-03,4.981241654604673386e-03
2.753862738609313965e-02,9.086748212575912476e-02,1.505296677350997925e-01,9.924420118331909180e-01,9.481905102729797363e-01,5.240834131836891174e-02,7.097513228654861450e-02,4.033073317259550095e-03,1.556926406919956207e-02,2.154710702598094940e-02,6.381142139434814453e-02,1.188482437282800674e-02,4.070468246936798096e-02,7.512564770877361298e-03,6.360264029353857040e-03,5.818746052682399750e-03,5.274089053273200989e-03,4.650509916245937347e-03,5.054431967437267303e-03,5.121660884469747543e-03,4.067229572683572769e-03,3.279804717749357224e-03,6.786835845559835434e-03,5.259048193693161011e-03,4.253908060491085052e-03,5.713579244911670685e-03,1.852333545684814453e-03,3.045605961233377457e-03,1.995191909372806549e-03,1.803885796107351780e-03,1.623076852411031723e-03,3.601566189900040627e-03,2.371449489146471024e-03,2.593609038740396500e-03,5.082445219159126282e-03,2.336898585781455040e-03,4.405800253152847290e-03,2.975332085043191910e-03,1.536678057163953781e-03,2.540708519518375397e-03,1.781995291821658611e-03,2.647727960720658302e-03,1.757265650667250156e-03,3.079871414229273796e-03,3.280342556536197662e-03,2.796432934701442719e-03,1.685492810793220997e-03,2.295651007443666458e-03,1.526899635791778564e-03,2.905413974076509476e-03,2.413152949884533882e-03,1.727103372104465961e-03,1.599270151928067207e-03,4.030890762805938721e-03,1.514762639999389648e-03,2.444041427224874496e-03,2.887522103264927864e-03,1.164887333288788795e-03,2.151631982997059822e-03
1.098987646400928497e-02,1.197242457419633865e-02,1.762311905622482300e-02,8.117139339447021484e-01,2.541270572692155838e-03,5.375646799802780151e-02,1.432997137308120728e-01,1.556926406919956207e-02,1.128243058919906616e-01,2.145921438932418823e-02,3.135399520397186279e-02,4.259873926639556885e-02,1.541574858129024506e-02,1.559162978082895279e-02,8.586138486862182617e-02,4.553828388452529907e-03,7.568126916885375977e-02,1.720372773706912994e-02,1.155170705169439316e-02,6.169563904404640198e-02,1.486084144562482834e-02,1.559642329812049866e-02,2.277736179530620575e-02,2.718707546591758728e-03,5.934331100434064865e-03,5.195691250264644623e-03,2.310691867023706436e-03,4.093340132385492325e-03,7.438272237777709961e-03,1.785883447155356407e-03,4.252331331372261047e-03,1.803319086320698261e-03,2.249917481094598770e-03,2.156158676370978355e-03,2.127443905919790268e-03,1.645315554924309254e-03,1.616602996364235878e-03,3.188840346410870552e-03,1.697712694294750690e-03,1.652925275266170502e-03,1.369558856822550297e-03,6.586257833987474442e-03,1.181661267764866352e-03,1.107341609895229340e-03,3.578583477064967155e-03,2.397811971604824066e-03,2.563093323260545731e-03,1.390892313793301582e-03,1.702271052636206150e-03,1.403151545673608780e-03,3.073462750762701035e-03,5.969820078462362289e-03,1.278404844924807549e-03,4.018758423626422882e-03,1.350907259620726109e-03,1.785963424481451511e-03,4.508587531745433807e-03,2.582303946837782860e-03,1.452501746825873852e-03
1.394219230860471725e-02,1.075753290206193924e-02,6.467006169259548187e-03,6.120901089161634445e-03,4.932641517370939255e-03,7.327799685299396515e-03,5.892707780003547668e-02,2.154710702598094940e-02,2.145921438932418823e-02,8.372825384140014648e-02,2.953234016895294189e-01,1.116410419344902039e-01,8.673237562179565430e-01,3.603001311421394348e-02,1.043505519628524780e-01,1.464705355465412140e-02,8.155546337366104126e-02,6.442944984883069992e-03,7.181120105087757111e-03,7.682114094495773315e-02,5.425489507615566254e-03,1.008839625865221024e-02,2.153998240828514099e-02,7.292266469448804855e-03,1.455712411552667618e-02,5.566764157265424728e-03,2.657199976965785027e-03,6.754836067557334900e-03,4.543348215520381927e-03,3.066829405725002289e-03,2.141029341146349907e-03,3.218802856281399727e-03,2.402912592515349388e-03,1.320914714597165585e-03,1.645016367547214031e-03,2.621662802994251251e-03,2.835955237969756126e-03,1.397364772856235504e-03,1.191211864352226257e-03,1.002535806037485600e-03,1.457734731957316399e-03,2.285588299855589867e-03,1.301179290749132633e-03,1.389909768477082253e-03,1.902829157188534737e-03,3.092830767855048180e-03,1.588180428370833397e-03,1.664642128162086010e-03,1.926254248246550560e-03,2.537986030802130699e-03,2.780446317046880722e-03,2.275982173159718513e-03,2.076882869005203247e-03,3.379579167813062668e-03,2.049648901447653770e-03,2.033264376223087311e-03,4.152483772486448288e-03,1.921857008710503578e-03,2.603056607767939568e-03
9.947453625500202179e-03,3.324633464217185974e-02,9.034121409058570862e-03,7.090163975954055786e-02,2.299214713275432587e-02,2.074377611279487610e-02,4.086316004395484924e-02,6.381142139434814453e-02,3.135399520397186279e-02,2.953234016895294189e-01,1.901507377624511719e-03,2.252762019634246826e-02,5.730780959129333496e-01,4.182397127151489258e-01,7.048823684453964233e-02,7.917173206806182861e-03,2.173227444291114807e-02,7.352645043283700943e-03,1.301403250545263290e-02,1.270313095301389694e-02,1.066605746746063232e-02,7.651317864656448364e-03,2.013909444212913513e-02,3.930869512259960175e-03,1.895922422409057617e-02,8.891708217561244965e-03,6.039659492671489716e-03,5.686009302735328674e-03,2.799550071358680725e-03,2.452143700793385506e-03,1.997858984395861626e-03,1.739942352287471294e-03,2.319765510037541389e-03,8.669419912621378899e-04,2.753187203779816628e-03,1.900804345495998859e-03,2.693628426641225815e-03,1.518535660579800606e-03,1.277179922908544540e-03,1.623746007680892944e-03,1.206484041176736355e-03,1.851366832852363586e-03,2.677889307960867882e-03,2.000240143388509750e-03,5.858188495039939880e-03,2.645656000822782516e-03,1.254371018148958683e-03,1.282588811591267586e-03,1.925412798300385475e-03,1.669371733441948891e-03,3.264315193518996239e-03,1.770980539731681347e-03,1.664630253799259663e-03,5.087445955723524094e-03,1.720213913358747959e-03,2.623386448249220848e-03,3.648367710411548615e-03,1.568557810969650745e-03,2.005590125918388367e-03
6.149940192699432373e-03,3.722147084772586823e-03,5.485733039677143097e-03,2.476449590176343918e-03,3.571781562641263008e-03,6.947245448827743530e-03,1.012506801635026932e-02,1.188482437282800674e-02,4.259873926639556885e-02,1.116410419344902039e-01,2.252762019634246826e-02,8.963951840996742249e-03,3.720590099692344666e-02,1.439657155424356461e-02,3.533750176429748535e-01,6.708154454827308655e-03,1.362434625625610352e-01,8.848671801388263702e-03,8.094845712184906006e-02,3.141028061509132385e-02,1.856977865099906921e-02,2.547913789749145508e-02,1.763538271188735962e-02,7.831975817680358887e-03,1.757553406059741974e-02,5.204220768064260483e-03,3.056067042052745819e-03,9.051948785781860352e-03,9.996883571147918701e-03,3.363848896697163582e-03,3.684221068397164345e-03,2.886164700612425804e-03,1.864413148723542690e-03,2.927413675934076309e-03,3.834648523479700089e-03,1.891770283691585064e-03,1.729636569507420063e-03,3.588519524782896042e-03,1.620846916921436787e-03,2.117008436471223831e-03,2.276394749060273170e-03,3.878518007695674896e-03,2.370874164626002312e-03,1.548778847791254520e-03,3.680557478219270706e-03,4.391566850244998932e-03,3.276906441897153854e-03,1.771615585312247276e-03,2.673893468454480171e-03,2.051506889984011650e-03,3.616337897256016731e-03,6.157808005809783936e-03,1.469776034355163574e-03,3.530947025865316391e-03,2.560109598562121391e-03,4.054551478475332260e-03,5.776277277618646622e-03,4.159509669989347458e-03,2.709682798013091087e-03
5.332672968506813049e-03,9.515975601971149445e-03,5.187248811125755310e-03,1.192102488130331039e-02,1.288457494229078293e-02,8.199379779398441315e-03,2.940253354609012604e-02,4.070468246936798096e-02,1.541574858129024506e-02,8.673237562179565430e-01,5.730780959129333496e-01,3.720590099692344666e-02,3.880598233081400394e-04,6.891023367643356323e-02,2.868922799825668335e-02,1.211986467242240906e-01,4.082765430212020874e-02,1.872394047677516937e-02,2.217898517847061157e-02,4.868886247277259827e-02,1.193374767899513245e-02,8.421594277024269104e-03,3.601646795868873596e-02,6.392992567270994186e-03,3.950169309973716736e-02,4.680227488279342651e-03,9.686848148703575134e-03,6.602310575544834137e-03,2.431262051686644554e-03,2.749447943642735481e-03,1.333211199380457401e-03,3.176533617079257965e-03,2.688975073397159576e-03,6.705638952553272247e-04,1.495721517130732536e-03,1.617259695194661617e-03,1.688062446191906929e-03,1.996749779209494591e-03,1.203802414238452911e-03,1.819552504457533360e-03,9.351002518087625504e-04,1.466235029511153698e-03,1.185655826702713966e-03,1.382573507726192474e-03,1.804079045541584492e-03,1.905927900224924088e-03,1.589884166605770588e-03,1.404069829732179642e-03,1.319891074672341347e-03,2.195108914747834206e-03,3.584597259759902954e-03,1.943257171660661697e-03,3.455282887443900108e-03,6.671888753771781921e-03,5.937561392784118652e-03,1.027666963636875153e-02,3.818370169028639793e-03,1.800802536308765411e-03,2.812372287735342979e-03
1.674575544893741608e-02,1.809380762279033661e-02,8.799643255770206451e-03,9.205707348883152008e-03,1.046402938663959503e-02,1.013105269521474838e-02,1.207411382347345352e-02,7.512564770877361298e-03,1.559162978082895279e-02,3.603001311421394348e-02,4.182397127151489258e-01,1.439657155424356461e-02,6.891023367643356323e-02,1.627209712751209736e-03,3.296535089612007141e-02,8.324285596609115601e-02,2.203857339918613434e-02,7.818192243576049805e-03,2.028673700988292694e-02,8.175678551197052002e-03,5.779333878308534622e-03,6.420907564461231232e-03,1.785207353532314301e-02,5.153899081051349640e-03,4.863220825791358948e-02,1.264196075499057770e-02,3.797668963670730591e-03,4.382168408483266830e-03,6.076378747820854187e-03,3.252585884183645248e-03,4.041314125061035156e-03,3.470579860731959343e-03,7.790341507643461227e-03,2.072417642921209335e-03,3.139870474115014076e-03,4.728313069790601730e-03,3.766326000913977623e-03,2.258553169667720795e-03,2.321340842172503471e-03,2.164426026865839958e-03,1.838271622546017170e-03,3.443252295255661011e-03,1.676714047789573669e-03,4.173616413027048111e-03,2.468812977895140648e-03,3.559125121682882309e-03,2.572045894339680672e-03,1.703306217677891254e-03,2.048913622274994850e-03,2.971610287204384804e-03,4.057807382196187973e-03,2.274308819323778152e-03,3.115069353953003883e-03,4.385714419186115265e-03,1.872293651103973389e-03,3.918395377695560455e-03,3.540544770658016205e-03,1.628861995413899422e-03,6.176091264933347702e-03
5.142515990883111954e-03,4.704349674284458160e-03,3.656419226899743080e-03,4.123901948332786560e-03,2.579502761363983154e-03,4.178430885076522827e-03,1.194784604012966156e-02,6.360264029353857040e-03,8.586138486862182617e-02,1.043505519628524780e-01,7.048823684453964233e-02,3.533750176429748535e-01,2.868922799825668335e-02,3.296535089612007141e-02,1.516646146774291992e-02,1.608042977750301361e-02,1.778028160333633423e-01,3.919960558414459229e-02,4.543322604149580002e-03,6.244594231247901917e-02,3.105160035192966461e-02,2.387153543531894684e-02,3.353358805179595947e-02,5.979346577078104019e-03,2.157158032059669495e-02,4.999050870537757874e-03,2.363528823480010033e-03,1.167063601315021515e-02,1.301200501620769501e-02,3.480340121313929558e-03,3.004697151482105255e-03,3.175771329551935196e-03,2.751840278506278992e-03,3.534053685143589973e-03,2.835394348949193954e-03,1.509029068984091282e-03,2.087314613163471222e-03,6.284158676862716675e-03,1.065632444806396961e-03,9.855555836111307144e-04,4.680893849581480026e-03,3.267755266278982162e-03,1.042177900671958923e-03,1.867622835561633110e-03,6.689066998660564423e-03,4.867283627390861511e-03,4.649810492992401123e-03,1.632686471566557884e-03,2.232475206255912781e-03,1.469033653847873211e-03,3.157550934702157974e-03,3.680956549942493439e-03,1.286994665861129761e-03,3.173267934471368790e-03,1.727109192870557308e-03,1.785150030627846718e-03,5.132793448865413666e-03,1.530162873677909374e-03,2.060743048787117004e-03
1.103766541928052902e-02,1.940725743770599365e-02,3.910824190825223923e-03,3.133776597678661346e-03,4.228709265589714050e-03,5.288292653858661652e-03,5.674170330166816711e-03,5.818746052682399750e-03,4.553828388452529907e-03,1.464705355465412140e-02,7.917173206806182861e-03,6.708154454827308655e-03,1.211986467242240906e-01,8.324285596609115601e-02,1.608042977750301361e-02,1.011421787552535534e-03,8.376622572541236877e-03,9.617358446121215820e-01,1.426330208778381348e-01,7.808459922671318054e-03,6.568171083927154541e-02,2.086378447711467743e-02,7.333864457905292511e-03,2.650695741176605225e-01,1.186171397566795349e-01,2.791834250092506409e-02,1.425002142786979675e-02,9.223665110766887665e-03,6.362599786370992661e-03,5.122401751577854156e-03,2.880403073504567146e-03,5.426145624369382858e-03,1.175440661609172821e-02,1.789515255950391293e-03,2.236974658444523811e-03,1.901720999740064144e-03,2.545423572883009911e-03,1.550528104417026043e-03,2.740356605499982834e-03,1.685964758507907391e-03,1.104980707168579102e-03,1.793798757717013359e-03,2.880500163882970810e-03,2.925564534962177277e-03,4.069013055413961411e-03,2.709517953917384148e-03,1.231670961715281010e-03,1.866469508968293667e-03,1.213098526932299137e-03,2.160362899303436279e-03,1.756758778356015682e-03,1.313224667683243752e-03,1.020440016873180866e-03,2.353855408728122711e-03,2.691602800041437149e-03,5.949619691818952560e-03,2.348989481106400490e-03,1.533327973447740078e-03,2.624443732202053070e-03
3.626051824539899826e-03,2.713454654440283775e-03,2.477709203958511353e-03,2.538909902796149254e-03,1.388316974043846130e-03,4.843926988542079926e-03,2.145973965525627136e-03,5.274089053273200989e-03,7.568126916885375977e-02,8.155546337366104126e-02,2.173227444291114807e-02,1.362434625625610352e-01,4.082765430212020874e-02,2.203857339918613434e-02,1.778028160333633423e-01,8.376622572541236877e-03,9.181912988424301147e-03,3.793074982240796089e-03,8.730363100767135620e-03,8.423664420843124390e-02,3.925938159227371216e-02,7.744780182838439941e-02,2.540508471429347992e-02,2.175623178482055664e-02,1.684776507318019867e-02,4.394319839775562286e-03,5.856126081198453903e-03,8.790738880634307861e-03,4.322095215320587158e-02,5.770983174443244934e-03,4.428771324455738068e-03,2.679103286936879158e-03,4.203116055577993393e-03,6.451736204326152802e-03,4.214379005134105682e-03,1.599373645149171352e-03,2.019980689510703087e-03,7.353406399488449097e-03,1.597594586201012135e-03,1.255975454114377499e-03,2.982804551720619202e-03,2.855482976883649826e-03,1.325733028352260590e-03,2.284265356138348579e-03,4.924316424876451492e-03,3.380023874342441559e-03,3.998175263404846191e-03,2.984234597533941269e-03,1.982274465262889862e-03,1.509199384599924088e-03,4.084260668605566025e-03,4.679494537413120270e-03,1.608595834113657475e-03,4.122764337807893753e-03,1.726074377074837685e-03,2.545296447351574898e-03,9.666956029832363129e-03,4.175128415226936340e-03,2.441519638523459435e-03
6.643258035182952881e-03,7.046755403280258179e-03,3.859852673485875130e-03,7.178027182817459106e-03,5.883692763745784760e-03,1.854992471635341644e-02,1.162111945450305939e-02,4.650509916245937347e-03,1.720372773706912994e-02,6.442944984883069992e-03,7.352645043283700943e-03,8.848671801388263702e-03,1.872394047677516937e-02,7.818192243576049805e-03,3.919960558414459229e-02,9.617358446121215820e-01,3.793074982240796089e-03,1.059838803485035896e-03,1.515181511640548706e-01,1.301700994372367859e-02,3.769141063094139099e-02,1.820135861635208130e-02,1.856039650738239288e-02,5.258409772068262100e-03,3.425896167755126953e-02,1.028526760637760162e-02,3.927539661526679993e-02,8.515030145645141602e-03,9.921943768858909607e-03,9.804061613976955414e-03,1.677986700087785721e-03,2.519299974665045738e-03,6.193541921675205231e-03,1.743174507282674313e-03,2.912380266934633255e-03,1.305778278037905693e-03,2.331129042431712151e-03,3.797636833041906357e-03,1.745002577081322670e-03,1.537334406748414040e-03,3.374757710844278336e-03,2.205690136179327965e-03,1.433100085705518723e-03,5.028411280363798141e-03,6.709533743560314178e-03,4.867553245276212692e-03,3.732064506039023399e-03,2.130543580278754234e-03,1.248951419256627560e-03,3.202626481652259827e-03,3.728305688127875328e-03,2.509385813027620316e-03,2.769194077700376511e-03,4.185072612017393112e-03,3.254207549616694450e-03,3.516522468999028206e-03,4.772768821567296982e-03,1.907555037178099155e-03,3.203256754204630852e-03
4.488458856940269470e-03,3.087960649281740189e-03,4.066476598381996155e-03,5.536222830414772034e-03,5.251219030469655991e-03,6.819034926593303680e-03,5.993863102048635483e-03,5.054431967437267303e-03,1.155170705169439316e-02,7.181120105087757111e-03,1.301403250545263290e-02,8.094845712184906006e-02,2.217898517847061157e-02,2.028673700988292694e-02,4.543322604149580002e-03,1.426330208778381348e-01,8.730363100767135620e-03,1.515181511640548706e-01,1.069164602085947990e-03,1.786579005420207977e-02,1.586598604917526245e-01,2.889285981655120850e-02,2.841500937938690186e-02,1.319659128785133362e-02,1.539685577154159546e-02,1.663473993539810181e-02,5.550787597894668579e-02,9.404296986758708954e-03,1.244082208722829819e-02,1.295042689889669418e-02,2.519582631066441536e-03,1.312294974923133850e-02,9.251345880329608917e-03,4.903269466012716293e-03,5.196881480515003204e-03,2.774897497147321701e-03,3.674785140901803970e-03,6.745215971022844315e-03,1.967816846445202827e-03,2.164658624678850174e-03,3.323400625959038734e-03,3.966419957578182220e-03,1.471495721489191055e-03,5.434551276266574860e-03,1.296630315482616425e-02,1.909527112729847431e-03,2.139619784429669380e-03,2.105471678078174591e-03,1.892114989459514618e-03,2.969521563500165939e-03,1.997641287744045258e-03,2.060422440990805626e-03,1.158991246484220028e-03,2.221914939582347870e-03,1.280421041883528233e-03,2.612556796520948410e-03,2.233099890872836113e-03,1.718052546493709087e-03,1.649052719585597515e-03
1.944218296557664871e-03,3.143136156722903252e-03,3.358317539095878601e-03,4.106195643544197083e-03,2.375310752540826797e-03,7.253682706505060196e-03,5.539993755519390106e-03,5.121660884469747543e-03,6.169563904404640198e-02,7.682114094495773315e-02,1.270313095301389694e-02,3.141028061509132385e-02,4.868886247277259827e-02,8.175678551197052002e-03,6.244594231247901917e-02,7.808459922671318054e-03,8.423664420843124390e-02,1.301700994372367859e-02,1.786579005420207977e-02,3.360885009169578552e-02,4.706088453531265259e-02,1.471887081861495972e-01,1.426129974424839020e-02,1.940324157476425171e-02,2.374901063740253448e-02,4.418284166604280472e-03,8.324690163135528564e-03,1.503199245780706406e-02,5.049047991633415222e-02,9.259129874408245087e-03,2.723891753703355789e-03,3.245847998186945915e-03,4.702760372310876846e-03,2.659503137692809105e-03,2.327412599697709084e-03,1.548805274069309235e-03,2.018727594986557961e-03,5.361157469451427460e-03,1.479785656556487083e-03,8.099449914880096912e-04,2.831635531038045883e-03,3.672221209853887558e-03,1.186601002700626850e-03,1.146221766248345375e-03,4.429481923580169678e-03,4.212420433759689331e-03,4.804663360118865967e-03,2.810850739479064941e-03,1.755718840286135674e-03,1.498354482464492321e-03,4.261517431586980820e-03,4.055266268551349640e-03,1.572052016854286194e-03,5.685389507561922073e-03,2.011186210438609123e-03,2.894136123359203339e-03,1.023618876934051514e-02,2.055532764643430710e-03,2.743899589404463768e-03
3.103968454524874687e-03,2.075884025543928146e-03,1.892564585432410240e-03,1.880874857306480408e-03,1.291338820010423660e-03,4.954157397150993347e-03,8.025500923395156860e-03,4.067229572683572769e-03,1.486084144562482834e-02,5.425489507615566254e-03,1.066605746746063232e-02,1.856977865099906921e-02,1.193374767899513245e-02,5.779333878308534622e-03,3.105160035192966461e-02,6.568171083927154541e-02,3.925938159227371216e-02,3.769141063094139099e-02,1.586598604917526245e-01,4.706088453531265259e-02,4.489601589739322662e-03,1.498275157064199448e-02,5.052835214883089066e-03,1.702637411653995514e-03,2.450032904744148254e-02,1.311907265335321426e-02,1.298642624169588089e-02,1.929003745317459106e-02,1.490237712860107422e-01,1.493363920599222183e-02,1.006770227104425430e-02,3.416447667405009270e-03,1.531595923006534576e-02,1.077943108975887299e-02,5.339200142771005630e-03,2.798623871058225632e-03,2.129736822098493576e-03,2.160224691033363342e-02,2.299091778695583344e-03,2.300821710377931595e-03,2.486269734799861908e-02,6.016696337610483170e-03,2.265684073790907860e-03,1.888866070657968521e-03,5.818808916956186295e-03,3.536314470693469048e-03,3.630563151091337204e-03,2.522954950109124184e-03,3.415726823732256889e-03,8.705228683538734913e-04,5.888226907700300217e-03,4.330167546868324280e-03,1.338050002232193947e-03,2.186193130910396576e-03,2.041713334619998932e-03,1.366052078083157539e-03,3.450698684900999069e-03,2.268017968162894249e-03,2.035256708040833473e-03
2.661877078935503960e-03,2.509102923795580864e-03,2.144944854080677032e-03,2.270928816869854927e-03,2.394070150330662727e-03,4.409607034176588058e-03,2.649193862453103065e-03,3.279804717749357224e-03,1.559642329812049866e-02,1.008839625865221024e-02,7.651317864656448364e-03,2.547913789749145508e-02,8.421594277024269104e-03,6.420907564461231232e-03,2.387153543531894684e-02,2.086378447711467743e-02,7.744780182838439941e-02,1.820135861635208130e-02,2.889285981655120850e-02,1.471887081861495972e-01,1.498275157064199448e-02,1.572331972420215607e-02,2.259365096688270569e-02,2.653911709785461426e-02,2.502419427037239075e-02,1.660236902534961700e-02,7.437410950660705566e-02,5.893350392580032349e-02,1.877231746912002563e-01,4.808749631047248840e-02,5.346455145627260208e-03,9.859035722911357880e-03,2.962482720613479614e-02,5.141552072018384933e-03,4.476959817111492157e-03,1.626810757443308830e-03,1.838022260926663876e-03,3.826789557933807373e-03,1.883800025098025799e-03,1.189974602311849594e-03,2.610879950225353241e-03,4.402735270559787750e-03,1.226046122610569000e-03,1.755341188982129097e-03,4.290480632334947586e-03,3.910317085683345795e-03,3.779493737965822220e-03,2.116344636306166649e-03,1.816942356526851654e-03,1.421026070602238178e-03,1.774297561496496201e-03,3.444897243753075600e-03,1.729177311062812805e-03,3.352137282490730286e-03,1.588358893059194088e-03,1.462837564758956432e-03,3.009808249771595001e-03,1.625413540750741959e-03,2.417267067357897758e-03
1.953611150383949280e-03,1.310852356255054474e-03,2.026051515713334084e-03,3.279372584074735641e-03,2.496718429028987885e-03,4.760013427585363388e-03,4.044245928525924683e-03,6.786835845559835434e-03,2.277736179530620575e-02,2.153998240828514099e-02,2.013909444212913513e-02,1.763538271188735962e-02,3.601646795868873596e-02,1.785207353532314301e-02,3.353358805179595947e-02,7.333864457905292511e-03,2.540508471429347992e-02,1.856039650738239288e-02,2.841500937938690186e-02,1.426129974424839020e-02,5.052835214883089066e-03,2.259365096688270569e-02,1.822609687224030495e-03,8.206009864807128906e-03,3.316294774413108826e-02,3.667612001299858093e-02,3.424362093210220337e-02,1.777959614992141724e-01,1.359339803457260132e-01,1.494924817234277725e-02,1.195533480495214462e-02,3.050094703212380409e-03,5.535917822271585464e-03,2.400040626525878906e-03,5.006833933293819427e-03,2.574512967839837074e-03,3.455307800322771072e-03,1.211507804691791534e-02,3.332141553983092308e-03,1.612644293345510960e-03,1.018723100423812866e-02,9.448621422052383423e-03,1.652029226534068584e-03,3.146428149193525314e-03,6.494527682662010193e-03,3.921176772564649582e-03,2.632383489981293678e-03,1.419523963704705238e-03,1.436976483091711998e-03,8.835369371809065342e-04,3.495038487017154694e-03,3.629733575507998466e-03,1.928838551975786686e-03,4.041661508381366730e-03,2.939107129350304604e-03,1.307480735704302788e-03,4.138251766562461853e-03,1.741751213558018208e-03,1.753788557834923267e-03
4.356483463197946548e-03,4.243670031428337097e-03,2.852174686267971992e-03,3.432894358411431313e-03,2.293949015438556671e-03,4.941498860716819763e-03,4.455288406461477280e-03,5.259048193693161011e-03,2.718707546591758728e-03,7.292266469448804855e-03,3.930869512259960175e-03,7.831975817680358887e-03,6.392992567270994186e-03,5.153899081051349640e-03,5.979346577078104019e-03,2.650695741176605225e-01,2.175623178482055664e-02,5.258409772068262100e-03,1.319659128785133362e-02,1.940324157476425171e-02,1.702637411653995514e-03,2.653911709785461426e-02,8.206009864807128906e-03,4.902736749500036240e-03,2.369381859898567200e-02,4.294970333576202393e-01,8.825269937515258789e-01,5.440220236778259277e-02,1.425387430936098099e-02,1.743155345320701599e-02,3.527546068653464317e-03,1.123792026191949844e-02,6.174089387059211731e-02,4.162811208516359329e-03,3.083076793700456619e-03,7.331403903663158417e-03,4.328130744397640228e-03,3.207368776202201843e-03,1.402119640260934830e-03,1.746959984302520752e-03,2.194690983742475510e-03,2.970182104036211967e-03,2.513181883841753006e-03,3.462237073108553886e-03,2.001806627959012985e-03,4.707579500973224640e-03,1.809142879210412502e-03,3.214222379028797150e-03,2.349481219425797462e-03,2.830785932019352913e-03,3.440942848101258278e-03,2.243152819573879242e-03,2.261924324557185173e-03,3.162621986120939255e-03,2.503975294530391693e-03,3.790942486375570297e-03,3.456783946603536606e-03,2.861950313672423363e-03,2.897648606449365616e-03
3.915653098374605179e-03,3.105212701484560966e-03,2.905268920585513115e-03,2.830881625413894653e-03,3.695891238749027252e-03,1.367397699505090714e-02,6.668129004538059235e-03,4.253908060491085052e-03,5.934331100434064865e-03,1.455712411552667618e-02,1.895922422409057617e-02,1.757553406059741974e-02,3.950169309973716736e-02,4.863220825791358948e-02,2.157158032059669495e-02,1.186171397566795349e-01,1.684776507318019867e-02,3.425896167755126953e-02,1.539685577154159546e-02,2.374901063740253448e-02,2.450032904744148254e-02,2.502419427037239075e-02,3.316294774413108826e-02,2.369381859898567200e-02,2.077187411487102509e-03,4.457182809710502625e-02,1.234128177165985107e-01,4.841760918498039246e-02,1.605205354280769825e-03,3.171161189675331116e-02,3.392239334061741829e-03,5.343172233551740646e-03,1.158320251852273941e-02,5.968182347714900970e-03,2.980700926855206490e-03,1.704623457044363022e-03,4.877872765064239502e-03,2.175557194277644157e-03,2.192857209593057632e-03,2.078770427033305168e-03,1.671179896220564842e-03,1.643195864744484425e-03,1.133257057517766953e-03,2.540680812671780586e-03,2.109943656250834465e-03,2.901086583733558655e-03,1.589923514984548092e-03,2.037273021414875984e-03,1.390862511470913887e-03,3.097035689279437065e-03,4.154531285166740417e-03,2.142186975106596947e-03,2.377406693994998932e-03,4.517726600170135498e-03,3.878267249092459679e-03,2.856270410120487213e-03,2.967407461255788803e-03,2.219804795458912849e-03,3.714835504069924355e-03
5.348164588212966919e-03,5.891926120966672897e-03,7.214714772999286652e-03,4.635408520698547363e-03,4.298510495573282242e-03,7.450734730809926987e-03,1.240352354943752289e-02,5.713579244911670685e-03,5.195691250264644623e-03,5.566764157265424728e-03,8.891708217561244965e-03,5.204220768064260483e-03,4.680227488279342651e-03,1.264196075499057770e-02,4.999050870537757874e-03,2.791834250092506409e-02,4.394319839775562286e-03,1.028526760637760162e-02,1.663473993539810181e-02,4.418284166604280472e-03,1.311907265335321426e-02,1.660236902534961700e-02,3.667612001299858093e-02,4.294970333576202393e-01,4.457182809710502625e-02,1.672075130045413971e-03,1.014851555228233337e-01,3.409487381577491760e-02,9.805737994611263275e-03,1.070129945874214172e-01,9.668082348071038723e-04,4.063530825078487396e-03,2.314935624599456787e-02,2.196467015892267227e-03,4.135925788432359695e-03,9.146214462816715240e-03,7.597434334456920624e-03,1.699448563158512115e-03,3.780289553105831146e-03,3.617461770772933960e-03,1.183153013698756695e-03,2.146556973457336426e-03,2.157013397663831711e-03,4.484463948756456375e-03,2.287201583385467529e-03,3.375896718353033066e-03,1.622868119738996029e-03,4.771136213093996048e-03,3.661102149635553360e-03,7.479267660528421402e-03,4.573760088533163071e-03,1.946932286955416203e-03,2.463087905198335648e-03,4.166952334344387054e-03,1.630131970159709454e-03,5.427525378763675690e-03,4.625595174729824066e-03,2.801911439746618271e-03,4.851847421377897263e-03
5.549027584493160248e-03,4.323630593717098236e-03,2.116166520863771439e-03,1.468641217797994614e-03,2.037886762991547585e-03,3.228263696655631065e-03,1.902281190268695354e-03,1.852333545684814453e-03,2.310691867023706436e-03,2.657199976965785027e-03,6.039659492671489716e-03,3.056067042052745819e-03,9.686848148703575134e-03,3.797668963670730591e-03,2.363528823480010033e-03,1.425002142786979675e-02,5.856126081198453903e-03,3.927539661526679993e-02,5.550787597894668579e-02,8.324690163135528564e-03,1.298642624169588089e-02,7.437410950660705566e-02,3.424362093210220337e-02,8.825269937515258789e-01,1.234128177165985107e-01,1.014851555228233337e-01,8.165649487636983395e-04,8.329940587282180786e-02,5.956936627626419067e-03,3.617196381092071533e-01,4.876701626926660538e-03,5.045100301504135132e-02,2.926849126815795898e-01,4.196311812847852707e-03,5.026643630117177963e-03,6.689799018204212189e-03,6.251242943108081818e-03,2.715677488595247269e-03,3.416028805077075958e-03,1.700785476714372635e-03,1.586956088431179523e-03,2.028093440458178520e-03,2.482220064848661423e-03,5.366560537368059158e-03,3.896358422935009003e-03,2.833762206137180328e-03,1.552434521727263927e-03,2.297500846907496452e-03,1.590038649737834930e-03,1.470214105211198330e-03,2.300672931596636772e-03,1.936534303240478039e-03,1.642301911488175392e-03,2.432476729154586792e-03,4.644128959625959396e-03,4.974387586116790771e-03,1.708629308268427849e-03,1.687728101387619972e-03,2.881982596591114998e-03
