2.204631600761786103e-04,1.924278885126113892e-01,1.309791207313537598e-01,6.678720563650131226e-02,6.128541380167007446e-02,5.506391078233718872e-02,7.927884906530380249e-02,9.654292464256286621e-02,6.222012639045715332e-02,1.260809134691953659e-02,2.068112418055534363e-02,1.217850297689437866e-02,8.091074414551258087e-03,1.697364263236522675e-02,6.828584242612123489e-03,9.882253594696521759e-03,4.273078404366970062e-03,7.810772862285375595e-03,4.693346563726663589e-03,4.665740765631198883e-03,3.233146620914340019e-03,2.896797377616167068e-03,2.261916873976588249e-03,3.675245912745594978e-03,4.504153039306402206e-03,1.299109682440757751e-02,6.710235495120286942e-03,4.378171637654304504e-03,2.345359418541193008e-03,3.269338281825184822e-03,1.009412342682480812e-03,2.526058815419673920e-03,2.376111922785639763e-03,1.366983982734382153e-03,4.717336967587471008e-03,4.724605008959770203e-03,7.534119766205549240e-03,2.764691598713397980e-03,3.428667085245251656e-03,5.534708034247159958e-03,5.079653579741716385e-03,1.213302370160818100e-03,6.264661438763141632e-03,5.518823396414518356e-03,2.329007489606738091e-03,3.864764003083109856e-03,2.380801830440759659e-03,3.456404898315668106e-03,5.993971601128578186e-03,3.017414361238479614e-03,3.759981598705053329e-03,2.240489702671766281e-03,4.266720730811357498e-03,6.116351578384637833e-03,3.932240419089794159e-03,5.883499979972839355e-03,8.353274315595626831e-03,3.971155267208814621e-03,5.669644568115472794e-03
1.924278885126113892e-01,1.431205961853265762e-02,3.584442734718322754e-01,1.143051981925964355e-01,1.946196407079696655e-01,4.975024610757827759e-02,4.465183615684509277e-02,1.147154644131660461e-01,1.200695428997278214e-02,6.669638212770223618e-03,3.974583745002746582e-02,4.433617927134037018e-03,1.355175487697124481e-02,1.514735817909240723e-02,5.593677051365375519e-03,1.308583375066518784e-02,3.350303974002599716e-03,6.416412536054849625e-03,3.107327036559581757e-03,2.376180840656161308e-03,1.727295806631445885e-03,1.473718439228832722e-03,1.892525702714920044e-03,4.220428876578807831e-03,3.038525581359863281e-03,8.838661946356296539e-03,2.648235298693180084e-03,4.294750746339559555e-03,2.028569579124450684e-03,2.287312410771846771e-03,1.192434574477374554e-03,2.227061660960316658e-03,3.181158797815442085e-03,1.499989069998264313e-03,4.565860144793987274e-03,7.185033522546291351e-03,8.698222227394580841e-03,1.392318285070359707e-03,4.182021599262952805e-03,8.271484635770320892e-03,3.128600073978304863e-03,8.580163121223449707e-04,5.953351501375436783e-03,1.038327161222696304e-02,3.166483249515295029e-03,3.941372502595186234e-03,1.241403049789369106e-03,2.142071723937988281e-03,5.192214623093605042e-03,8.020006120204925537e-03,3.223213367164134979e-03,1.411659293808043003e-03,4.362139850854873657e-03,5.185932852327823639e-03,6.022285670042037964e-03,9.740656241774559021e-03,5.020122975111007690e-03,3.117614192888140678e-03,8.135390467941761017e-03
1.309791207313537598e-01,3.584442734718322754e-01,4.233753308653831482e-02,8.154028654098510742e-02,3.348754942417144775e-01,4.771845787763595581e-02,7.823397219181060791e-02,4.351327568292617798e-02,1.973080076277256012e-02,4.483216442167758942e-03,2.043678611516952515e-02,3.510210430249571800e-03,9.243875741958618164e-03,1.309020631015300751e-02,6.068156566470861435e-03,1.580872200429439545e-02,8.290606550872325897e-03,1.236657425761222839e-02,3.578901058062911034e-03,6.546101998537778854e-03,2.705552382394671440e-03,2.809517085552215576e-03,2.311258111149072647e-03,2.380324993282556534e-03,4.617227241396903992e-03,8.641661144793033600e-03,2.702676923945546150e-03,3.930384293198585510e-03,1.895486959256231785e-03,1.790818874724209309e-03,9.204622474499046803e-04,2.402259968221187592e-03,2.869212301447987556e-03,1.587527338415384293e-03,3.233203897252678871e-03,3.962213639169931412e-03,1.183396298438310623e-02,1.660558860749006271e-03,3.452140372246503830e-03,7.609325461089611053e-03,4.103140905499458313e-03,1.368753029964864254e-03,5.485618021339178085e-03,4.662566352635622025e-03,2.217284170910716057e-03,3.085089381784200668e-03,1.525089261122047901e-03,2.251915866509079933e-03,3.540362929925322533e-03,7.334965281188488007e-03,3.181620035320520401e-03,1.132437377236783504e-03,4.898613784462213516e-03,6.020402535796165466e-03,4.622779786586761475e-03,6.030577700585126877e-03,5.856305826455354691e-03,2.736895112320780754e-03,6.104357074946165085e-03
6.678720563650131226e-02,1.143051981925964355e-01,8.154028654098510742e-02,1.101928576827049255e-02,6.544772982597351074e-01,7.531871646642684937e-02,8.198394626379013062e-02,9.715430736541748047e-01,1.517853140830993652e-01,1.781149581074714661e-02,4.448910430073738098e-02,9.849280118942260742e-03,1.970918662846088409e-02,9.818278253078460693e-03,8.988168090581893921e-03,2.680384088307619095e-03,2.858415711671113968e-03,7.425318472087383270e-03,4.674617666751146317e-03,2.406925661489367485e-03,2.622720319777727127e-03,1.855361158959567547e-03,1.983006484806537628e-03,2.414993708953261375e-03,5.300572142004966736e-03,3.860241500660777092e-03,3.967914264649152756e-03,2.615214558318257332e-03,2.704209648072719574e-03,1.792632741853594780e-03,1.497635617852210999e-03,2.024904359132051468e-03,1.839282340370118618e-03,1.058827736414968967e-03,2.355853794142603874e-03,2.213970990851521492e-03,4.269517492502927780e-03,1.912227133288979530e-03,2.072529401630163193e-03,4.195056855678558350e-03,2.684075385332107544e-03,2.198919188231229782e-03,1.953784143552184105e-03,4.794475156813859940e-03,5.017496645450592041e-03,2.442914992570877075e-03,2.124081598594784737e-03,2.199449576437473297e-03,2.122876234352588654e-03,2.372231334447860718e-03,6.194557063281536102e-03,1.538290642201900482e-03,3.571218345314264297e-03,3.951570950448513031e-03,2.685015089809894562e-03,3.366871504113078117e-03,5.529511254280805588e-03,2.696160692721605301e-03,5.872928071767091751e-03
6.128541380167007446e-02,1.946196407079696655e-01,3.348754942417144775e-01,6.544772982597351074e-01,8.169660344719886780e-03,7.874076813459396362e-02,9.035881757736206055e-01,8.181617259979248047e-01,2.933761104941368103e-02,5.135706625878810883e-03,1.050474774092435837e-02,4.833835177123546600e-03,7.623976562172174454e-03,1.277434546500444412e-02,4.579169210046529770e-03,5.576542578637599945e-03,2.140389755368232727e-03,5.355850793421268463e-03,4.439055919647216797e-03,1.834823982790112495e-03,1.558519667014479637e-03,1.355491345748305321e-03,3.078704932704567909e-03,2.581915818154811859e-03,5.918405950069427490e-03,7.360636256635189056e-03,2.768068341538310051e-03,1.753199263475835323e-03,1.597914029844105244e-03,2.406195271760225296e-03,1.169222290627658367e-03,3.669115481898188591e-03,2.229721751064062119e-03,1.869650557637214661e-03,4.107630811631679535e-03,5.823567043989896774e-03,5.976927001029253006e-03,1.720860949717462063e-03,2.035123063251376152e-03,6.636672653257846832e-03,2.359025413170456886e-03,1.462184358388185501e-03,2.234629355370998383e-03,4.010723903775215149e-03,2.109951805323362350e-03,2.416418632492423058e-03,1.126081449910998344e-03,3.159514628350734711e-03,3.730906639248132706e-03,1.708121038973331451e-03,2.688055625185370445e-03,1.985000679269433022e-03,6.792462896555662155e-03,4.226140212267637253e-03,5.696171429008245468e-03,3.198300255462527275e-03,3.269308712333440781e-03,5.004515871405601501e-03,5.804064217954874039e-03
5.506391078233718872e-02,4.975024610757827759e-02,4.771845787763595581e-02,7.531871646642684937e-02,7.874076813459396362e-02,2.511955983936786652e-02,3.041118010878562927e-02,2.733427099883556366e-02,3.491243720054626465e-01,6.986253708600997925e-02,3.568664193153381348e-02,1.096086390316486359e-02,5.982008296996355057e-03,1.576916128396987915e-02,1.408874709159135818e-02,8.578126318752765656e-03,8.778653107583522797e-03,1.320516411215066910e-02,4.891940392553806305e-03,7.829234004020690918e-03,2.538721542805433273e-03,7.255325093865394592e-03,2.625650726258754730e-03,2.775290748104453087e-03,5.366634577512741089e-03,5.566713865846395493e-03,2.058992395177483559e-03,2.054953947663307190e-03,2.696734154596924782e-03,2.632193267345428467e-03,1.172762131318449974e-03,1.903641619719564915e-03,2.233048900961875916e-03,1.611653482541441917e-03,3.843357786536216736e-03,3.186456859111785889e-03,3.860505763441324234e-03,2.475886838510632515e-03,1.331324456259608269e-03,6.664444226771593094e-03,3.297413233667612076e-03,1.362137845717370510e-03,2.411916851997375488e-03,6.736851762980222702e-03,2.254677470773458481e-03,4.232598003000020981e-03,2.299757907167077065e-03,1.926245167851448059e-03,3.233506577089428902e-03,5.406256299465894699e-03,3.136435057967901230e-03,2.590381773188710213e-03,5.313358735293149948e-03,4.634680226445198059e-03,5.672588944435119629e-03,4.654639400541782379e-03,5.524727515876293182e-03,3.724099835380911827e-03,5.151579156517982483e-03
7.927884906530380249e-02,4.465183615684509277e-02,7.823397219181060791e-02,8.198394626379013062e-02,9.035881757736206055e-01,3.041118010878562927e-02,3.053000429645180702e-03,2.069456875324249268e-01,1.278789490461349487e-01,3.790855407714843750e-02,9.657004848122596741e-03,3.266944549977779388e-03,1.407686993479728699e-02,4.891044460237026215e-03,5.702083464711904526e-03,1.222147420048713684e-02,6.572410464286804199e-03,6.483792793005704880e-03,9.449559263885021210e-03,5.531520117074251175e-03,5.579147487878799438e-03,1.140303327701985836e-03,2.533011836931109428e-03,3.922869917005300522e-03,5.531409755349159241e-03,8.803540840744972229e-03,1.133343321271240711e-03,3.176809987053275108e-03,2.074122428894042969e-03,1.530444831587374210e-03,1.924584619700908661e-03,2.080756705254316330e-03,1.924725598655641079e-03,1.680341665633022785e-03,5.122329108417034149e-03,1.821464858949184418e-03,5.934114567935466766e-03,2.035558922216296196e-03,1.647571334615349770e-03,3.601419040933251381e-03,3.851968096569180489e-03,2.119324635714292526e-03,3.388945711776614189e-03,3.568361978977918625e-03,3.285864368081092834e-03,3.662017174065113068e-03,1.959445653483271599e-03,4.010841716080904007e-03,3.482219297438859940e-03,1.946596894413232803e-03,3.387034405022859573e-03,1.785227213986217976e-03,4.599377047270536423e-03,3.434101818129420280e-03,7.585302926599979401e-03,9.890099056065082550e-03,4.239310044795274734e-03,5.074410233646631241e-03,1.463494636118412018e-02
9.654292464256286621e-02,1.147154644131660461e-01,4.351327568292617798e-02,9.715430736541748047e-01,8.181617259979248047e-01,2.733427099883556366e-02,2.069456875324249268e-01,2.270287135615944862e-03,6.827817298471927643e-03,2.962481416761875153e-02,8.878976106643676758e-03,1.223339815624058247e-03,1.139141991734504700e-02,9.349064901471138000e-03,5.249002482742071152e-03,2.232636883854866028e-02,6.732995156198740005e-03,8.681651204824447632e-03,9.242513217031955719e-03,2.739025279879570007e-03,3.535321913659572601e-03,2.387988613918423653e-03,3.320126328617334366e-03,2.044482156634330750e-03,5.506977904587984085e-03,4.827554337680339813e-03,1.831562491133809090e-03,2.089565619826316833e-03,1.975178020074963570e-03,1.938941306434571743e-03,1.351253362372517586e-03,1.752168056555092335e-03,2.441545482724905014e-03,1.064871321432292461e-03,3.902414813637733459e-03,5.506432615220546722e-03,6.576341111212968826e-03,2.206237986683845520e-03,2.311527496203780174e-03,1.061655953526496887e-02,4.615847021341323853e-03,1.932842191308736801e-03,2.081930171698331833e-03,6.796955596655607224e-03,2.696154639124870300e-03,2.595984842628240585e-03,2.062870189547538757e-03,3.582691540941596031e-03,4.667242057621479034e-03,3.711751895025372505e-03,2.287272363901138306e-03,2.355756470933556557e-03,6.946149747818708420e-03,3.017303766682744026e-03,4.180115647614002228e-03,4.077456425875425339e-03,3.379241796210408211e-03,2.128420863300561905e-03,5.450915545225143433e-03
6.222012639045715332e-02,1.200695428997278214e-02,1.973080076277256012e-02,1.517853140830993652e-01,2.933761104941368103e-02,3.491243720054626465e-01,1.278789490461349487e-01,6.827817298471927643e-03,3.625647723674774170e-02,6.311381608247756958e-02,8.818036876618862152e-03,3.721813112497329712e-02,1.519190240651369095e-02,3.650096477940678596e-03,5.822305381298065186e-02,7.037706207484006882e-03,1.614578217267990112e-01,3.897387161850929260e-02,1.712218485772609711e-02,3.882331028580665588e-02,3.604813292622566223e-02,3.346803132444620132e-03,3.965805750340223312e-03,1.446309965103864670e-03,2.104368060827255249e-03,1.442781300283968449e-03,1.458578277379274368e-03,1.798191806301474571e-03,2.796979388222098351e-03,9.929148945957422256e-04,1.728675910271704197e-03,8.811546722427010536e-04,1.860503107309341431e-03,2.757818903774023056e-03,4.219505004584789276e-03,1.474786666221916676e-03,2.102225320413708687e-03,7.128050085157155991e-03,1.761048799380660057e-03,1.717612729407846928e-03,6.474446039646863937e-03,5.497652571648359299e-03,1.848996267654001713e-03,2.476332942023873329e-03,4.776076879352331161e-03,2.260555746033787727e-03,4.217323847115039825e-03,2.595953876152634621e-03,2.354133175686001778e-03,1.356209279038012028e-03,2.429139567539095879e-03,3.944278694689273834e-03,4.055312369018793106e-03,1.548884203657507896e-03,1.505422405898571014e-03,2.262444002553820610e-03,8.009118027985095978e-03,6.768013350665569305e-03,5.050730891525745392e-03
1.260809134691953659e-02,6.669638212770223618e-03,4.483216442167758942e-03,1.781149581074714661e-02,5.135706625878810883e-03,6.986253708600997925e-02,3.790855407714843750e-02,2.962481416761875153e-02,6.311381608247756958e-02,3.008174523711204529e-02,9.840353578329086304e-02,1.952706724405288696e-01,2.337693125009536743e-01,4.080880060791969299e-02,8.512236177921295166e-02,4.144368693232536316e-02,7.405772060155868530e-02,9.131572209298610687e-03,1.321017835289239883e-02,4.136550426483154297e-02,1.536296028643846512e-02,2.217723987996578217e-03,2.957324963063001633e-03,1.838920870795845985e-03,3.161106957122683525e-03,1.844855723902583122e-03,1.489283400587737560e-03,1.448173192329704762e-03,2.188595011830329895e-03,1.295059220865368843e-03,2.914103446528315544e-03,1.271668588742613792e-03,2.915001474320888519e-03,3.342109499499201775e-03,4.635529592633247375e-03,2.345314715057611465e-03,3.397156251594424248e-03,4.488435573875904083e-03,1.436599413864314556e-03,2.035960787907242775e-03,4.886168520897626877e-03,2.417062409222126007e-03,1.839035423472523689e-03,5.532878916710615158e-03,2.638369565829634666e-03,2.796980785205960274e-03,4.005745984613895416e-03,2.642553765326738358e-03,2.280383603647351265e-03,2.067929599434137344e-03,2.166009275242686272e-03,2.238760236650705338e-03,4.682673607021570206e-03,2.553029218688607216e-03,2.503171330317854881e-03,3.862233599647879601e-03,3.069437108933925629e-03,3.665125463157892227e-03,5.195319186896085739e-03
2.068112418055534363e-02,3.974583745002746582e-02,2.043678611516952515e-02,4.448910430073738098e-02,1.050474774092435837e-02,3.568664193153381348e-02,9.657004848122596741e-03,8.878976106643676758e-03,8.818036876618862152e-03,9.840353578329086304e-02,9.090815437957644463e-04,2.634900435805320740e-02,1.642225235700607300e-01,5.618207156658172607e-02,2.731571495532989502e-01,4.789445176720619202e-02,6.012124009430408478e-03,2.079738490283489227e-02,5.422873422503471375e-03,7.610009517520666122e-03,5.340438336133956909e-03,1.654405845329165459e-03,2.902211155742406845e-03,3.044568002223968506e-03,3.386730561032891273e-03,1.990965567529201508e-03,3.851506859064102173e-03,2.861392218619585037e-03,1.502003637142479420e-03,1.785815460607409477e-03,1.863892422989010811e-03,1.310533960349857807e-03,2.033383352681994438e-03,1.548066618852317333e-03,1.351365726441144943e-02,2.467403188347816467e-03,1.917073130607604980e-02,4.282189533114433289e-03,2.411195542663335800e-03,6.692825350910425186e-03,1.230199169367551804e-02,2.023889916017651558e-03,3.246577689424157143e-03,5.962755996733903885e-03,1.094326656311750412e-02,4.507960751652717590e-03,1.571332220919430256e-03,2.620361512526869774e-03,4.318219143897294998e-03,5.186801310628652573e-03,6.733584683388471603e-03,2.625795546919107437e-03,3.415142651647329330e-03,2.972001675516366959e-03,3.565818071365356445e-03,6.268070079386234283e-03,3.590533975511789322e-03,2.213043160736560822e-03,2.103501232340931892e-03
1.217850297689437866e-02,4.433617927134037018e-03,3.510210430249571800e-03,9.849280118942260742e-03,4.833835177123546600e-03,1.096086390316486359e-02,3.266944549977779388e-03,1.223339815624058247e-03,3.721813112497329712e-02,1.952706724405288696e-01,2.634900435805320740e-02,1.085266098380088806e-02,1.790649071335792542e-02,7.971912622451782227e-02,4.622430801391601562e-01,9.962181560695171356e-03,2.256593704223632812e-01,1.770168170332908630e-02,1.530897468328475952e-01,2.161739580333232880e-02,1.372097805142402649e-02,3.121983027085661888e-03,1.082963962107896805e-02,2.298583276569843292e-03,2.566936425864696503e-03,3.076084889471530914e-03,1.360655878670513630e-03,2.364193322136998177e-03,2.315245103091001511e-03,1.814133836887776852e-03,1.601793104782700539e-03,2.425494603812694550e-03,4.270594101399183273e-03,4.050058312714099884e-03,5.334947723895311356e-03,2.478577895089983940e-03,4.399496596306562424e-03,7.597254589200019836e-03,1.667814096435904503e-03,4.552983213216066360e-03,9.020211175084114075e-03,5.122132133692502975e-03,1.431867596693336964e-03,2.251682337373495102e-03,7.893620058894157410e-03,6.364258006215095520e-03,2.652326598763465881e-03,3.510110313072800636e-03,2.983625978231430054e-03,2.526757074519991875e-03,3.033947199583053589e-03,4.477316979318857193e-03,2.815620973706245422e-03,2.819487359374761581e-03,4.422014579176902771e-03,3.900995012372732162e-03,4.958552774041891098e-03,3.640994429588317871e-03,4.324813373386859894e-03
8.091074414551258087e-03,1.355175487697124481e-02,9.243875741958618164e-03,1.970918662846088409e-02,7.623976562172174454e-03,5.982008296996355057e-03,1.407686993479728699e-02,1.139141991734504700e-02,1.519190240651369095e-02,2.337693125009536743e-01,1.642225235700607300e-01,1.790649071335792542e-02,1.374671584926545620e-03,1.702620387077331543e-01,1.108626648783683777e-02,7.209800928831100464e-02,1.035485193133354187e-01,2.286239899694919586e-02,6.472144275903701782e-02,3.139269351959228516e-02,1.495553366839885712e-02,2.248171251267194748e-03,7.752462290227413177e-03,1.904957462102174759e-03,5.728692747652530670e-03,1.144738285802304745e-03,1.260585384443402290e-03,3.810902591794729233e-03,2.910424489527940750e-03,2.081948099657893181e-03,1.757322577759623528e-03,2.129779430106282234e-03,3.136736340820789337e-03,2.708511892706155777e-03,7.125435397028923035e-03,1.998645486310124397e-03,8.088996633887290955e-03,6.894187536090612411e-03,1.728806062601506710e-03,2.448443090543150902e-03,6.056583486497402191e-03,1.636910717934370041e-03,1.755247474648058414e-03,4.092634655535221100e-03,5.723724607378244400e-03,2.594528254121541977e-03,2.061914419755339622e-03,3.243411425501108170e-03,4.808013793081045151e-03,3.112156409770250320e-03,2.616508398205041885e-03,1.961024012416601181e-03,4.451408982276916504e-03,5.910354666411876678e-03,1.944558927789330482e-03,3.873508190736174583e-03,6.189117208123207092e-03,4.196638707071542740e-03,5.738797131925821304e-03
1.697364263236522675e-02,1.514735817909240723e-02,1.309020631015300751e-02,9.818278253078460693e-03,1.277434546500444412e-02,1.576916128396987915e-02,4.891044460237026215e-03,9.349064901471138000e-03,3.650096477940678596e-03,4.080880060791969299e-02,5.618207156658172607e-02,7.971912622451782227e-02,1.702620387077331543e-01,4.261369816958904266e-03,4.817248135805130005e-02,3.772753477096557617e-01,9.947270154953002930e-03,1.993795111775398254e-02,3.021184727549552917e-02,6.911165080964565277e-03,1.183757674880325794e-03,2.190275350585579872e-03,1.375965657643973827e-03,3.043588483706116676e-03,5.410706624388694763e-03,3.940994385629892349e-03,1.943767885677516460e-03,2.808723598718643188e-03,2.277545165270566940e-03,2.505779033526778221e-03,1.744372420944273472e-03,2.334528369829058647e-03,5.248210392892360687e-03,1.981901936233043671e-03,5.157760810106992722e-03,2.790104132145643234e-03,1.231643743813037872e-02,6.659985054284334183e-03,3.300439100712537766e-03,2.647754270583391190e-03,6.285391747951507568e-03,2.741919597610831261e-03,4.696167539805173874e-03,3.198624122887849808e-03,1.009963080286979675e-02,6.092400290071964264e-03,2.585534472018480301e-03,3.251556307077407837e-03,3.206702414900064468e-03,4.233854357153177261e-03,3.171722404658794403e-03,2.968313405290246010e-03,6.470082793384790421e-03,4.480988718569278717e-03,2.289876574650406837e-03,4.834245890378952026e-03,4.338952712714672089e-03,3.910742700099945068e-03,6.885485723614692688e-03
6.828584242612123489e-03,5.593677051365375519e-03,6.068156566470861435e-03,8.988168090581893921e-03,4.579169210046529770e-03,1.408874709159135818e-02,5.702083464711904526e-03,5.249002482742071152e-03,5.822305381298065186e-02,8.512236177921295166e-02,2.731571495532989502e-01,4.622430801391601562e-01,1.108626648783683777e-02,4.817248135805130005e-02,1.648073084652423859e-02,3.481836989521980286e-02,1.365956813097000122e-01,1.665170490741729736e-01,1.087683718651533127e-02,1.799160055816173553e-02,1.037276629358530045e-02,1.116356579586863518e-03,4.766817670315504074e-03,2.392375143244862556e-03,3.090103389695286751e-03,9.648747509345412254e-04,1.304519013501703739e-03,2.336858538910746574e-03,1.864288118667900562e-03,1.329690916463732719e-03,1.429791678674519062e-03,1.377410488203167915e-03,1.726210117340087891e-03,3.968794364482164383e-03,6.356697063893079758e-03,2.407736377790570259e-03,4.955254960805177689e-03,9.478802792727947235e-03,2.966586500406265259e-03,2.217209199443459511e-03,1.921020261943340302e-02,7.248483132570981979e-03,2.474321983754634857e-03,4.185406491160392761e-03,1.084517966955900192e-02,4.585115239024162292e-03,3.677848493680357933e-03,2.534203464165329933e-03,4.179809708148241043e-03,2.307655289769172668e-03,1.819599303416907787e-03,2.898141741752624512e-03,2.986966865137219429e-03,3.589241299778223038e-03,2.676544710993766785e-03,3.523607505485415459e-03,6.749210879206657410e-03,2.955115633085370064e-03,2.892654621973633766e-03
9.882253594696521759e-03,1.308583375066518784e-02,1.580872200429439545e-02,2.680384088307619095e-03,5.576542578637599945e-03,8.578126318752765656e-03,1.222147420048713684e-02,2.232636883854866028e-02,7.037706207484006882e-03,4.144368693232536316e-02,4.789445176720619202e-02,9.962181560695171356e-03,7.209800928831100464e-02,3.772753477096557617e-01,3.481836989521980286e-02,1.334681757725775242e-03,1.882765069603919983e-02,3.240831792354583740e-01,2.036266401410102844e-02,1.016063708811998367e-02,5.284122191369533539e-03,7.166478782892227173e-03,5.633859429508447647e-03,2.757286652922630310e-03,6.740965880453586578e-03,4.661926534026861191e-03,2.503050025552511215e-03,4.322809632867574692e-03,2.639171434566378593e-03,4.148758947849273682e-03,1.157744904048740864e-03,6.928771268576383591e-03,4.692896734923124313e-03,2.295750426128506660e-03,5.014455411583185196e-03,5.390030331909656525e-03,9.099708870053291321e-03,2.820787951350212097e-03,2.533164573833346367e-03,4.759304225444793701e-03,2.332207281142473221e-03,2.329426351934671402e-03,3.944138530641794205e-03,5.691411904990673065e-03,7.502285763621330261e-03,6.438987329602241516e-03,1.365432282909750938e-03,1.523568644188344479e-03,3.050354309380054474e-03,2.978287404403090477e-03,2.468715654686093330e-03,1.937072607688605785e-03,3.955299966037273407e-03,3.644509473815560341e-03,4.260269459336996078e-03,5.075977649539709091e-03,2.987979445606470108e-03,2.310513751581311226e-03,6.608011201024055481e-03
4.273078404366970062e-03,3.350303974002599716e-03,8.290606550872325897e-03,2.858415711671113968e-03,2.140389755368232727e-03,8.778653107583522797e-03,6.572410464286804199e-03,6.732995156198740005e-03,1.614578217267990112e-01,7.405772060155868530e-02,6.012124009430408478e-03,2.256593704223632812e-01,1.035485193133354187e-01,9.947270154953002930e-03,1.365956813097000122e-01,1.882765069603919983e-02,6.745243072509765625e-02,3.511927649378776550e-02,2.376520335674285889e-01,1.600528955459594727e-01,1.720534823834896088e-02,7.233589421957731247e-03,3.126323688775300980e-03,2.523372415453195572e-03,2.074838383123278618e-03,1.202701008878648281e-03,2.106384607031941414e-03,2.130499109625816345e-03,8.784309960901737213e-03,1.911150873638689518e-03,1.765117398463189602e-03,1.817254582419991493e-03,4.011053126305341721e-03,7.596956100314855576e-03,7.738430518656969070e-03,2.195941284298896790e-03,2.912106225267052650e-03,1.975768059492111206e-02,1.517695724032819271e-03,1.430922304280102253e-03,4.363643471151590347e-03,3.995009232312440872e-03,1.698841922916471958e-03,2.080830046907067299e-03,7.248712237924337387e-03,3.376776119694113731e-03,8.691646158695220947e-03,3.872101195156574249e-03,4.391819238662719727e-03,1.436637132428586483e-03,3.434689249843358994e-03,4.458652343600988388e-03,1.963956514373421669e-03,2.269791439175605774e-03,2.338279504328966141e-03,2.992121735587716103e-03,4.913148935884237289e-03,2.474615117534995079e-03,2.053975360468029976e-03
7.810772862285375595e-03,6.416412536054849625e-03,1.236657425761222839e-02,7.425318472087383270e-03,5.355850793421268463e-03,1.320516411215066910e-02,6.483792793005704880e-03,8.681651204824447632e-03,3.897387161850929260e-02,9.131572209298610687e-03,2.079738490283489227e-02,1.770168170332908630e-02,2.286239899694919586e-02,1.993795111775398254e-02,1.665170490741729736e-01,3.240831792354583740e-01,3.511927649378776550e-02,5.950155900791287422e-04,2.619580179452896118e-02,4.689397513866424561e-01,7.634575944393873215e-03,3.499588072299957275e-01,4.281549248844385147e-03,1.753806020133197308e-03,1.134843379259109497e-02,1.204083440825343132e-03,2.157627372071146965e-03,2.543183509260416031e-03,8.233780972659587860e-03,2.969884313642978668e-03,4.169818479567766190e-03,5.374770145863294601e-03,5.225300788879394531e-03,4.638044629245996475e-03,1.100687310099601746e-02,4.136959090828895569e-03,5.138818640261888504e-03,7.386962417513132095e-03,2.383977407589554787e-03,2.364933490753173828e-03,3.453599056228995323e-03,1.513932831585407257e-03,2.235626801848411560e-03,2.154764952138066292e-03,5.051526706665754318e-03,2.358601195737719536e-03,2.684419974684715271e-03,2.140334574505686760e-03,2.976127434521913528e-03,1.616195077076554298e-03,2.384191844612360001e-03,1.895550172775983810e-03,2.175607718527317047e-03,3.035954199731349945e-03,2.704143989831209183e-03,2.552946796640753746e-03,2.381976693868637085e-03,2.288072137162089348e-03,3.595547750592231750e-03
4.693346563726663589e-03,3.107327036559581757e-03,3.578901058062911034e-03,4.674617666751146317e-03,4.439055919647216797e-03,4.891940392553806305e-03,9.449559263885021210e-03,9.242513217031955719e-03,1.712218485772609711e-02,1.321017835289239883e-02,5.422873422503471375e-03,1.530897468328475952e-01,6.472144275903701782e-02,3.021184727549552917e-02,1.087683718651533127e-02,2.036266401410102844e-02,2.376520335674285889e-01,2.619580179452896118e-02,1.098169130273163319e-03,1.139788702130317688e-02,3.172481954097747803e-01,7.714572362601757050e-03,4.555290099233388901e-03,1.382786897011101246e-03,4.203809949103742838e-04,4.349247610662132502e-04,2.681750571355223656e-03,2.040196210145950317e-03,2.980848541483283043e-03,1.213771570473909378e-02,1.015427056699991226e-02,6.139721255749464035e-03,5.203265231102705002e-03,2.561533078551292419e-02,2.116035297513008118e-02,3.495641052722930908e-03,2.139053866267204285e-02,3.278202936053276062e-02,5.102981347590684891e-03,3.623224096372723579e-03,2.383806928992271423e-02,1.327779144048690796e-02,1.738653169013559818e-03,4.254294093698263168e-03,5.921583157032728195e-03,4.068674985319375992e-03,7.329703308641910553e-03,2.524557290598750114e-03,5.609610583633184433e-03,2.181455958634614944e-03,4.839935805648565292e-03,3.056674497202038765e-03,1.986521296203136444e-03,1.330710249021649361e-03,1.138438121415674686e-03,1.606802572496235371e-03,2.395151183009147644e-03,2.454015193507075310e-03,2.876628190279006958e-03
4.665740765631198883e-03,2.376180840656161308e-03,6.546101998537778854e-03,2.406925661489367485e-03,1.834823982790112495e-03,7.829234004020690918e-03,5.531520117074251175e-03,2.739025279879570007e-03,3.882331028580665588e-02,4.136550426483154297e-02,7.610009517520666122e-03,2.161739580333232880e-02,3.139269351959228516e-02,6.911165080964565277e-03,1.799160055816173553e-02,1.016063708811998367e-02,1.600528955459594727e-01,4.689397513866424561e-01,1.139788702130317688e-02,6.764494813978672028e-03,1.058872696012258530e-02,2.521482110023498535e-01,3.181503387168049812e-03,3.359687281772494316e-03,7.538881152868270874e-03,1.268735853955149651e-03,2.413643291220068932e-03,2.734720008447766304e-03,3.068219684064388275e-02,7.280935533344745636e-03,8.244413882493972778e-03,2.133939042687416077e-02,1.761034503579139709e-02,1.746120862662792206e-02,2.148944884538650513e-02,2.965166699141263962e-03,2.054400509223341942e-03,1.791648939251899719e-02,2.557575935497879982e-03,9.096989524550735950e-04,3.846011590212583542e-03,2.483597258105874062e-03,1.427700393833220005e-03,1.878362032584846020e-03,5.427759140729904175e-03,1.917760120704770088e-03,6.209175568073987961e-03,2.859667642042040825e-03,4.200649913400411606e-03,1.293617417104542255e-03,3.233921481296420097e-03,3.207415807992219925e-03,1.833733520470559597e-03,1.607092563062906265e-03,3.109264187514781952e-03,2.227378543466329575e-03,8.171206340193748474e-03,3.514481242746114731e-03,3.687334479764103889e-03
3.233146620914340019e-03,1.727295806631445885e-03,2.705552382394671440e-03,2.622720319777727127e-03,1.558519667014479637e-03,2.538721542805433273e-03,5.579147487878799438e-03,3.535321913659572601e-03,3.604813292622566223e-02,1.536296028643846512e-02,5.340438336133956909e-03,1.372097805142402649e-02,1.495553366839885712e-02,1.183757674880325794e-03,1.037276629358530045e-02,5.284122191369533539e-03,1.720534823834896088e-02,7.634575944393873215e-03,3.172481954097747803e-01,1.058872696012258530e-02,4.988209344446659088e-03,5.577171687036752701e-03,1.608227007091045380e-02,5.397241911850869656e-04,7.216466474346816540e-04,3.541301703080534935e-04,2.605236368253827095e-03,4.506831057369709015e-03,2.237282693386077881e-02,1.841221586801111698e-03,6.924504041671752930e-02,1.329305581748485565e-02,8.312143385410308838e-02,3.418112695217132568e-01,4.616026207804679871e-02,2.946418942883610725e-03,1.573171280324459076e-02,4.416175186634063721e-01,4.648248199373483658e-03,3.624649718403816223e-03,1.878168061375617981e-02,1.565491035580635071e-02,3.075165208429098129e-03,2.427617320790886879e-03,3.074982762336730957e-02,4.355480428785085678e-03,6.534929852932691574e-03,2.848951611667871475e-03,3.400567686185240746e-03,1.630114158615469933e-03,5.017620511353015900e-03,6.367277354001998901e-03,1.275976188480854034e-03,1.658005872741341591e-03,2.474993001669645309e-03,1.067240722477436066e-03,1.235976931639015675e-03,5.247140768915414810e-03,4.529710859060287476e-03
2.896797377616167068e-03,1.473718439228832722e-03,2.809517085552215576e-03,1.855361158959567547e-03,1.355491345748305321e-03,7.255325093865394592e-03,1.140303327701985836e-03,2.387988613918423653e-03,3.346803132444620132e-03,2.217723987996578217e-03,1.654405845329165459e-03,3.121983027085661888e-03,2.248171251267194748e-03,2.190275350585579872e-03,1.116356579586863518e-03,7.166478782892227173e-03,7.233589421957731247e-03,3.499588072299957275e-01,7.714572362601757050e-03,2.521482110023498535e-01,5.577171687036752701e-03,5.132309161126613617e-03,1.475541293621063232e-01,1.843177527189254761e-02,1.151904836297035217e-01,5.040674284100532532e-02,1.848847419023513794e-02,4.193579405546188354e-02,1.813790351152420044e-01,8.821723610162734985e-02,3.092783316969871521e-02,9.863276481628417969e-01,1.454089879989624023e-01,1.125730667263269424e-02,1.329133007675409317e-02,5.589620210230350494e-03,2.365915803238749504e-03,5.748540163040161133e-03,3.796979784965515137e-03,1.181153114885091782e-03,4.797996487468481064e-03,1.787133514881134033e-03,1.581569318659603596e-03,1.050984836183488369e-03,2.250315854325890541e-03,3.831848269328474998e-03,2.686640946194529533e-03,2.339971018955111504e-03,1.794655458070337772e-03,1.094869337975978851e-03,2.781018847599625587e-03,1.313796965405344963e-03,1.661949208937585354e-03,3.417090745642781258e-03,1.044213771820068359e-03,9.569783578626811504e-04,3.497633617371320724e-03,1.472149509936571121e-03,1.946102129295468330e-03
2.261916873976588249e-03,1.892525702714920044e-03,2.311258111149072647e-03,1.983006484806537628e-03,3.078704932704567909e-03,2.625650726258754730e-03,2.533011836931109428e-03,3.320126328617334366e-03,3.965805750340223312e-03,2.957324963063001633e-03,2.902211155742406845e-03,1.082963962107896805e-02,7.752462290227413177e-03,1.375965657643973827e-03,4.766817670315504074e-03,5.633859429508447647e-03,3.126323688775300980e-03,4.281549248844385147e-03,4.555290099233388901e-03,3.181503387168049812e-03,1.608227007091045380e-02,1.475541293621063232e-01,1.543400227092206478e-03,5.085001699626445770e-03,9.043341875076293945e-02,3.353881882503628731e-03,2.045904994010925293e-01,2.248421460390090942e-01,5.190303921699523926e-01,1.935910433530807495e-01,6.633546948432922363e-01,1.626586914062500000e-01,5.333628505468368530e-02,2.301044948399066925e-02,1.656324788928031921e-02,2.798591740429401398e-03,4.135788418352603912e-03,1.538944896310567856e-02,3.777973586693406105e-03,1.281206030398607254e-03,9.224724024534225464e-03,5.760669708251953125e-03,8.030820754356682301e-04,1.920719631016254425e-03,4.348889458924531937e-03,3.477009246125817299e-03,2.694424008950591087e-03,2.157029928639531136e-03,2.811266342177987099e-03,1.118494081310927868e-03,2.678639488294720650e-03,7.154661696404218674e-03,1.725503359921276569e-03,1.816249685361981392e-03,2.422389341518282890e-03,1.208432251587510109e-03,2.045541070401668549e-03,1.897844835184514523e-03,1.442790380679070950e-03
3.675245912745594978e-03,4.220428876578807831e-03,2.380324993282556534e-03,2.414993708953261375e-03,2.581915818154811859e-03,2.775290748104453087e-03,3.922869917005300522e-03,2.044482156634330750e-03,1.446309965103864670e-03,1.838920870795845985e-03,3.044568002223968506e-03,2.298583276569843292e-03,1.904957462102174759e-03,3.043588483706116676e-03,2.392375143244862556e-03,2.757286652922630310e-03,2.523372415453195572e-03,1.753806020133197308e-03,1.382786897011101246e-03,3.359687281772494316e-03,5.397241911850869656e-04,1.843177527189254761e-02,5.085001699626445770e-03,1.363941002637147903e-03,3.360316157341003418e-02,2.714370489120483398e-01,7.208850383758544922e-01,4.647665470838546753e-02,5.433912873268127441e-01,9.635919928550720215e-01,2.844702005386352539e-01,3.118115663528442383e-01,1.741569340229034424e-01,6.078283302485942841e-03,8.045546710491180420e-03,5.613207817077636719e-03,4.540286958217620850e-03,3.160485066473484039e-03,4.099987912923097610e-03,2.652017632499337196e-03,2.573034493252635002e-03,1.989940647035837173e-03,2.033645752817392349e-03,3.116953186690807343e-03,6.443137768656015396e-03,3.825095715001225471e-03,2.331517403945326805e-03,4.540717694908380508e-03,3.959517925977706909e-03,5.471528507769107819e-03,2.327274298295378685e-03,1.566758961416780949e-03,2.703164238482713699e-03,3.042685799300670624e-03,4.370956216007471085e-03,2.240309491753578186e-03,2.767106285318732262e-03,2.310984302312135696e-03,4.301243927329778671e-03
4.504153039306402206e-03,3.038525581359863281e-03,4.617227241396903992e-03,5.300572142004966736e-03,5.918405950069427490e-03,5.366634577512741089e-03,5.531409755349159241e-03,5.506977904587984085e-03,2.104368060827255249e-03,3.161106957122683525e-03,3.386730561032891273e-03,2.566936425864696503e-03,5.728692747652530670e-03,5.410706624388694763e-03,3.090103389695286751e-03,6.740965880453586578e-03,2.074838383123278618e-03,1.134843379259109497e-02,4.203809949103742838e-04,7.538881152868270874e-03,7.216466474346816540e-04,1.151904836297035217e-01,9.043341875076293945e-02,3.360316157341003418e-02,1.122076646424829960e-03,1.124953627586364746e-01,1.519087255001068115e-01,9.146845899522304535e-03,8.811884373426437378e-02,2.681859731674194336e-01,3.326782956719398499e-02,7.954798638820648193e-02,2.322803065180778503e-02,4.741512238979339600e-03,8.240680210292339325e-03,5.547320004552602768e-03,6.472805049270391464e-03,3.069942118600010872e-03,4.593336023390293121e-03,3.610555781051516533e-03,2.326526911929249763e-03,1.323200762271881104e-03,1.460306579247117043e-03,4.032500553876161575e-03,3.166968002915382385e-03,3.700819564983248711e-03,2.973302965983748436e-03,5.627924576401710510e-03,4.658721853047609329e-03,6.104831583797931671e-03,7.670896593481302261e-03,1.659653149545192719e-03,4.105240106582641602e-03,8.633531630039215088e-03,3.760798135772347450e-03,3.920584917068481445e-03,3.819939214736223221e-03,3.626018995419144630e-03,5.375231616199016571e-03
1.299109682440757751e-02,8.838661946356296539e-03,8.641661144793033600e-03,3.860241500660777092e-03,7.360636256635189056e-03,5.566713865846395493e-03,8.803540840744972229e-03,4.827554337680339813e-03,1.442781300283968449e-03,1.844855723902583122e-03,1.990965567529201508e-03,3.076084889471530914e-03,1.144738285802304745e-03,3.940994385629892349e-03,9.648747509345412254e-04,4.661926534026861191e-03,1.202701008878648281e-03,1.204083440825343132e-03,4.349247610662132502e-04,1.268735853955149651e-03,3.541301703080534935e-04,5.040674284100532532e-02,3.353881882503628731e-03,2.714370489120483398e-01,1.124953627586364746e-01,1.281517324969172478e-03,5.794159770011901855e-01,2.828731834888458252e-01,4.773930460214614868e-02,3.284244835376739502e-01,1.408273540437221527e-02,1.769493520259857178e-01,2.738685905933380127e-02,2.156083704903721809e-03,3.376520704478025436e-03,8.400769904255867004e-03,4.782486241310834885e-03,1.704484806396067142e-03,4.003851208835840225e-03,1.545705553144216537e-02,1.280422788113355637e-03,1.075001899152994156e-03,3.624846227467060089e-03,5.454805213958024979e-03,1.660331152379512787e-03,5.719528067857027054e-03,2.518183318898081779e-03,1.516639813780784607e-02,6.070388946682214737e-03,2.490176074206829071e-02,4.700263496488332748e-03,2.035018289461731911e-03,7.557770702987909317e-03,8.636957034468650818e-03,3.978332504630088806e-03,7.610319647938013077e-03,9.482666850090026855e-03,1.667283009737730026e-03,5.574739538133144379e-03
6.710235495120286942e-03,2.648235298693180084e-03,2.702676923945546150e-03,3.967914264649152756e-03,2.768068341538310051e-03,2.058992395177483559e-03,1.133343321271240711e-03,1.831562491133809090e-03,1.458578277379274368e-03,1.489283400587737560e-03,3.851506859064102173e-03,1.360655878670513630e-03,1.260585384443402290e-03,1.943767885677516460e-03,1.304519013501703739e-03,2.503050025552511215e-03,2.106384607031941414e-03,2.157627372071146965e-03,2.681750571355223656e-03,2.413643291220068932e-03,2.605236368253827095e-03,1.848847419023513794e-02,2.045904994010925293e-01,7.208850383758544922e-01,1.519087255001068115e-01,5.794159770011901855e-01,3.092248691245913506e-03,7.351230829954147339e-02,1.419671773910522461e-01,9.485902190208435059e-01,5.621719360351562500e-02,1.041411012411117554e-01,4.212721437215805054e-02,6.966704502701759338e-03,3.851373214274644852e-03,4.524725489318370819e-03,2.989412983879446983e-03,1.065209740772843361e-03,9.802455082535743713e-03,3.881396725773811340e-03,1.555344904772937298e-03,1.415098202414810658e-03,4.025495611131191254e-03,1.173229189589619637e-03,2.398349111899733543e-03,3.988664131611585617e-03,1.842326950281858444e-03,1.116657350212335587e-02,2.094312803819775581e-03,1.483519654721021652e-02,6.472296081483364105e-03,2.491427352651953697e-03,3.284834092482924461e-03,3.560647368431091309e-03,3.204299835488200188e-03,2.836433937773108482e-03,1.784498454071581364e-03,3.451933385804295540e-03,5.907233804464340210e-03
