1.086755772121250629e-03,1.062910482287406921e-01,9.087114781141281128e-02,3.358794748783111572e-02,1.965261399745941162e-01,1.747614443302154541e-01,6.604708731174468994e-02,5.806445330381393433e-02,1.950731128454208374e-02,1.652882806956768036e-02,2.469856292009353638e-02,1.183679047971963882e-02,6.420384161174297333e-03,2.683154121041297913e-02,6.069807801395654678e-03,1.424736995249986649e-02,5.159934051334857941e-03,7.011616136878728867e-03,3.785839071497321129e-03,3.187811234965920448e-03,2.324155298992991447e-03,1.640778966248035431e-03,1.890796353109180927e-03,3.899111412465572357e-03,4.719730932265520096e-03,6.409449037164449692e-03,4.211574327200651169e-03,3.095453372225165367e-03,2.943463390693068504e-03,3.072438528761267662e-03,1.302757184021174908e-03,2.181501593440771103e-03,2.177499933168292046e-03,2.066447399556636810e-03,2.899615094065666199e-03,2.773732645437121391e-03,7.415797095745801926e-03,1.840420765802264214e-03,1.674612984061241150e-03,1.168464776128530502e-02,2.875496167689561844e-03,1.523171202279627323e-03,3.563274163752794266e-03,5.921714473515748978e-03,4.044080618768930435e-03,4.182236269116401672e-03,2.152140717953443527e-03,5.262414459139108658e-03,5.140462424606084824e-03,1.197038870304822922e-02,4.917584825307130814e-03,2.320317318663001060e-03,4.246181808412075043e-03,5.188737995922565460e-03,8.853608742356300354e-03,9.856922551989555359e-03,4.927168134599924088e-03,3.694406012073159218e-03,7.459432352334260941e-03
1.062910482287406921e-01,3.263564547523856163e-03,2.574712038040161133e-01,2.597921490669250488e-01,1.393011957406997681e-01,1.018775030970573425e-01,6.510261446237564087e-02,8.990160375833511353e-02,1.984975114464759827e-02,1.090203970670700073e-02,5.109237506985664368e-02,6.537010427564382553e-03,1.028391811996698380e-02,2.578495442867279053e-02,4.095864016562700272e-03,1.107154414057731628e-02,2.543877810239791870e-03,7.168311160057783127e-03,2.870050258934497833e-03,2.093860181048512459e-03,1.684838323853909969e-03,1.320130540989339352e-03,1.789884991012513638e-03,3.444306319579482079e-03,6.517868954688310623e-03,9.395230561494827271e-03,3.854525042697787285e-03,2.083502011373639107e-03,1.345094759017229080e-03,2.756481757387518883e-03,1.880669151432812214e-03,1.752128941006958485e-03,2.254887716844677925e-03,1.204735017381608486e-03,4.014586564153432846e-03,7.187235169112682343e-03,1.224745810031890869e-02,1.928675919771194458e-03,1.793468254618346691e-03,4.009006079286336899e-03,3.587616374716162682e-03,1.239358563907444477e-03,5.912066437304019928e-03,6.069962866604328156e-03,1.301718410104513168e-03,3.551584202796220779e-03,1.249728491529822350e-03,4.013488534837961197e-03,5.582484416663646698e-03,1.209048926830291748e-02,3.542962949723005295e-03,1.697736093774437904e-03,5.810071248561143875e-03,4.160190932452678680e-03,6.071476265788078308e-03,1.340065803378820419e-02,4.162030760198831558e-03,4.198330454528331757e-03,1.691565103828907013e-02
9.087114781141281128e-02,2.574712038040161133e-01,3.478698804974555969e-02,6.221413239836692810e-02,3.591386973857879639e-01,5.470215529203414917e-02,3.931789472699165344e-02,2.401010505855083466e-02,1.780289597809314728e-02,6.013962440192699432e-03,6.695254892110824585e-02,1.227536797523498535e-02,1.203055400401353836e-02,1.578691788017749786e-02,4.742151591926813126e-03,8.109310641884803772e-03,2.188699319958686829e-03,5.720395594835281372e-03,5.237323231995105743e-03,2.592978766188025475e-03,1.569827669300138950e-03,1.955525483936071396e-03,2.384381135925650597e-03,3.408891847357153893e-03,6.056448444724082947e-03,1.265661045908927917e-02,2.411501714959740639e-03,3.804808482527732849e-03,2.153706038370728493e-03,1.726902904920279980e-03,1.198354410007596016e-03,2.330398419871926308e-03,3.182217478752136230e-03,1.989886630326509476e-03,3.451431635767221451e-03,1.008457783609628677e-02,9.188157506287097931e-03,2.000861801207065582e-03,1.919493312016129494e-03,7.651455234736204147e-03,3.329230705276131630e-03,1.648354227654635906e-03,4.835493862628936768e-03,4.001425579190254211e-03,2.752565080299973488e-03,3.796783508732914925e-03,2.218570560216903687e-03,3.267123363912105560e-03,2.536565996706485748e-03,8.867335505783557892e-03,4.184538498520851135e-03,2.085152547806501389e-03,4.493955522775650024e-03,4.259025212377309799e-03,6.388980895280838013e-03,7.965449243783950806e-03,5.477726459503173828e-03,2.839431166648864746e-03,7.174663245677947998e-03
3.358794748783111572e-02,2.597921490669250488e-01,6.221413239836692810e-02,9.384794160723686218e-03,2.134576290845870972e-01,3.468721210956573486e-01,1.811537891626358032e-02,7.290698289871215820e-01,1.241991594433784485e-01,8.443801663815975189e-03,1.381548941135406494e-01,6.642997264862060547e-03,1.305149588733911514e-02,2.611202560365200043e-02,3.799516707658767700e-03,9.530075825750827789e-03,3.695950843393802643e-03,1.027031801640987396e-02,5.700264126062393188e-03,3.347000339999794960e-03,3.456245409324765205e-03,1.944219227880239487e-03,1.472217496484518051e-03,2.767272060737013817e-03,6.879778578877449036e-03,6.126270163804292679e-03,2.760455012321472168e-03,2.766816643998026848e-03,1.948945806361734867e-03,2.187817357480525970e-03,1.103562186472117901e-03,2.210084348917007446e-03,2.897873288020491600e-03,1.311220577917993069e-03,4.353427793830633163e-03,2.985366620123386383e-03,5.162350833415985107e-03,1.567612518556416035e-03,1.734310295432806015e-03,4.678677301853895187e-03,3.259202698245644569e-03,1.624311204068362713e-03,3.377483692020177841e-03,6.997756194323301315e-03,3.786352928727865219e-03,3.378675086423754692e-03,1.489304588176310062e-03,3.655490232631564140e-03,2.023525070399045944e-03,2.008117269724607468e-03,6.307675037533044815e-03,1.380578847602009773e-03,3.826878499239683151e-03,2.375010168179869652e-03,3.178859595209360123e-03,2.116549294441938400e-03,6.561615504324436188e-03,2.306487644091248512e-03,1.150522567331790924e-02
1.965261399745941162e-01,1.393011957406997681e-01,3.591386973857879639e-01,2.134576290845870972e-01,5.101231392472982407e-03,1.536496728658676147e-01,9.080022573471069336e-01,5.338455438613891602e-01,9.912336245179176331e-03,8.539287373423576355e-03,9.216411411762237549e-02,3.158687148243188858e-03,1.755959913134574890e-02,9.760777465999126434e-03,7.542570587247610092e-03,3.436913015320897102e-03,2.795301377773284912e-03,7.730774115771055222e-03,3.338394686579704285e-03,2.021558815613389015e-03,1.903254888020455837e-03,2.112474292516708374e-03,2.436133567243814468e-03,2.905219327658414841e-03,4.701738245785236359e-03,5.931445863097906113e-03,2.825205679982900620e-03,1.986179035156965256e-03,2.256438368931412697e-03,1.697354600764811039e-03,8.082395652309060097e-04,2.686295891180634499e-03,2.844023751094937325e-03,1.660447451286017895e-03,3.861426142975687981e-03,5.609685089439153671e-03,8.057557977735996246e-03,1.606587669812142849e-03,1.741948537528514862e-03,6.497159134596586227e-03,4.035581368952989578e-03,1.433397643268108368e-03,3.242127364501357079e-03,7.688208017498254776e-03,1.422245870344340801e-03,3.361271461471915245e-03,1.680707209743559361e-03,2.866982715204358101e-03,2.388517837971448898e-03,4.788715858012437820e-03,2.741193398833274841e-03,1.616738503798842430e-03,5.882022436708211899e-03,3.454278456047177315e-03,2.710659755393862724e-03,3.662198083475232124e-03,2.282210160046815872e-03,2.534227678552269936e-03,5.122700706124305725e-03
1.747614443302154541e-01,1.018775030970573425e-01,5.470215529203414917e-02,3.468721210956573486e-01,1.536496728658676147e-01,2.660427987575531006e-02,5.317983776330947876e-02,4.345874860882759094e-02,5.949896201491355896e-02,1.284308545291423798e-02,3.031252697110176086e-02,6.122821476310491562e-03,1.641689101234078407e-03,1.597033627331256866e-02,1.326133962720632553e-02,8.845658041536808014e-03,4.925470799207687378e-03,3.957707434892654419e-03,4.377227742224931717e-03,8.204182609915733337e-03,2.852641278877854347e-03,3.984320908784866333e-03,4.150352906435728073e-03,4.346932284533977509e-03,5.810087546706199646e-03,7.697592489421367645e-03,3.859092248603701591e-03,2.849164418876171112e-03,3.195100231096148491e-03,4.778915550559759140e-03,1.509401947259902954e-03,1.809869776479899883e-03,1.997630810365080833e-03,1.460315659642219543e-03,5.675018299371004105e-03,3.416204126551747322e-03,3.988633863627910614e-03,2.431449480354785919e-03,1.603021984919905663e-03,6.187392864376306534e-03,3.473378252238035202e-03,2.135601360350847244e-03,2.714185277000069618e-03,6.009087897837162018e-03,2.095441101118922234e-03,5.799009464681148529e-03,2.363678300753235817e-03,2.186652971431612968e-03,2.902031643316149712e-03,5.921310745179653168e-03,2.593080047518014908e-03,2.039941959083080292e-03,2.755439840257167816e-03,5.957744084298610687e-03,4.390868823975324631e-03,3.469442250207066536e-03,4.797288216650485992e-03,2.640276448801159859e-03,3.895140718668699265e-03
6.604708731174468994e-02,6.510261446237564087e-02,3.931789472699165344e-02,1.811537891626358032e-02,9.080022573471069336e-01,5.317983776330947876e-02,2.620775485411286354e-03,1.080079972743988037e-01,1.071012094616889954e-01,7.520611397922039032e-03,6.072939187288284302e-02,3.165772883221507072e-03,1.573335193097591400e-02,3.800771199166774750e-03,1.092484127730131149e-02,2.002113126218318939e-02,2.097052056342363358e-03,6.475339177995920181e-03,1.280638203024864197e-02,5.917469039559364319e-03,3.310845466330647469e-03,2.269891789183020592e-03,2.504356438294053078e-03,2.312120283022522926e-03,5.709852557629346848e-03,3.684079507365822792e-03,1.894495915621519089e-03,3.829438937827944756e-03,1.563327154144644737e-03,1.851197564974427223e-03,1.665851683355867863e-03,1.871503423899412155e-03,2.739685820415616035e-03,1.931256963871419430e-03,4.574687220156192780e-03,3.918508999049663544e-03,4.599472973495721817e-03,1.818587887100875378e-03,2.519268775358796120e-03,4.725528880953788757e-03,7.920323871076107025e-03,2.916074357926845551e-03,6.063737906515598297e-03,5.102833732962608337e-03,1.627489342354238033e-03,4.973712842911481857e-03,2.137471688911318779e-03,5.630753934383392334e-03,7.024147082120180130e-03,2.048732247203588486e-03,3.538200398907065392e-03,2.135039307177066803e-03,5.092483013868331909e-03,4.123529884964227676e-03,3.978298511356115341e-03,6.567614618688821793e-03,5.079870577901601791e-03,3.498778678476810455e-03,8.836423046886920929e-03
5.806445330381393433e-02,8.990160375833511353e-02,2.401010505855083466e-02,7.290698289871215820e-01,5.338455438613891602e-01,4.345874860882759094e-02,1.080079972743988037e-01,2.755220979452133179e-03,1.246742438524961472e-02,6.357739865779876709e-02,3.624333068728446960e-02,2.347542904317378998e-03,7.860015146434307098e-03,8.150688372552394867e-03,1.390915270894765854e-02,1.365411840379238129e-02,1.083738636225461960e-02,1.775539107620716095e-02,1.035101246088743210e-02,4.008731804788112640e-03,3.579734358936548233e-03,4.219489172101020813e-03,6.286937277764081955e-03,4.088828805834054947e-03,4.814859014004468918e-03,5.563484504818916321e-03,1.553923124447464943e-03,3.743225708603858948e-03,1.977475825697183609e-03,1.639802823774516582e-03,1.114602782763540745e-03,2.152057830244302750e-03,3.485094755887985229e-03,1.696478924714028835e-03,3.757151775062084198e-03,5.869563203305006027e-03,8.093573153018951416e-03,1.742615364491939545e-03,2.079847967252135277e-03,9.861489757895469666e-03,3.530899761244654655e-03,1.207538298331201077e-03,3.246639389544725418e-03,2.899510553106665611e-03,3.003186313435435295e-03,2.970333443954586983e-03,1.246903440915048122e-03,4.058194346725940704e-03,3.719343803822994232e-03,5.319015122950077057e-03,2.973544877022504807e-03,2.158101648092269897e-03,8.195817470550537109e-03,3.851527115330100060e-03,2.552922349423170090e-03,2.330027054995298386e-03,2.190754748880863190e-03,1.723313471302390099e-03,4.065103828907012939e-03
1.950731128454208374e-02,1.984975114464759827e-02,1.780289597809314728e-02,1.241991594433784485e-01,9.912336245179176331e-03,5.949896201491355896e-02,1.071012094616889954e-01,1.246742438524961472e-02,5.775909870862960815e-03,1.814753748476505280e-02,3.268845006823539734e-02,7.273973431438207626e-03,2.082564402371644974e-03,1.442691497504711151e-02,1.710480749607086182e-01,1.189367007464170456e-02,4.110605642199516296e-02,2.005318924784660339e-02,1.854314468801021576e-02,5.099829658865928650e-02,1.377259287983179092e-02,5.762082058936357498e-03,4.643108695745468140e-03,1.531926216557621956e-03,3.105482552200555801e-03,2.402737736701965332e-03,1.561708399094641209e-03,2.458605915307998657e-03,4.358247853815555573e-03,1.476023811846971512e-03,2.358545316383242607e-03,1.275839516893029213e-03,1.768560381606221199e-03,3.579356940463185310e-03,5.448923446238040924e-03,2.586875343695282936e-03,3.285491373389959335e-03,1.188620179891586304e-02,2.368754940107464790e-03,2.071800641715526581e-03,1.088814530521631241e-02,6.717794109135866165e-03,2.825000090524554253e-03,3.416467225179076195e-03,1.603124476969242096e-02,3.238786710426211357e-03,5.322982091456651688e-03,2.438495168462395668e-03,3.180024912580847740e-03,1.863406272605061531e-03,4.513937048614025116e-03,4.201076924800872803e-03,2.856824547052383423e-03,2.616678830236196518e-03,1.498656347393989563e-03,1.767929992638528347e-03,3.946505021303892136e-03,3.222279017791152000e-03,5.030518397688865662e-03
1.652882806956768036e-02,1.090203970670700073e-02,6.013962440192699432e-03,8.443801663815975189e-03,8.539287373423576355e-03,1.284308545291423798e-02,7.520611397922039032e-03,6.357739865779876709e-02,1.814753748476505280e-02,1.394892670214176178e-02,6.754017621278762817e-02,2.205878943204879761e-01,3.908695876598358154e-01,9.878260642290115356e-02,5.524190142750740051e-02,3.808961436152458191e-02,5.042442306876182556e-02,1.456020306795835495e-02,1.010450441390275955e-02,1.735917627811431885e-01,1.245201006531715393e-02,2.518988447263836861e-03,4.480084870010614395e-03,2.191505627706646919e-03,5.026491358876228333e-03,2.448820509016513824e-03,1.855695620179176331e-03,3.808624111115932465e-03,2.476141089573502541e-03,1.560572651214897633e-03,2.618388272821903229e-03,1.916801207698881626e-03,3.177756909281015396e-03,3.743230830878019333e-03,6.903687492012977600e-03,4.044904839247465134e-03,3.882664954289793968e-03,5.950524937361478806e-03,2.090536057949066162e-03,2.312010154128074646e-03,5.517459940165281296e-03,3.882403252646327019e-03,1.733098994009196758e-03,2.564095659181475639e-03,4.840220790356397629e-03,2.674150280654430389e-03,2.799027133733034134e-03,2.486328594386577606e-03,3.529061563313007355e-03,1.441221451386809349e-03,2.023508772253990173e-03,1.493331394158303738e-03,2.013339661061763763e-03,1.829906017519533634e-03,1.236305339261889458e-03,2.130304463207721710e-03,3.313306020572781563e-03,4.444599151611328125e-03,2.287724986672401428e-03
2.469856292009353638e-02,5.109237506985664368e-02,6.695254892110824585e-02,1.381548941135406494e-01,9.216411411762237549e-02,3.031252697110176086e-02,6.072939187288284302e-02,3.624333068728446960e-02,3.268845006823539734e-02,6.754017621278762817e-02,7.258546538650989532e-04,1.891569234430789948e-02,4.916031286120414734e-02,1.357196718454360962e-01,1.547295898199081421e-01,2.411011233925819397e-02,1.182518340647220612e-02,2.553812041878700256e-02,1.002727448940277100e-02,9.952605701982975006e-03,3.846462583169341087e-03,1.962071284651756287e-03,4.837013315409421921e-03,1.451172400265932083e-03,3.753501921892166138e-03,1.002959092147648335e-03,2.670150017365813255e-03,3.256428055465221405e-03,1.343363313935697079e-03,1.150409574620425701e-03,1.527061103843152523e-03,1.242248225025832653e-03,2.555240178480744362e-03,2.065700246021151543e-03,9.860777296125888824e-03,2.869175747036933899e-03,1.776489801704883575e-02,2.418831456452608109e-03,1.784598571248352528e-03,9.790207259356975555e-03,6.047513801604509354e-03,1.800999627448618412e-03,6.808473262935876846e-03,2.848780946806073189e-03,6.338213104754686356e-03,3.659265814349055290e-03,1.681393012404441833e-03,1.902201445773243904e-03,2.893268130719661713e-03,4.947976674884557724e-03,2.308084862306714058e-03,2.519690664485096931e-03,1.555325696244835854e-03,3.576762741431593895e-03,1.702370005659759045e-03,2.688775537535548210e-03,1.802165061235427856e-03,1.464772387407720089e-03,2.734701614826917648e-03
1.183679047971963882e-02,6.537010427564382553e-03,1.227536797523498535e-02,6.642997264862060547e-03,3.158687148243188858e-03,6.122821476310491562e-03,3.165772883221507072e-03,2.347542904317378998e-03,7.273973431438207626e-03,2.205878943204879761e-01,1.891569234430789948e-02,8.708197623491287231e-03,2.102762646973133087e-02,2.420195564627647400e-02,4.674630761146545410e-01,3.966728225350379944e-02,1.158934012055397034e-01,1.691116392612457275e-02,3.128272294998168945e-02,4.369291290640830994e-02,2.295817248523235321e-02,5.525019019842147827e-03,6.160356104373931885e-03,1.759944367222487926e-03,5.093338433653116226e-03,3.029585815966129303e-03,2.234293380752205849e-03,3.354559419676661491e-03,3.726828843355178833e-03,2.553993603214621544e-03,3.967785742133855820e-03,2.154637826606631279e-03,6.505782715976238251e-03,3.954644780606031418e-03,7.196768652647733688e-03,3.820723155513405800e-03,4.024298861622810364e-03,8.048910647630691528e-03,1.438055187463760376e-03,2.820149529725313187e-03,7.406567689031362534e-03,5.308107472956180573e-03,1.806375803425908089e-03,3.085198113694787025e-03,8.475677110254764557e-03,5.682306364178657532e-03,4.610858857631683350e-03,3.934646490961313248e-03,3.768713679164648056e-03,1.842225319705903530e-03,2.710396889597177505e-03,3.662739181891083717e-03,1.948107383213937283e-03,2.480532275512814522e-03,3.380533307790756226e-03,3.465238958597183228e-03,3.473835298791527748e-03,2.889431314542889595e-03,3.293222049251198769e-03
6.420384161174297333e-03,1.028391811996698380e-02,1.203055400401353836e-02,1.305149588733911514e-02,1.755959913134574890e-02,1.641689101234078407e-03,1.573335193097591400e-02,7.860015146434307098e-03,2.082564402371644974e-03,3.908695876598358154e-01,4.916031286120414734e-02,2.102762646973133087e-02,5.962469731457531452e-04,4.063678532838821411e-02,5.528624355792999268e-02,1.011370122432708740e-01,5.914770066738128662e-02,2.817652001976966858e-02,3.359625488519668579e-02,1.114857569336891174e-02,8.411497808992862701e-03,4.902048036456108093e-03,1.884760335087776184e-02,1.376725267618894577e-03,5.407895427197217941e-03,4.512707237154245377e-03,1.723469467833638191e-03,2.579512540251016617e-03,2.960131037980318069e-03,3.980359993875026703e-03,3.813309362158179283e-03,3.715727012604475021e-03,5.636264104396104813e-03,2.705928171053528786e-03,1.023333426564931870e-02,3.762637032195925713e-03,8.217850700020790100e-03,8.029164746403694153e-03,2.513404237106442451e-03,5.080068483948707581e-03,3.984924405813217163e-03,2.547249896451830864e-03,5.639752373099327087e-03,2.951205242425203323e-03,5.712956190109252930e-03,3.830468980595469475e-03,1.538873068057000637e-03,4.194260109215974808e-03,4.151850938796997070e-03,2.455803100019693375e-03,1.651423750445246696e-03,1.809052424505352974e-03,2.718168543651700020e-03,6.397925782948732376e-03,2.727085025981068611e-03,6.787810008972883224e-03,3.500346792861819267e-03,3.505330067127943039e-03,3.257242264226078987e-03
2.683154121041297913e-02,2.578495442867279053e-02,1.578691788017749786e-02,2.611202560365200043e-02,9.760777465999126434e-03,1.597033627331256866e-02,3.800771199166774750e-03,8.150688372552394867e-03,1.442691497504711151e-02,9.878260642290115356e-02,1.357196718454360962e-01,2.420195564627647400e-02,4.063678532838821411e-02,2.285248134285211563e-03,3.622448444366455078e-02,1.193403080105781555e-01,5.330784246325492859e-03,1.099806744605302811e-02,3.491050004959106445e-02,1.321991719305515289e-02,1.893483451567590237e-03,2.064223168417811394e-03,1.711403485387563705e-03,1.424695365130901337e-03,5.138662643730640411e-03,3.523024963214993477e-03,3.681234316900372505e-03,2.943288302049040794e-03,2.401584759354591370e-03,2.796382410451769829e-03,4.220969974994659424e-03,3.157645696774125099e-03,6.831557024270296097e-03,5.725163035094738007e-03,5.099847447127103806e-03,4.897075239568948746e-03,1.803335919976234436e-02,5.541922058910131454e-03,1.504128449596464634e-03,3.960424568504095078e-03,5.993312224745750427e-03,3.604164812713861465e-03,6.004040129482746124e-03,1.122456509619951248e-02,4.148382227867841721e-03,9.198246523737907410e-03,1.958602806553244591e-03,2.813039580360054970e-03,6.225258577615022659e-03,3.444964298978447914e-03,1.371238613501191139e-03,2.583241090178489685e-03,3.438897896558046341e-03,2.921062754467129707e-03,2.503324998542666435e-03,2.094388473778963089e-03,3.465685294941067696e-03,2.228040946647524834e-03,4.993804730474948883e-03
6.069807801395654678e-03,4.095864016562700272e-03,4.742151591926813126e-03,3.799516707658767700e-03,7.542570587247610092e-03,1.326133962720632553e-02,1.092484127730131149e-02,1.390915270894765854e-02,1.710480749607086182e-01,5.524190142750740051e-02,1.547295898199081421e-01,4.674630761146545410e-01,5.528624355792999268e-02,3.622448444366455078e-02,7.422829419374465942e-02,3.785043209791183472e-02,2.213302999734878540e-01,1.613135822117328644e-02,7.471908815205097198e-03,6.587516516447067261e-02,6.105201784521341324e-03,1.357689034193754196e-03,6.243211217224597931e-03,9.297658107243478298e-04,1.292014378122985363e-03,1.376858330331742764e-03,1.235803356394171715e-03,2.752638654783368111e-03,2.644506050273776054e-03,1.712750643491744995e-03,3.336171153932809830e-03,1.790677430108189583e-03,1.799010206013917923e-03,5.436275620013475418e-03,6.562411785125732422e-03,4.736065864562988281e-03,4.050910472869873047e-03,9.180577471852302551e-03,3.162017790600657463e-03,2.830851823091506958e-03,9.109457023441791534e-03,1.086356304585933685e-02,2.137631410732865334e-03,5.219650454819202423e-03,1.077699009329080582e-02,4.870585165917873383e-03,3.482298925518989563e-03,2.025538589805364609e-03,2.827601740136742592e-03,1.756223849952220917e-03,2.418467774987220764e-03,3.167791524901986122e-03,2.476262394338846207e-03,1.991650788113474846e-03,1.885628094896674156e-03,1.985390903428196907e-03,2.881513908505439758e-03,1.609419239684939384e-03,2.575273625552654266e-03
1.424736995249986649e-02,1.107154414057731628e-02,8.109310641884803772e-03,9.530075825750827789e-03,3.436913015320897102e-03,8.845658041536808014e-03,2.002113126218318939e-02,1.365411840379238129e-02,1.189367007464170456e-02,3.808961436152458191e-02,2.411011233925819397e-02,3.966728225350379944e-02,1.011370122432708740e-01,1.193403080105781555e-01,3.785043209791183472e-02,1.610366627573966980e-03,4.257891327142715454e-03,8.185310363769531250e-01,2.116021141409873962e-02,1.652434840798377991e-02,8.328898809850215912e-03,4.467071499675512314e-03,1.975099090486764908e-03,1.398399122990667820e-03,4.671632312238216400e-03,4.318612627685070038e-03,1.935174455866217613e-03,2.819555811583995819e-03,2.323374850675463676e-03,3.203578060492873192e-03,1.575879636220633984e-03,5.626270081847906113e-03,3.528965869918465614e-03,3.000021446496248245e-03,6.577035412192344666e-03,7.821785286068916321e-03,1.125343330204486847e-02,2.959832781925797462e-03,2.936368342489004135e-03,2.618880243971943855e-03,3.630949417129158974e-03,1.213947543874382973e-03,3.876338945701718330e-03,4.319539293646812439e-03,4.906418267637491226e-03,7.941306568682193756e-03,1.734456396661698818e-03,4.462995566427707672e-03,4.080187529325485229e-03,3.508411347866058350e-03,3.299877280369400978e-03,2.194012515246868134e-03,2.114500850439071655e-03,2.945260843262076378e-03,7.979542948305606842e-03,4.751017782837152481e-03,2.833153121173381805e-03,2.613073680549860001e-03,4.250637255609035492e-03
5.159934051334857941e-03,2.543877810239791870e-03,2.188699319958686829e-03,3.695950843393802643e-03,2.795301377773284912e-03,4.925470799207687378e-03,2.097052056342363358e-03,1.083738636225461960e-02,4.110605642199516296e-02,5.042442306876182556e-02,1.182518340647220612e-02,1.158934012055397034e-01,5.914770066738128662e-02,5.330784246325492859e-03,2.213302999734878540e-01,4.257891327142715454e-03,2.181761339306831360e-02,1.910136267542839050e-02,1.799979358911514282e-01,1.802221089601516724e-01,1.290714275091886520e-02,7.769088726490736008e-03,5.194631405174732208e-03,3.266317304223775864e-03,8.103387081064283848e-04,2.844424219802021980e-03,3.230453934520483017e-03,3.955733962357044220e-03,5.525110755115747452e-03,2.745173405855894089e-03,1.156994421035051346e-02,4.171347711235284805e-03,1.364659424871206284e-02,8.019428700208663940e-03,2.479269541800022125e-02,2.806443488225340843e-03,3.229164751246571541e-03,2.014503628015518188e-02,2.093674847856163979e-03,1.765265245921909809e-03,8.067831397056579590e-03,6.235137116163969040e-03,1.773014198988676071e-03,1.867533079348504543e-03,1.418293640017509460e-02,4.550926387310028076e-03,6.070987321436405182e-03,2.532237209379673004e-03,4.194919485598802567e-03,1.603291486389935017e-03,2.978185424581170082e-03,4.788238555192947388e-03,1.217899261973798275e-03,2.208573743700981140e-03,1.626659766770899296e-03,2.077023265883326530e-03,5.810861941426992416e-03,3.018978284671902657e-03,3.421126632019877434e-03
7.011616136878728867e-03,7.168311160057783127e-03,5.720395594835281372e-03,1.027031801640987396e-02,7.730774115771055222e-03,3.957707434892654419e-03,6.475339177995920181e-03,1.775539107620716095e-02,2.005318924784660339e-02,1.456020306795835495e-02,2.553812041878700256e-02,1.691116392612457275e-02,2.817652001976966858e-02,1.099806744605302811e-02,1.613135822117328644e-02,8.185310363769531250e-01,1.910136267542839050e-02,1.294994377531111240e-03,8.961600065231323242e-02,5.045877397060394287e-02,3.562999656423926353e-03,3.171034753322601318e-01,2.349571790546178818e-03,6.504226475954055786e-03,3.310176776722073555e-03,2.808092162013053894e-03,3.102180780842900276e-03,6.789340171962976456e-03,5.830276757478713989e-03,2.635975368320941925e-03,2.700861543416976929e-03,4.230179358273744583e-03,6.598867475986480713e-03,4.379799123853445053e-03,9.483993053436279297e-03,4.105598665773868561e-03,5.406012758612632751e-03,5.578181706368923187e-03,3.785781329497694969e-03,5.213276017457246780e-03,4.553338047116994858e-03,2.003997098654508591e-03,2.673626411706209183e-03,2.708623884245753288e-03,4.118887707591056824e-03,3.156110411509871483e-03,3.073761938139796257e-03,3.271777182817459106e-03,4.406846128404140472e-03,1.182113774120807648e-03,3.536435542628169060e-03,1.963769551366567612e-03,3.630195511505007744e-03,2.136025112122297287e-03,2.687654457986354828e-03,1.761416089721024036e-03,3.729193238541483879e-03,1.632695668376982212e-03,3.405616385862231255e-03
3.785839071497321129e-03,2.870050258934497833e-03,5.237323231995105743e-03,5.700264126062393188e-03,3.338394686579704285e-03,4.377227742224931717e-03,1.280638203024864197e-02,1.035101246088743210e-02,1.854314468801021576e-02,1.010450441390275955e-02,1.002727448940277100e-02,3.128272294998168945e-02,3.359625488519668579e-02,3.491050004959106445e-02,7.471908815205097198e-03,2.116021141409873962e-02,1.799979358911514282e-01,8.961600065231323242e-02,1.705672009848058224e-03,1.608901657164096832e-02,3.900679349899291992e-01,6.005317438393831253e-03,1.689480384811758995e-03,3.452747478149831295e-04,1.346297562122344971e-03,1.820508739911019802e-03,5.663567222654819489e-03,2.811690093949437141e-03,2.300035906955599785e-03,6.427709944546222687e-03,2.462574653327465057e-02,8.234754204750061035e-03,1.045205257833003998e-02,1.597059890627861023e-02,1.851292699575424194e-02,7.332562934607267380e-03,1.567159034311771393e-02,2.655771747231483459e-02,4.726816900074481964e-03,4.361727740615606308e-03,9.686175733804702759e-03,7.286100648343563080e-03,3.080089809373021126e-03,6.244383286684751511e-03,8.323756977915763855e-03,4.400635138154029846e-03,4.562276881188154221e-03,1.995428465306758881e-03,9.325008839368820190e-03,1.837190473452210426e-03,2.273768885061144829e-03,3.862097393721342087e-03,1.762059982866048813e-03,1.675258739851415157e-03,1.380237750709056854e-03,1.629161532036960125e-03,1.807288150303065777e-03,1.677645021118223667e-03,1.668555778451263905e-03
3.187811234965920448e-03,2.093860181048512459e-03,2.592978766188025475e-03,3.347000339999794960e-03,2.021558815613389015e-03,8.204182609915733337e-03,5.917469039559364319e-03,4.008731804788112640e-03,5.099829658865928650e-02,1.735917627811431885e-01,9.952605701982975006e-03,4.369291290640830994e-02,1.114857569336891174e-02,1.321991719305515289e-02,6.587516516447067261e-02,1.652434840798377991e-02,1.802221089601516724e-01,5.045877397060394287e-02,1.608901657164096832e-02,2.184709534049034119e-02,1.615215279161930084e-02,1.461819652467966080e-02,3.284225240349769592e-03,2.356858225539326668e-03,2.064595697447657585e-03,3.312866436317563057e-03,4.556509200483560562e-03,5.453566554933786392e-03,2.882634662091732025e-02,6.744784768670797348e-03,1.041760575026273727e-02,5.979482550173997879e-03,1.007138192653656006e-02,8.771751075983047485e-03,2.466132864356040955e-02,3.404357470571994781e-03,2.494340762495994568e-03,1.942224428057670593e-02,2.679113298654556274e-03,1.404574839398264885e-03,4.997795913368463516e-03,4.663396161049604416e-03,2.274615922942757607e-03,1.334440894424915314e-03,8.044609799981117249e-03,5.213313270360231400e-03,5.333527922630310059e-03,3.189351176843047142e-03,3.475248580798506737e-03,1.089336583390831947e-03,3.118466353043913841e-03,4.691988229751586914e-03,1.486182911321520805e-03,2.067341469228267670e-03,1.692040706984698772e-03,1.759180566295981407e-03,3.932292573153972626e-03,3.226280212402343750e-03,3.889527870342135429e-03
2.324155298992991447e-03,1.684838323853909969e-03,1.569827669300138950e-03,3.456245409324765205e-03,1.903254888020455837e-03,2.852641278877854347e-03,3.310845466330647469e-03,3.579734358936548233e-03,1.377259287983179092e-02,1.245201006531715393e-02,3.846462583169341087e-03,2.295817248523235321e-02,8.411497808992862701e-03,1.893483451567590237e-03,6.105201784521341324e-03,8.328898809850215912e-03,1.290714275091886520e-02,3.562999656423926353e-03,3.900679349899291992e-01,1.615215279161930084e-02,5.164331756532192230e-03,2.518115099519491196e-03,9.932521730661392212e-03,5.400535301305353642e-04,9.683089447207748890e-04,5.164494505152106285e-04,1.536765834316611290e-03,7.694674655795097351e-03,8.235691487789154053e-02,9.394235908985137939e-03,1.089511364698410034e-01,1.610628329217433929e-02,2.706574834883213043e-02,1.852163374423980713e-01,6.749294698238372803e-02,5.361856427043676376e-03,4.983151797205209732e-03,2.163861095905303955e-01,1.299022790044546127e-02,2.605318091809749603e-03,3.437685593962669373e-02,2.702231332659721375e-02,3.287331201136112213e-03,2.572750439867377281e-03,3.176641836762428284e-02,3.732819575816392899e-03,8.717744611203670502e-03,2.777601126581430435e-03,3.160473192110657692e-03,1.088386983610689640e-03,4.669962916523218155e-03,9.675186127424240112e-03,2.357196994125843048e-03,1.567137311212718487e-03,2.649711677804589272e-03,1.478532794862985611e-03,1.889594364911317825e-03,3.162348177284002304e-03,2.805346855893731117e-03
1.640778966248035431e-03,1.320130540989339352e-03,1.955525483936071396e-03,1.944219227880239487e-03,2.112474292516708374e-03,3.984320908784866333e-03,2.269891789183020592e-03,4.219489172101020813e-03,5.762082058936357498e-03,2.518988447263836861e-03,1.962071284651756287e-03,5.525019019842147827e-03,4.902048036456108093e-03,2.064223168417811394e-03,1.357689034193754196e-03,4.467071499675512314e-03,7.769088726490736008e-03,3.171034753322601318e-01,6.005317438393831253e-03,1.461819652467966080e-02,2.518115099519491196e-03,4.684191662818193436e-03,9.505332261323928833e-02,1.183385122567415237e-02,6.641233712434768677e-02,5.748368334025144577e-03,4.434758052229881287e-02,1.869695037603378296e-01,2.839235961437225342e-01,1.370259821414947510e-01,2.887181751430034637e-02,9.344038963317871094e-01,1.678951382637023926e-01,1.462707482278347015e-02,1.064752787351608276e-02,4.529304802417755127e-03,2.691484987735748291e-03,5.412698257714509964e-03,6.842040456831455231e-03,1.720119616948068142e-03,4.367019515484571457e-03,3.804955165833234787e-03,1.550501445308327675e-03,1.593373483046889305e-03,2.697530668228864670e-03,3.248335793614387512e-03,2.496875124052166939e-03,2.407498192042112350e-03,1.637348788790404797e-03,1.679047942161560059e-03,2.573024481534957886e-03,2.224849304184317589e-03,2.146177925169467926e-03,2.742708427831530571e-03,1.018306007608771324e-03,9.733161423355340958e-04,4.309356678277254105e-03,3.761210944503545761e-03,2.304835710674524307e-03
1.890796353109180927e-03,1.789884991012513638e-03,2.384381135925650597e-03,1.472217496484518051e-03,2.436133567243814468e-03,4.150352906435728073e-03,2.504356438294053078e-03,6.286937277764081955e-03,4.643108695745468140e-03,4.480084870010614395e-03,4.837013315409421921e-03,6.160356104373931885e-03,1.884760335087776184e-02,1.711403485387563705e-03,6.243211217224597931e-03,1.975099090486764908e-03,5.194631405174732208e-03,2.349571790546178818e-03,1.689480384811758995e-03,3.284225240349769592e-03,9.932521730661392212e-03,9.505332261323928833e-02,8.726331871002912521e-04,4.667510278522968292e-03,1.897191256284713745e-02,2.523583825677633286e-03,8.209261298179626465e-02,3.961970508098602295e-01,3.175621330738067627e-01,8.453594148159027100e-02,6.270824372768402100e-02,3.719515725970268250e-02,2.625356242060661316e-02,1.637839339673519135e-02,1.322661805897951126e-02,8.029673248529434204e-03,4.440016578882932663e-03,5.119651928544044495e-02,6.258964072912931442e-03,1.778962207026779652e-03,6.231852341443300247e-03,1.313019637018442154e-02,1.785996486432850361e-03,1.433229073882102966e-03,6.074988283216953278e-03,5.639830138534307480e-03,3.777953796088695526e-03,2.470718696713447571e-03,4.029045347124338150e-03,1.145423273555934429e-03,2.956869313493371010e-03,1.953541301190853119e-02,9.129682555794715881e-03,2.674263436347246170e-03,2.943740459159016609e-03,2.337859245017170906e-03,2.326487097889184952e-03,4.397901240736246109e-03,3.625662298873066902e-03
3.899111412465572357e-03,3.444306319579482079e-03,3.408891847357153893e-03,2.767272060737013817e-03,2.905219327658414841e-03,4.346932284533977509e-03,2.312120283022522926e-03,4.088828805834054947e-03,1.531926216557621956e-03,2.191505627706646919e-03,1.451172400265932083e-03,1.759944367222487926e-03,1.376725267618894577e-03,1.424695365130901337e-03,9.297658107243478298e-04,1.398399122990667820e-03,3.266317304223775864e-03,6.504226475954055786e-03,3.452747478149831295e-04,2.356858225539326668e-03,5.400535301305353642e-04,1.183385122567415237e-02,4.667510278522968292e-03,6.914687110111117363e-04,5.513338372111320496e-02,5.939812064170837402e-01,9.917120933532714844e-01,4.189182221889495850e-01,1.951906830072402954e-01,9.029951095581054688e-01,1.154493093490600586e-01,5.275959372520446777e-01,6.774640083312988281e-02,6.144177634268999100e-03,5.571966525167226791e-03,7.045024074614048004e-03,2.613896504044532776e-03,2.690181136131286621e-03,4.399586468935012817e-03,3.347011283040046692e-03,1.639006775803864002e-03,1.892636530101299286e-03,2.308229682967066765e-03,4.011222627013921738e-03,2.923029940575361252e-03,6.865871604532003403e-03,2.429964719340205193e-03,6.477854680269956589e-03,4.702512640506029129e-03,3.771469695493578911e-03,5.442322231829166412e-03,1.676962245255708694e-03,1.580772921442985535e-03,2.837097505107522011e-03,2.816607709974050522e-03,2.279955195263028145e-03,4.073595162481069565e-03,1.953099854290485382e-03,3.703596536070108414e-03
4.719730932265520096e-03,6.517868954688310623e-03,6.056448444724082947e-03,6.879778578877449036e-03,4.701738245785236359e-03,5.810087546706199646e-03,5.709852557629346848e-03,4.814859014004468918e-03,3.105482552200555801e-03,5.026491358876228333e-03,3.753501921892166138e-03,5.093338433653116226e-03,5.407895427197217941e-03,5.138662643730640411e-03,1.292014378122985363e-03,4.671632312238216400e-03,8.103387081064283848e-04,3.310176776722073555e-03,1.346297562122344971e-03,2.064595697447657585e-03,9.683089447207748890e-04,6.641233712434768677e-02,1.897191256284713745e-02,5.513338372111320496e-02,1.727743190713226795e-03,4.396483674645423889e-02,1.325428485870361328e-01,7.495789229869842529e-02,6.615177541971206665e-02,2.245207726955413818e-01,1.090580970048904419e-02,4.310438781976699829e-02,1.720487326383590698e-02,6.303477566689252853e-03,9.069000370800495148e-03,5.307055078446865082e-03,4.201082512736320496e-03,3.201596206054091454e-03,9.455903433263301849e-03,4.391804803162813187e-03,2.729785395786166191e-03,2.352368785068392754e-03,2.069421112537384033e-03,4.745296668261289597e-03,6.828777957707643509e-03,3.989681601524353027e-03,2.230267040431499481e-03,5.383607465773820877e-03,3.658083966001868248e-03,7.677763700485229492e-03,5.522559396922588348e-03,3.470692317932844162e-03,4.399152006953954697e-03,5.661229137331247330e-03,5.064530298113822937e-03,4.545242059975862503e-03,3.632802749052643776e-03,6.645492743700742722e-03,4.811062943190336227e-03
6.409449037164449692e-03,9.395230561494827271e-03,1.265661045908927917e-02,6.126270163804292679e-03,5.931445863097906113e-03,7.697592489421367645e-03,3.684079507365822792e-03,5.563484504818916321e-03,2.402737736701965332e-03,2.448820509016513824e-03,1.002959092147648335e-03,3.029585815966129303e-03,4.512707237154245377e-03,3.523024963214993477e-03,1.376858330331742764e-03,4.318612627685070038e-03,2.844424219802021980e-03,2.808092162013053894e-03,1.820508739911019802e-03,3.312866436317563057e-03,5.164494505152106285e-04,5.748368334025144577e-03,2.523583825677633286e-03,5.939812064170837402e-01,4.396483674645423889e-02,1.904884120449423790e-03,1.873821914196014404e-01,5.879756808280944824e-01,2.880707755684852600e-02,5.206260681152343750e-01,6.978161167353391647e-03,2.181023359298706055e-02,9.421249851584434509e-03,3.583108773455023766e-03,2.903448883444070816e-03,4.389253444969654083e-03,4.387830384075641632e-03,2.628158079460263252e-03,6.168287247419357300e-03,9.403159841895103455e-03,1.804288476705551147e-03,1.442958717234432697e-03,3.494784468784928322e-03,5.802174098789691925e-03,1.950145349837839603e-03,7.957261987030506134e-03,2.628942020237445831e-03,1.324614230543375015e-02,1.058046240359544754e-02,1.572082564234733582e-02,6.498546805232763290e-03,1.950937206856906414e-03,5.707005504518747330e-03,5.714193917810916901e-03,3.920029848814010620e-03,5.342153366655111313e-03,5.770622286945581436e-03,2.081792568787932396e-03,7.338479626923799515e-03
4.211574327200651169e-03,3.854525042697787285e-03,2.411501714959740639e-03,2.760455012321472168e-03,2.825205679982900620e-03,3.859092248603701591e-03,1.894495915621519089e-03,1.553923124447464943e-03,1.561708399094641209e-03,1.855695620179176331e-03,2.670150017365813255e-03,2.234293380752205849e-03,1.723469467833638191e-03,3.681234316900372505e-03,1.235803356394171715e-03,1.935174455866217613e-03,3.230453934520483017e-03,3.102180780842900276e-03,5.663567222654819489e-03,4.556509200483560562e-03,1.536765834316611290e-03,4.434758052229881287e-02,8.209261298179626465e-02,9.917120933532714844e-01,1.325428485870361328e-01,1.873821914196014404e-01,1.042825984768569469e-03,1.045095846056938171e-01,7.134444266557693481e-02,9.046837091445922852e-01,5.662977322936058044e-02,1.116124633699655533e-02,3.370235860347747803e-02,3.790556918829679489e-03,2.213822444900870323e-03,6.033159326761960983e-03,2.225971547886729240e-03,1.814954448491334915e-03,4.905077628791332245e-03,6.691411603242158890e-03,1.849467982538044453e-03,2.301465254276990891e-03,4.040941596031188965e-03,2.360585844144225121e-03,6.076609250158071518e-03,5.737395957112312317e-03,2.440493321046233177e-03,7.419897709041833878e-03,3.429662436246871948e-03,6.247576791793107986e-03,4.386316519230604172e-03,1.605692203156650066e-03,3.158384002745151520e-03,2.910967217758297920e-03,5.294077098369598389e-03,1.674128230661153793e-03,2.594037214294075966e-03,2.377501456066966057e-03,3.762663807719945908e-03
