2.001107437536120415e-03,9.670758992433547974e-02,6.600891351699829102e-01,2.649849839508533478e-02,8.587447553873062134e-02,9.515795856714248657e-03,3.507297113537788391e-02,8.238301426172256470e-02,1.062294188886880875e-02,7.968622259795665741e-03,8.524237200617790222e-03,1.052701473236083984e-02,4.906797781586647034e-03,1.853104308247566223e-02,4.609519615769386292e-03,9.592258371412754059e-03,3.164823399856686592e-03,7.633698172867298126e-03,3.506394568830728531e-03,3.308402840048074722e-03,2.344874199479818344e-03,3.164139343425631523e-03,1.756376703269779682e-03,4.408014006912708282e-03,4.311006516218185425e-03,1.037588063627481461e-02,3.628454171121120453e-03,3.684130031615495682e-03,2.408167114481329918e-03,4.055019468069076538e-03,2.775667002424597740e-03,4.179516341537237167e-03,3.534564049914479256e-03,2.725117374211549759e-03,5.210952367633581161e-03,6.644048262387514114e-03,7.532804273068904877e-03,2.639346057549118996e-03,2.228875411674380302e-03,5.496242083609104156e-03,3.477131715044379234e-03,1.179457060061395168e-03,4.230119287967681885e-03,1.276612095534801483e-02,3.739274572581052780e-03,4.523947834968566895e-03,2.800841815769672394e-03,4.687445238232612610e-03,3.757503349334001541e-03,9.209052659571170807e-03,6.431054323911666870e-03,3.997085615992546082e-03,4.509313032031059265e-03,7.591077126562595367e-03,7.974391803145408630e-03,1.102629303932189941e-02,4.754022229462862015e-03,1.673478167504072189e-03,6.075713317841291428e-03
9.670758992433547974e-02,4.219600930809974670e-03,6.969772577285766602e-01,1.351464241743087769e-01,8.842769861221313477e-01,8.180230855941772461e-03,1.200241371989250183e-01,2.725480794906616211e-01,3.149858117103576660e-02,1.288361102342605591e-02,6.479362398386001587e-02,5.444410722702741623e-03,2.895127795636653900e-02,9.311156347393989563e-03,4.714378155767917633e-03,6.938519887626171112e-03,2.612094627693295479e-03,8.944419212639331818e-03,3.123131813481450081e-03,1.814567483961582184e-03,1.952375052496790886e-03,2.725167665630578995e-03,2.019332954660058022e-03,3.629055805504322052e-03,4.632674623280763626e-03,7.828285917639732361e-03,4.821841605007648468e-03,3.115030936896800995e-03,2.282200613990426064e-03,2.823689254000782967e-03,5.323994904756546021e-03,1.941185793839395046e-03,5.332599859684705734e-03,9.182408102788031101e-04,2.825280884280800819e-03,6.087851244956254959e-03,8.749998174607753754e-03,2.081458689644932747e-03,2.064482541754841805e-03,8.252265863120555878e-03,2.436032518744468689e-03,1.368676079437136650e-03,2.490446437150239944e-03,4.420092329382896423e-03,3.345419652760028839e-03,4.039775114506483078e-03,1.788395456969738007e-03,3.122875001281499863e-03,1.528832595795392990e-03,2.501334995031356812e-03,3.109512617811560631e-03,1.796885509975254536e-03,1.412531943060457706e-03,2.278846921399235725e-03,2.816122956573963165e-03,5.806128494441509247e-03,2.819949761033058167e-03,2.130223438143730164e-03,9.096089750528335571e-03
6.600891351699829102e-01,6.969772577285766602e-01,3.462045639753341675e-02,2.022396922111511230e-01,6.777598857879638672e-01,5.493480339646339417e-02,4.017723351716995239e-02,5.253500863909721375e-02,2.520607784390449524e-02,8.347406052052974701e-03,1.505507528781890869e-02,7.134947460144758224e-03,4.368879832327365875e-03,4.750140476971864700e-03,4.600641317665576935e-03,5.006448831409215927e-03,2.870392519980669022e-03,1.147352252155542374e-02,4.509542137384414673e-03,2.361963968724012375e-03,2.610948169603943825e-03,2.808618126437067986e-03,1.472205622121691704e-03,2.456438727676868439e-03,4.974406678229570389e-03,8.103264495730400085e-03,2.593178767710924149e-03,3.639111295342445374e-03,1.531425863504409790e-03,2.301942789927124977e-03,9.336313814856112003e-04,3.023035591468214989e-03,4.466872196644544601e-03,1.932382234372198582e-03,4.672672133892774582e-03,4.417451098561286926e-03,6.392186973243951797e-03,1.698519219644367695e-03,2.178682480007410049e-03,8.357785642147064209e-03,2.612661337479948997e-03,1.107705174945294857e-03,3.630223218351602554e-03,6.847495678812265396e-03,2.602370688691735268e-03,3.094192594289779663e-03,2.005029935389757156e-03,3.463991219177842140e-03,2.175024012103676796e-03,6.560627836734056473e-03,5.418983753770589828e-03,1.742114312946796417e-03,2.471449784934520721e-03,4.725939594209194183e-03,7.920050062239170074e-03,5.521466955542564392e-03,2.301595639437437057e-03,1.568814623169600964e-03,3.898709779605269432e-03
2.649849839508533478e-02,1.351464241743087769e-01,2.022396922111511230e-01,2.225002944469451904e-01,9.449338912963867188e-01,4.095231369137763977e-02,6.293080281466245651e-03,9.935435056686401367e-01,2.656507492065429688e-01,2.095499448478221893e-02,4.884168505668640137e-01,7.020921446382999420e-03,1.079405378550291061e-02,1.976887136697769165e-02,7.856246083974838257e-03,5.921088624745607376e-03,4.626186098903417587e-03,9.352426044642925262e-03,3.136197105050086975e-02,3.524377709254622459e-03,3.081589238718152046e-03,2.778722904622554779e-03,2.129809930920600891e-03,3.956835251301527023e-03,2.329870592802762985e-03,4.391033668071031570e-03,2.096456475555896759e-03,4.440149292349815369e-03,1.313344109803438187e-03,1.709067029878497124e-03,1.711528864689171314e-03,1.657299697399139404e-03,1.850794185884296894e-03,7.122274255380034447e-04,3.529455745592713356e-03,2.285926602780818939e-03,1.889839069917798042e-03,1.667102798819541931e-03,1.545239123515784740e-03,1.497204881161451340e-03,2.137509407475590706e-03,1.197238569147884846e-03,2.136097289621829987e-03,2.560489578172564507e-03,2.642626641318202019e-03,3.138041123747825623e-03,1.150184893049299717e-03,1.200277009047567844e-03,6.919113802723586559e-04,1.230685855261981487e-03,2.757882000878453255e-03,1.196088385768234730e-03,2.036452060565352440e-03,2.767314203083515167e-03,1.896963338367640972e-03,2.545613562688231468e-03,3.144754795357584953e-03,1.427467912435531616e-03,6.228315643966197968e-03
8.587447553873062134e-02,8.842769861221313477e-01,6.777598857879638672e-01,9.449338912963867188e-01,4.875406157225370407e-03,3.069225139915943146e-02,9.929894208908081055e-01,8.074871897697448730e-01,4.685688018798828125e-02,7.079162634909152985e-03,2.472775429487228394e-02,8.452313952147960663e-03,5.429927259683609009e-03,8.667398244142532349e-03,5.971852224320173264e-03,2.358981641009449959e-03,2.971137175336480141e-03,1.178544387221336365e-02,3.432851983234286308e-03,2.056661993265151978e-03,1.414164667949080467e-03,2.848470816388726234e-03,1.793354866094887257e-03,2.571203047409653664e-03,5.168591625988483429e-03,4.285724833607673645e-03,3.728153416886925697e-03,2.949900459498167038e-03,1.585124293342232704e-03,1.489111804403364658e-03,1.539303106255829334e-03,2.157921902835369110e-03,2.837700769305229187e-03,1.343671581707894802e-03,5.583114456385374069e-03,2.828443655744194984e-03,5.167110823094844818e-03,1.489209476858377457e-03,2.025777706876397133e-03,5.826148670166730881e-03,1.576427486725151539e-03,1.060878857970237732e-03,1.197598990984261036e-03,3.017266513779759407e-03,9.988396195694804192e-04,1.860018004663288593e-03,1.108026364818215370e-03,1.579850446432828903e-03,1.433520577847957611e-03,2.211555838584899902e-03,2.362023573368787766e-03,1.391829806379973888e-03,1.743592671118676662e-03,2.430855063721537590e-03,2.875929465517401695e-03,2.888002898544073105e-03,2.756332280114293098e-03,1.842429512180387974e-03,3.149535739794373512e-03
9.515795856714248657e-03,8.180230855941772461e-03,5.493480339646339417e-02,4.095231369137763977e-02,3.069225139915943146e-02,1.015498023480176926e-02,1.034459173679351807e-01,2.306319475173950195e-01,9.714283049106597900e-02,5.502203106880187988e-02,8.594198524951934814e-02,8.017923682928085327e-03,5.108918529003858566e-03,1.121632754802703857e-02,9.414079599082469940e-03,1.243381109088659286e-02,8.146679960191249847e-03,4.868300631642341614e-02,1.872221566736698151e-02,7.775082718580961227e-03,5.364888813346624374e-03,8.491929620504379272e-03,9.884973056614398956e-03,8.568665944039821625e-03,1.163531281054019928e-02,8.943198248744010925e-03,2.700681565329432487e-03,6.349159404635429382e-03,2.650967100635170937e-03,5.004209466278553009e-03,1.753106596879661083e-03,3.780007362365722656e-03,1.776396529749035835e-03,1.491777133196592331e-03,9.945251047611236572e-03,4.349648952484130859e-03,4.545986652374267578e-03,2.313732402399182320e-03,1.449791830964386463e-03,3.165741451084613800e-03,2.555824816226959229e-03,1.432955497875809669e-03,2.201276365667581558e-03,2.382078440859913826e-03,1.930823200382292271e-03,2.095049247145652771e-03,1.923291827552020550e-03,2.380510792136192322e-03,2.953890711069107056e-03,3.341135801747441292e-03,2.890944248065352440e-03,2.234326442703604698e-03,1.825759653002023697e-03,3.941063769161701202e-03,2.019126433879137039e-03,4.804514814168214798e-03,3.749274648725986481e-03,1.764536136761307716e-03,4.039947874844074249e-03
3.507297113537788391e-02,1.200241371989250183e-01,4.017723351716995239e-02,6.293080281466245651e-03,9.929894208908081055e-01,1.034459173679351807e-01,2.190558938309550285e-03,7.766214758157730103e-02,5.964719504117965698e-02,2.855676971375942230e-02,1.411056146025657654e-02,1.879307627677917480e-02,1.610674336552619934e-02,1.595247350633144379e-02,4.300102591514587402e-03,1.063274871557950974e-02,4.361808765679597855e-03,1.636915467679500580e-02,6.650197319686412811e-03,3.759829793125391006e-03,5.627579987049102783e-03,4.004602320492267609e-03,3.085689386352896690e-03,4.019212909042835236e-03,1.044192723929882050e-02,9.227561764419078827e-03,2.219194313511252403e-03,5.536884069442749023e-03,2.087774686515331268e-03,2.475446322932839394e-03,2.424008911475539207e-03,3.038590541109442711e-03,4.398068413138389587e-03,1.450164592824876308e-03,3.636173205450177193e-03,4.552473314106464386e-03,9.616412222385406494e-03,1.181934727355837822e-03,5.374334286898374557e-03,4.593288060277700424e-03,2.866963623091578484e-03,1.910039572976529598e-03,1.401106594130396843e-03,2.855985425412654877e-03,1.516821561381220818e-03,2.678654855117201805e-03,1.592917018570005894e-03,1.430392963811755180e-03,2.974901115521788597e-03,1.935317413881421089e-03,3.143995534628629684e-03,2.160692820325493813e-03,2.223826944828033447e-03,4.371572751551866531e-03,2.665658481419086456e-03,4.751955624669790268e-03,3.018458606675267220e-03,2.477801172062754631e-03,5.276523996144533157e-03
8.238301426172256470e-02,2.725480794906616211e-01,5.253500863909721375e-02,9.935435056686401367e-01,8.074871897697448730e-01,2.306319475173950195e-01,7.766214758157730103e-02,1.062045618891716003e-02,2.691777423024177551e-02,1.285367645323276520e-02,7.932969927787780762e-02,4.809027072042226791e-03,7.928938604891300201e-03,4.329546820372343063e-03,1.045926567167043686e-02,8.829764090478420258e-03,3.136933315545320511e-03,8.254256099462509155e-03,4.791441373527050018e-03,3.669031662866473198e-03,6.767192855477333069e-03,3.709395183250308037e-03,5.368360318243503571e-03,3.645366989076137543e-03,3.289452288299798965e-03,5.854771006852388382e-03,1.995024969801306725e-03,4.381916485726833344e-03,2.764445729553699493e-03,2.543820999562740326e-03,1.667629927396774292e-03,2.535076346248388290e-03,2.889953088015317917e-03,1.650640857405960560e-03,3.525124862790107727e-03,2.512984676286578178e-03,4.752941429615020752e-03,2.403936814516782761e-03,1.148135750554502010e-03,3.191740950569510460e-03,1.897667767480015755e-03,1.504115527495741844e-03,2.416994655504822731e-03,2.215364016592502594e-03,3.162922803312540054e-03,2.393496222794055939e-03,1.469193841330707073e-03,3.228507703170180321e-03,1.549547421745955944e-03,1.841314486227929592e-03,2.614473458379507065e-03,1.532076508738100529e-03,1.496105454862117767e-03,3.298531984910368919e-03,1.885812147520482540e-03,2.690550871193408966e-03,2.494630170986056328e-03,2.018836094066500664e-03,2.672590315341949463e-03
1.062294188886880875e-02,3.149858117103576660e-02,2.520607784390449524e-02,2.656507492065429688e-01,4.685688018798828125e-02,9.714283049106597900e-02,5.964719504117965698e-02,2.691777423024177551e-02,1.936800777912139893e-02,1.390909962356090546e-02,8.420246094465255737e-02,7.388519495725631714e-02,8.238439448177814484e-03,3.372095059603452682e-03,1.841575652360916138e-02,1.716506481170654297e-02,7.140681892633438110e-02,1.293626427650451660e-02,1.874032616615295410e-02,1.181758567690849304e-02,2.457666024565696716e-02,2.480644546449184418e-02,1.486615650355815887e-02,2.864877227693796158e-03,5.993883591145277023e-03,3.344985423609614372e-03,1.834236318245530128e-03,6.997235119342803955e-03,6.978662684559822083e-03,2.254181774333119392e-03,3.602132666856050491e-03,1.608274877071380615e-03,1.981525449082255363e-03,2.529066754505038261e-03,2.143782796338200569e-03,1.409237389452755451e-03,2.108765300363302231e-03,7.088926620781421661e-03,1.785421045497059822e-03,1.528793829493224621e-03,4.176851827651262283e-03,3.053072839975357056e-03,1.280583906918764114e-03,1.288192346692085266e-03,3.835114883258938789e-03,2.615295583382248878e-03,2.287138253450393677e-03,2.016523154452443123e-03,1.634734915569424629e-03,1.471294672228395939e-03,3.365407930687069893e-03,4.089821130037307739e-03,1.375049352645874023e-03,2.926609478890895844e-03,1.139102037996053696e-03,2.490932121872901917e-03,4.263711627572774887e-03,3.089825622737407684e-03,2.686157822608947754e-03
7.968622259795665741e-03,1.288361102342605591e-02,8.347406052052974701e-03,2.095499448478221893e-02,7.079162634909152985e-03,5.502203106880187988e-02,2.855676971375942230e-02,1.285367645323276520e-02,1.390909962356090546e-02,4.225362837314605713e-02,1.779456585645675659e-01,1.394447833299636841e-01,3.033047020435333252e-01,2.461772412061691284e-02,5.371660366654396057e-02,8.320029824972152710e-03,4.346623271703720093e-02,8.746467530727386475e-03,2.131167985498905182e-02,5.938170105218887329e-02,8.711330592632293701e-03,2.041802182793617249e-02,1.844105869531631470e-02,5.898034665733575821e-03,1.178964227437973022e-02,5.629603285342454910e-03,4.189890809357166290e-03,1.059024594724178314e-02,5.802193656563758850e-03,3.161012427881360054e-03,2.963211853057146072e-03,2.442523371428251266e-03,3.398848464712500572e-03,1.642485731281340122e-03,2.760557224974036217e-03,2.036167308688163757e-03,3.231158945709466934e-03,2.220914931967854500e-03,1.669799210503697395e-03,1.573025947436690331e-03,2.505476353690028191e-03,2.834720304235816002e-03,1.116084400564432144e-03,1.332155195996165276e-03,2.066857414320111275e-03,1.938901608809828758e-03,1.480528386309742928e-03,2.082524821162223816e-03,2.140742959454655647e-03,1.172924181446433067e-03,1.976185943931341171e-03,1.976620638743042946e-03,2.130501205101609230e-03,3.003399120643734932e-03,2.615258330479264259e-03,2.697436837479472160e-03,3.334598615765571594e-03,1.814702176488935947e-03,2.199490321800112724e-03
8.524237200617790222e-03,6.479362398386001587e-02,1.505507528781890869e-02,4.884168505668640137e-01,2.472775429487228394e-02,8.594198524951934814e-02,1.411056146025657654e-02,7.932969927787780762e-02,8.420246094465255737e-02,1.779456585645675659e-01,1.654386287555098534e-03,1.662395708262920380e-02,1.061208397150039673e-01,9.175424277782440186e-02,1.432653609663248062e-02,4.341223090887069702e-02,7.849209010601043701e-03,3.511297330260276794e-02,5.576230213046073914e-02,2.079509012401103973e-02,8.216335438191890717e-03,1.641634665429592133e-02,1.956478878855705261e-02,6.105184555053710938e-03,1.904300227761268616e-02,6.245125550776720047e-03,3.492583055049180984e-03,7.821988314390182495e-03,2.639677375555038452e-03,4.681786987930536270e-03,2.495401538908481598e-03,2.211185405030846596e-03,1.638232846744358540e-03,8.248188532888889313e-04,5.001465789973735809e-03,3.084967844188213348e-03,3.830437781289219856e-03,2.131767570972442627e-03,1.760749612003564835e-03,2.733961911872029305e-03,1.666573574766516685e-03,1.542357145808637142e-03,3.637006273493170738e-03,1.358078210614621639e-03,1.713491859845817089e-03,2.759684575721621513e-03,1.297422801144421101e-03,1.736942445859313011e-03,1.009204192087054253e-03,1.185840577818453312e-03,1.489499001763761044e-03,1.543620601296424866e-03,1.379553694278001785e-03,1.968816155567765236e-03,8.837108034640550613e-04,1.693837810307741165e-03,2.322265412658452988e-03,9.663638775236904621e-04,1.618904992938041687e-03
1.052701473236083984e-02,5.444410722702741623e-03,7.134947460144758224e-03,7.020921446382999420e-03,8.452313952147960663e-03,8.017923682928085327e-03,1.879307627677917480e-02,4.809027072042226791e-03,7.388519495725631714e-02,1.394447833299636841e-01,1.662395708262920380e-02,9.609343484044075012e-03,4.926360398530960083e-02,8.579180575907230377e-03,8.357539772987365723e-02,4.635325167328119278e-03,2.060865052044391632e-02,4.054653458297252655e-03,2.102968841791152954e-02,3.993584215641021729e-02,1.364858448505401611e-02,6.341459602117538452e-02,1.936083287000656128e-02,7.776667829602956772e-03,1.717894710600376129e-02,8.433787152171134949e-03,3.644949290901422501e-03,2.125997096300125122e-02,7.870255038142204285e-03,3.730254713445901871e-03,5.038209259510040283e-03,4.137035459280014038e-03,5.161919631063938141e-03,4.175074864178895950e-03,3.690485376864671707e-03,1.731435768306255341e-03,2.896654186770319939e-03,2.859576605260372162e-03,1.745914807543158531e-03,1.790333073586225510e-03,4.183996003121137619e-03,3.539256285876035690e-03,1.613059779629111290e-03,1.441881177015602589e-03,3.075542394071817398e-03,3.510719165205955505e-03,3.132191952317953110e-03,1.893642125651240349e-03,1.601891475729644299e-03,1.614107517525553703e-03,2.539169508963823318e-03,3.496225923299789429e-03,1.750346738845109940e-03,5.546205211430788040e-03,2.268572803586721420e-03,3.101312322542071342e-03,8.071076124906539917e-03,3.233361989259719849e-03,3.492966527119278908e-03
4.906797781586647034e-03,2.895127795636653900e-02,4.368879832327365875e-03,1.079405378550291061e-02,5.429927259683609009e-03,5.108918529003858566e-03,1.610674336552619934e-02,7.928938604891300201e-03,8.238439448177814484e-03,3.033047020435333252e-01,1.061208397150039673e-01,4.926360398530960083e-02,9.264391264878213406e-04,5.980645120143890381e-02,8.579338900744915009e-03,6.291525810956954956e-02,6.406611949205398560e-02,1.003139745444059372e-02,3.701615333557128906e-02,5.833381414413452148e-02,1.728892698884010315e-02,3.102695383131504059e-02,8.235664665699005127e-02,1.319964788854122162e-02,4.512789472937583923e-02,1.159228570759296417e-02,1.616325043141841888e-02,1.049766223877668381e-02,6.810469087213277817e-03,8.063013665378093719e-03,3.151136683300137520e-03,2.819937886670231819e-03,4.934631288051605225e-03,1.243046484887599945e-03,2.307954011484980583e-03,1.999293221160769463e-03,3.354584798216819763e-03,2.393043134361505508e-03,1.623521093279123306e-03,1.262824167497456074e-03,1.527318381704390049e-03,1.056782435625791550e-03,9.378027752973139286e-04,1.501617603935301304e-03,2.310033421963453293e-03,1.238627941347658634e-03,2.132518449798226357e-03,1.526859006844460964e-03,1.489746384322643280e-03,3.247773740440607071e-03,2.410063752904534340e-03,1.541075529530644417e-03,2.916224068030714989e-03,3.468901617452502251e-03,1.846584724262356758e-03,3.289127023890614510e-03,5.859841592609882355e-03,2.985937520861625671e-03,3.545414889231324196e-03
1.853104308247566223e-02,9.311156347393989563e-03,4.750140476971864700e-03,1.976887136697769165e-02,8.667398244142532349e-03,1.121632754802703857e-02,1.595247350633144379e-02,4.329546820372343063e-03,3.372095059603452682e-03,2.461772412061691284e-02,9.175424277782440186e-02,8.579180575907230377e-03,5.980645120143890381e-02,4.076617769896984100e-03,4.115244001150131226e-02,7.724812626838684082e-02,1.411372609436511993e-02,3.921972215175628662e-02,1.508872024714946747e-02,2.310300245881080627e-02,2.255467325448989868e-02,4.620447754859924316e-03,8.129436522722244263e-03,1.388241630047559738e-02,8.047018200159072876e-02,3.646527230739593506e-02,8.352890610694885254e-03,6.776205264031887054e-03,6.642355117946863174e-03,4.620370920747518539e-03,5.258093122392892838e-03,4.721465054899454117e-03,7.560135331004858017e-03,3.012512344866991043e-03,3.608456812798976898e-03,4.920220002532005310e-03,3.798174206167459488e-03,2.094598719850182533e-03,2.770751947537064552e-03,1.893586362712085247e-03,2.759926021099090576e-03,1.970915123820304871e-03,2.042181557044386864e-03,2.371195703744888306e-03,3.679618937894701958e-03,3.442905843257904053e-03,1.806032727472484112e-03,1.917060231789946556e-03,2.042574342340230942e-03,1.699921907857060432e-03,2.797198947519063950e-03,1.925599761307239532e-03,1.976357074454426765e-03,1.863973215222358704e-03,2.758780494332313538e-03,3.147159470245242119e-03,3.428106429055333138e-03,1.673439866863191128e-03,3.265351988375186920e-03
4.609519615769386292e-03,4.714378155767917633e-03,4.600641317665576935e-03,7.856246083974838257e-03,5.971852224320173264e-03,9.414079599082469940e-03,4.300102591514587402e-03,1.045926567167043686e-02,1.841575652360916138e-02,5.371660366654396057e-02,1.432653609663248062e-02,8.357539772987365723e-02,8.579338900744915009e-03,4.115244001150131226e-02,2.649479731917381287e-02,7.700203452259302139e-03,1.204536184668540955e-01,1.686451770365238190e-02,3.767431946471333504e-03,2.148384153842926025e-01,8.120206743478775024e-02,5.467844009399414062e-02,5.433131381869316101e-02,5.947645753622055054e-03,1.232894510030746460e-02,5.817934870719909668e-03,2.658716635778546333e-03,1.249524671584367752e-02,1.731881499290466309e-02,5.629392340779304504e-03,5.309892352670431137e-03,3.005272941663861275e-03,2.743019023910164833e-03,1.014738157391548157e-02,4.397967830300331116e-03,1.642028335481882095e-03,2.792454557493329048e-03,5.114518105983734131e-03,1.543420716188848019e-03,1.152970129624009132e-03,4.116490483283996582e-03,3.552034730091691017e-03,1.460357336327433586e-03,1.728823292069137096e-03,4.251059144735336304e-03,4.341472871601581573e-03,3.123810514807701111e-03,1.648209872655570507e-03,1.541435834951698780e-03,1.236699987202882767e-03,3.400943940505385399e-03,3.025893820449709892e-03,1.835311297327280045e-03,3.009005682542920113e-03,1.636016531847417355e-03,2.273380523547530174e-03,5.706978961825370789e-03,1.980998553335666656e-03,2.198347821831703186e-03
9.592258371412754059e-03,6.938519887626171112e-03,5.006448831409215927e-03,5.921088624745607376e-03,2.358981641009449959e-03,1.243381109088659286e-02,1.063274871557950974e-02,8.829764090478420258e-03,1.716506481170654297e-02,8.320029824972152710e-03,4.341223090887069702e-02,4.635325167328119278e-03,6.291525810956954956e-02,7.724812626838684082e-02,7.700203452259302139e-03,6.606951938010752201e-04,2.345771063119173050e-03,9.838091135025024414e-01,1.148829162120819092e-01,1.036699768155813217e-02,7.595166563987731934e-02,2.125238068401813507e-02,6.811617407947778702e-03,2.241692692041397095e-01,7.503946870565414429e-02,2.820026874542236328e-02,9.477683342993259430e-03,1.727248169481754303e-02,8.051351644098758698e-03,8.113112300634384155e-03,4.472072236239910126e-03,4.809193313121795654e-03,1.004849281162023544e-02,1.784454216249287128e-03,2.096911426633596420e-03,1.843937672674655914e-03,5.401107948273420334e-03,1.747364760376513004e-03,4.444968421012163162e-03,1.090446021407842636e-03,1.623538904823362827e-03,9.973599808290600777e-04,2.179170725867152214e-03,1.432017656043171883e-03,4.887536633759737015e-03,3.082151990383863449e-03,1.352002611383795738e-03,1.882022945210337639e-03,1.540743047371506691e-03,1.712596509605646133e-03,1.292184693738818169e-03,1.437716186046600342e-03,1.097174128517508507e-03,1.516948686912655830e-03,1.321775489486753941e-03,4.980851896107196808e-03,2.631218405440449715e-03,1.309419749304652214e-03,3.096599830314517021e-03
3.164823399856686592e-03,2.612094627693295479e-03,2.870392519980669022e-03,4.626186098903417587e-03,2.971137175336480141e-03,8.146679960191249847e-03,4.361808765679597855e-03,3.136933315545320511e-03,7.140681892633438110e-02,4.346623271703720093e-02,7.849209010601043701e-03,2.060865052044391632e-02,6.406611949205398560e-02,1.411372609436511993e-02,1.204536184668540955e-01,2.345771063119173050e-03,4.146919026970863342e-02,8.827531710267066956e-03,4.595090448856353760e-02,2.291912734508514404e-01,4.180825129151344299e-02,2.639901041984558105e-01,1.806280948221683502e-02,9.381433948874473572e-03,2.060346491634845734e-02,6.069598253816366196e-03,8.232044056057929993e-03,7.978210225701332092e-03,3.684060648083686829e-02,5.962006747722625732e-03,2.983367769047617912e-03,2.417603041976690292e-03,3.630126826465129852e-03,5.219281185418367386e-03,3.206493798643350601e-03,1.903378870338201523e-03,2.360337646678090096e-03,5.459891166538000107e-03,1.657907268963754177e-03,1.037825946696102619e-03,3.961974754929542542e-03,3.180892672389745712e-03,1.195841818116605282e-03,1.495667384006083012e-03,3.525669220834970474e-03,3.462827531620860100e-03,3.876355476677417755e-03,2.392379567027091980e-03,2.426349557936191559e-03,1.209730282425880432e-03,3.135235281661152840e-03,3.150089876726269722e-03,1.790354377590119839e-03,4.173437599092721939e-03,1.887315185740590096e-03,2.034673700109124184e-03,8.547304198145866394e-03,2.937813522294163704e-03,3.473611082881689072e-03
7.633698172867298126e-03,8.944419212639331818e-03,1.147352252155542374e-02,9.352426044642925262e-03,1.178544387221336365e-02,4.868300631642341614e-02,1.636915467679500580e-02,8.254256099462509155e-03,1.293626427650451660e-02,8.746467530727386475e-03,3.511297330260276794e-02,4.054653458297252655e-03,1.003139745444059372e-02,3.921972215175628662e-02,1.686451770365238190e-02,9.838091135025024414e-01,8.827531710267066956e-03,1.464162953197956085e-03,1.373843699693679810e-01,1.800052821636199951e-02,3.405195847153663635e-02,1.120485831052064896e-02,4.659665748476982117e-03,1.310872938483953476e-02,4.699032381176948547e-02,7.955993525683879852e-03,1.274207420647144318e-02,1.133185531944036484e-02,6.993244402110576630e-03,5.516159813851118088e-03,2.554604550823569298e-03,1.944052753970026970e-03,3.883116878569126129e-03,1.588063314557075500e-03,3.270151093602180481e-03,2.416267991065979004e-03,2.370078116655349731e-03,2.860176376998424530e-03,1.852856483310461044e-03,1.177775906398892403e-03,1.898472779430449009e-03,1.873914268799126148e-03,1.590772997587919235e-03,2.383147366344928741e-03,3.718887921422719955e-03,3.455153200775384903e-03,2.538395579904317856e-03,2.232564380392432213e-03,1.252527697943150997e-03,2.349395072087645531e-03,3.032247070223093033e-03,2.010172931477427483e-03,2.273279009386897087e-03,2.184108365327119827e-03,3.503381973132491112e-03,3.854338312521576881e-03,3.585048485547304153e-03,1.568424748256802559e-03,2.902736887335777283e-03
3.506394568830728531e-03,3.123131813481450081e-03,4.509542137384414673e-03,3.136197105050086975e-02,3.432851983234286308e-03,1.872221566736698151e-02,6.650197319686412811e-03,4.791441373527050018e-03,1.874032616615295410e-02,2.131167985498905182e-02,5.576230213046073914e-02,2.102968841791152954e-02,3.701615333557128906e-02,1.508872024714946747e-02,3.767431946471333504e-03,1.148829162120819092e-01,4.595090448856353760e-02,1.373843699693679810e-01,1.837389892898499966e-03,2.592202462255954742e-02,6.341358423233032227e-01,1.900369673967361450e-02,6.133244372904300690e-03,1.619521761313080788e-03,9.900877252221107483e-03,4.833654034882783890e-03,1.793431863188743591e-02,9.194341488182544708e-03,1.048742327839136124e-02,1.828743703663349152e-02,2.781808376312255859e-03,5.391635466367006302e-03,8.989238180220127106e-03,5.330220796167850494e-03,2.738504204899072647e-03,2.265953691676259041e-03,2.828282304108142853e-03,5.852820817381143570e-03,3.177172504365444183e-03,2.113622613251209259e-03,3.942400217056274414e-03,2.343399915844202042e-03,2.343370812013745308e-03,5.699142348021268845e-03,5.834797397255897522e-03,4.210592713207006454e-03,2.166435122489929199e-03,2.971889916807413101e-03,2.053931355476379395e-03,1.839252654463052750e-03,3.491545794531702995e-03,1.930426224134862423e-03,1.401532907038927078e-03,2.203179057687520981e-03,1.546076498925685883e-03,1.532950671389698982e-03,2.606587018817663193e-03,9.028401109389960766e-04,1.528740627691149712e-03
3.308402840048074722e-03,1.814567483961582184e-03,2.361963968724012375e-03,3.524377709254622459e-03,2.056661993265151978e-03,7.775082718580961227e-03,3.759829793125391006e-03,3.669031662866473198e-03,1.181758567690849304e-02,5.938170105218887329e-02,2.079509012401103973e-02,3.993584215641021729e-02,5.833381414413452148e-02,2.310300245881080627e-02,2.148384153842926025e-01,1.036699768155813217e-02,2.291912734508514404e-01,1.800052821636199951e-02,2.592202462255954742e-02,7.135701365768909454e-03,6.694873422384262085e-02,8.753252774477005005e-02,2.730906195938587189e-02,1.630856655538082123e-02,1.628953777253627777e-02,4.908791277557611465e-03,1.145477127283811569e-02,1.272958610206842422e-02,5.098471790552139282e-02,1.141114439815282822e-02,3.937489818781614304e-03,2.262454945594072342e-03,6.492057815194129944e-03,4.361446015536785126e-03,3.695315215736627579e-03,1.743913162499666214e-03,1.961428904905915260e-03,5.917110014706850052e-03,1.666713971644639969e-03,9.448823984712362289e-04,2.412922214716672897e-03,3.414240200072526932e-03,1.532609807327389717e-03,9.326458093710243702e-04,4.524703603237867355e-03,2.724865917116403580e-03,4.383322782814502716e-03,3.108263714239001274e-03,2.023095730692148209e-03,1.334290951490402222e-03,2.543144626542925835e-03,3.603043267503380775e-03,1.409488380886614323e-03,4.955624230206012726e-03,1.624509925022721291e-03,1.953348051756620407e-03,6.289446260780096054e-03,2.114788396283984184e-03,2.033365191891789436e-03
2.344874199479818344e-03,1.952375052496790886e-03,2.610948169603943825e-03,3.081589238718152046e-03,1.414164667949080467e-03,5.364888813346624374e-03,5.627579987049102783e-03,6.767192855477333069e-03,2.457666024565696716e-02,8.711330592632293701e-03,8.216335438191890717e-03,1.364858448505401611e-02,1.728892698884010315e-02,2.255467325448989868e-02,8.120206743478775024e-02,7.595166563987731934e-02,4.180825129151344299e-02,3.405195847153663635e-02,6.341358423233032227e-01,6.694873422384262085e-02,9.805931709706783295e-03,1.528440043330192566e-02,2.915863879024982452e-02,6.606170441955327988e-03,4.301774781197309494e-03,9.740707464516162872e-04,1.611009053885936737e-02,1.622626185417175293e-02,5.324550718069076538e-02,1.385795138776302338e-02,5.786020308732986450e-03,6.317088380455970764e-03,5.889482330530881882e-03,5.508090369403362274e-03,4.859561566263437271e-03,1.473662909120321274e-03,2.374451141804456711e-03,1.294339634478092194e-02,2.826457843184471130e-03,1.954933628439903259e-03,1.290736161172389984e-02,8.443729951977729797e-03,2.081020036712288857e-03,1.031107152812182903e-03,4.331146366894245148e-03,2.605879446491599083e-03,4.018384497612714767e-03,2.307398710399866104e-03,3.166331211104989052e-03,1.294603571295738220e-03,6.435714662075042725e-03,2.861314686015248299e-03,1.707500894553959370e-03,2.205442404374480247e-03,1.264012535102665424e-03,1.787436311133205891e-03,2.788778860121965408e-03,1.413116580806672573e-03,1.757351099513471127e-03
3.164139343425631523e-03,2.725167665630578995e-03,2.808618126437067986e-03,2.778722904622554779e-03,2.848470816388726234e-03,8.491929620504379272e-03,4.004602320492267609e-03,3.709395183250308037e-03,2.480644546449184418e-02,2.041802182793617249e-02,1.641634665429592133e-02,6.341459602117538452e-02,3.102695383131504059e-02,4.620447754859924316e-03,5.467844009399414062e-02,2.125238068401813507e-02,2.639901041984558105e-01,1.120485831052064896e-02,1.900369673967361450e-02,8.753252774477005005e-02,1.528440043330192566e-02,1.172660570591688156e-02,8.600717037916183472e-02,1.116785872727632523e-02,1.263417117297649384e-02,1.618344709277153015e-02,1.448078453540802002e-02,1.233032196760177612e-01,1.082995310425758362e-01,1.705753803253173828e-02,5.445466842502355576e-03,4.618018399924039841e-03,2.500835992395877838e-02,5.232813768088817596e-03,3.961713053286075592e-03,1.754469936713576317e-03,1.798878540284931660e-03,4.318137187510728836e-03,1.663872739300131798e-03,1.353658852167427540e-03,3.368595615029335022e-03,3.921553026884794235e-03,9.485468035563826561e-04,1.401538378559052944e-03,3.646802855655550957e-03,3.366015851497650146e-03,1.961740897968411446e-03,1.835894887335598469e-03,1.723904279060661793e-03,1.036420348100364208e-03,1.596276182681322098e-03,2.930663991719484329e-03,1.367473509162664413e-03,3.046102821826934814e-03,1.275880145840346813e-03,1.356762251816689968e-03,4.177151247859001160e-03,1.468905014917254448e-03,1.592245884239673615e-03
1.756376703269779682e-03,2.019332954660058022e-03,1.472205622121691704e-03,2.129809930920600891e-03,1.793354866094887257e-03,9.884973056614398956e-03,3.085689386352896690e-03,5.368360318243503571e-03,1.486615650355815887e-02,1.844105869531631470e-02,1.956478878855705261e-02,1.936083287000656128e-02,8.235664665699005127e-02,8.129436522722244263e-03,5.433131381869316101e-02,6.811617407947778702e-03,1.806280948221683502e-02,4.659665748476982117e-03,6.133244372904300690e-03,2.730906195938587189e-02,2.915863879024982452e-02,8.600717037916183472e-02,4.490507300943136215e-03,5.797390360385179520e-03,2.664519660174846649e-02,2.089910442009568214e-03,3.145469352602958679e-02,3.135406672954559326e-01,8.809684216976165771e-02,2.123653143644332886e-02,4.859787970781326294e-02,1.138878893107175827e-02,2.453930675983428955e-02,1.574783027172088623e-02,9.307361207902431488e-03,2.877005841583013535e-03,3.741394495591521263e-03,1.170889567583799362e-02,4.224153701215982437e-03,1.495269360020756721e-03,4.708032589405775070e-03,7.572839036583900452e-03,1.937725464813411236e-03,2.053146483376622200e-03,2.928409026935696602e-03,3.682436188682913780e-03,2.775364555418491364e-03,2.405427396297454834e-03,1.733750686980783939e-03,1.301628537476062775e-03,2.013282151892781258e-03,2.425330691039562225e-03,1.276475260965526104e-03,1.621150760911405087e-03,1.062009367160499096e-03,2.010700758546590805e-03,2.658025128766894341e-03,8.968214388005435467e-04,1.574414432980120182e-03
4.408014006912708282e-03,3.629055805504322052e-03,2.456438727676868439e-03,3.956835251301527023e-03,2.571203047409653664e-03,8.568665944039821625e-03,4.019212909042835236e-03,3.645366989076137543e-03,2.864877227693796158e-03,5.898034665733575821e-03,6.105184555053710938e-03,7.776667829602956772e-03,1.319964788854122162e-02,1.388241630047559738e-02,5.947645753622055054e-03,2.241692692041397095e-01,9.381433948874473572e-03,1.310872938483953476e-02,1.619521761313080788e-03,1.630856655538082123e-02,6.606170441955327988e-03,1.116785872727632523e-02,5.797390360385179520e-03,3.783934749662876129e-03,2.270412631332874298e-02,2.074538916349411011e-01,9.900404810905456543e-01,8.855448663234710693e-02,1.893659681081771851e-02,1.511258352547883987e-02,1.019188202917575836e-02,9.941528551280498505e-03,4.809643328189849854e-02,5.053635686635971069e-03,3.940432798117399216e-03,5.070530809462070465e-03,2.771967090666294098e-03,2.942749764770269394e-03,1.424689311534166336e-03,1.741993357427418232e-03,1.659408328123390675e-03,1.990589546039700508e-03,3.372561419382691383e-03,2.390505978837609291e-03,6.800629664212465286e-03,3.678063396364450455e-03,1.873389934189617634e-03,2.782839117571711540e-03,2.455091802403330803e-03,3.267696127295494080e-03,1.948363380506634712e-03,1.695323036983609200e-03,1.932336366735398769e-03,3.138622967526316643e-03,2.154475776478648186e-03,3.375896718353033066e-03,3.674839157611131668e-03,1.304187346249818802e-03,2.508501522243022919e-03
4.311006516218185425e-03,4.632674623280763626e-03,4.974406678229570389e-03,2.329870592802762985e-03,5.168591625988483429e-03,1.163531281054019928e-02,1.044192723929882050e-02,3.289452288299798965e-03,5.993883591145277023e-03,1.178964227437973022e-02,1.904300227761268616e-02,1.717894710600376129e-02,4.512789472937583923e-02,8.047018200159072876e-02,1.232894510030746460e-02,7.503946870565414429e-02,2.060346491634845734e-02,4.699032381176948547e-02,9.900877252221107483e-03,1.628953777253627777e-02,4.301774781197309494e-03,1.263417117297649384e-02,2.664519660174846649e-02,2.270412631332874298e-02,1.865262514911592007e-03,3.483619168400764465e-02,7.331318408250808716e-02,1.341996192932128906e-01,9.820110164582729340e-03,5.218911543488502502e-02,6.497574038803577423e-03,5.741763394325971603e-03,9.585385210812091827e-03,4.720846656709909439e-03,6.271652877330780029e-03,3.039568662643432617e-03,3.284393809735774994e-03,2.917957725003361702e-03,2.429480431601405144e-03,1.775458222255110741e-03,2.197436057031154633e-03,1.536130905151367188e-03,1.507435692474246025e-03,1.729095703922212124e-03,3.039190080016851425e-03,2.538407687097787857e-03,2.063283463940024376e-03,2.250400371849536896e-03,1.789399306289851665e-03,2.745385980233550072e-03,2.797595458105206490e-03,1.822832506150007248e-03,1.944927149452269077e-03,4.224727395921945572e-03,2.467832760885357857e-03,3.322156146168708801e-03,1.476948265917599201e-03,2.059055259451270103e-03,2.316575031727552414e-03
1.037588063627481461e-02,7.828285917639732361e-03,8.103264495730400085e-03,4.391033668071031570e-03,4.285724833607673645e-03,8.943198248744010925e-03,9.227561764419078827e-03,5.854771006852388382e-03,3.344985423609614372e-03,5.629603285342454910e-03,6.245125550776720047e-03,8.433787152171134949e-03,1.159228570759296417e-02,3.646527230739593506e-02,5.817934870719909668e-03,2.820026874542236328e-02,6.069598253816366196e-03,7.955993525683879852e-03,4.833654034882783890e-03,4.908791277557611465e-03,9.740707464516162872e-04,1.618344709277153015e-02,2.089910442009568214e-03,2.074538916349411011e-01,3.483619168400764465e-02,1.600084244273602962e-03,8.777835220098495483e-02,3.761563450098037720e-02,5.489172413945198059e-03,9.489827603101730347e-02,1.693304162472486496e-03,1.099399197846651077e-02,9.256123751401901245e-02,3.546007908880710602e-03,4.850155673921108246e-03,1.052531693130731583e-02,5.766725167632102966e-03,3.197885118424892426e-03,4.179599694907665253e-03,5.980083718895912170e-03,1.761338789947330952e-03,1.634926418773829937e-03,3.456705249845981598e-03,5.145805422216653824e-03,2.090783789753913879e-03,3.164414549246430397e-03,1.690167468041181564e-03,7.114675361663103104e-03,4.375092219561338425e-03,1.007656008005142212e-02,3.404009854421019554e-03,1.989553449675440788e-03,2.639759099110960960e-03,3.802040824666619301e-03,3.280881792306900024e-03,4.034974146634340286e-03,5.440371576696634293e-03,1.618857146240770817e-03,4.735463298857212067e-03
3.628454171121120453e-03,4.821841605007648468e-03,2.593178767710924149e-03,2.096456475555896759e-03,3.728153416886925697e-03,2.700681565329432487e-03,2.219194313511252403e-03,1.995024969801306725e-03,1.834236318245530128e-03,4.189890809357166290e-03,3.492583055049180984e-03,3.644949290901422501e-03,1.616325043141841888e-02,8.352890610694885254e-03,2.658716635778546333e-03,9.477683342993259430e-03,8.232044056057929993e-03,1.274207420647144318e-02,1.793431863188743591e-02,1.145477127283811569e-02,1.611009053885936737e-02,1.448078453540802002e-02,3.145469352602958679e-02,9.900404810905456543e-01,7.331318408250808716e-02,8.777835220098495483e-02,5.134308594278991222e-04,8.764263987541198730e-02,9.609697386622428894e-03,1.439674794673919678e-01,3.914033528417348862e-03,7.139506936073303223e-02,4.126925468444824219e-01,7.107339333742856979e-03,5.348129197955131531e-03,6.034560035914182663e-03,4.122317768633365631e-03,3.280370263382792473e-03,2.058215672150254250e-03,3.105348441749811172e-03,3.396013751626014709e-03,1.397634972818195820e-03,2.571839140728116035e-03,3.259690478444099426e-03,2.351989503949880600e-03,2.973811933770775795e-03,1.603057025931775570e-03,3.776254598051309586e-03,2.836165716871619225e-03,1.561994664371013641e-03,3.025262383744120598e-03,1.609402475878596306e-03,1.587151084095239639e-03,2.494738204404711723e-03,2.013004384934902191e-03,4.340689629316329956e-03,1.808353350497782230e-03,1.189006958156824112e-03,3.776690689846873283e-03
