2.512137405574321747e-03,2.240185588598251343e-01,7.626129388809204102e-01,6.622634828090667725e-02,4.487967491149902344e-01,1.734043098986148834e-02,1.941829547286033630e-02,1.091637462377548218e-01,2.178965695202350616e-02,8.475824259221553802e-03,6.283714901655912399e-03,4.517392255365848541e-03,5.145876202732324600e-03,9.965385310351848602e-03,3.712183795869350433e-03,1.561824139207601547e-02,3.979528322815895081e-03,8.205012418329715729e-03,4.297673702239990234e-03,3.387012053281068802e-03,2.510895021259784698e-03,2.467011101543903351e-03,1.273535192012786865e-03,3.224022453650832176e-03,2.042004838585853577e-03,5.806547123938798904e-03,4.171347711235284805e-03,5.015383474528789520e-03,1.876146183349192142e-03,4.144844133406877518e-03,3.607517341151833534e-03,3.803999396041035652e-03,2.396995434537529945e-03,1.914935419335961342e-03,3.699502907693386078e-03,6.973959039896726608e-03,4.624499939382076263e-03,2.921304432675242424e-03,2.404997125267982483e-03,6.607929710298776627e-03,3.176961094141006470e-03,1.536841271445155144e-03,5.198503844439983368e-03,6.315439008176326752e-03,3.458391176536679268e-03,4.357896279543638229e-03,1.682545989751815796e-03,3.940754570066928864e-03,4.663511179387569427e-03,7.298527285456657410e-03,7.657757494598627090e-03,3.299065167084336281e-03,4.523372277617454529e-03,6.307962350547313690e-03,4.825414624065160751e-03,8.738632313907146454e-03,3.106963820755481720e-03,2.416519913822412491e-03,6.471379660069942474e-03
2.240185588598251343e-01,1.946409046649932861e-02,1.401358246803283691e-01,1.772998422384262085e-01,4.139913916587829590e-01,5.116524640470743179e-03,3.157775104045867920e-02,1.065862476825714111e-01,1.869812980294227600e-02,1.264323387295007706e-02,1.952372118830680847e-02,3.776660189032554626e-03,1.029816176742315292e-02,1.536636613309383392e-02,2.750517567619681358e-03,7.745339069515466690e-03,3.303941804915666580e-03,1.618426851928234100e-02,3.364690113812685013e-03,1.550858141854405403e-03,3.016120521351695061e-03,2.284358954057097435e-03,3.650638973340392113e-03,2.206078497692942619e-03,5.405554082244634628e-03,3.841494210064411163e-03,6.146801635622978210e-03,4.861473571509122849e-03,1.809844747185707092e-03,4.214605316519737244e-03,3.991444129496812820e-03,3.581825410947203636e-03,5.444632843136787415e-03,1.945034484378993511e-03,4.801428876817226410e-03,6.747785024344921112e-03,6.028042640537023544e-03,1.985391834750771523e-03,4.800797905772924423e-03,7.084745448082685471e-03,3.097938140854239464e-03,1.516274292953312397e-03,5.570415873080492020e-03,7.492613047361373901e-03,3.834484843537211418e-03,3.760496154427528381e-03,1.582903438247740269e-03,3.171181306242942810e-03,3.284443635493516922e-03,4.253237508237361908e-03,2.476681722328066826e-03,2.564388327300548553e-03,3.387263044714927673e-03,3.953305538743734360e-03,3.055632580071687698e-03,9.540235623717308044e-03,3.115372499451041222e-03,2.396900672465562820e-03,6.452750414609909058e-03
7.626129388809204102e-01,1.401358246803283691e-01,6.211582571268081665e-03,1.060403957962989807e-01,5.573436617851257324e-01,1.092230007052421570e-01,5.933517590165138245e-02,1.729667633771896362e-01,2.670777030289173126e-02,3.860714612528681755e-03,1.803092658519744873e-02,1.996406819671392441e-03,1.023340597748756409e-02,9.162658825516700745e-03,4.586168564856052399e-03,8.176474831998348236e-03,2.966930624097585678e-03,8.489540778100490570e-03,4.712993744760751724e-03,2.924030879512429237e-03,2.823992865160107613e-03,2.894327277317643166e-03,1.765900640748441219e-03,2.826499519869685173e-03,2.740071387961506844e-03,4.907079506665468216e-03,3.355458611622452736e-03,2.712612273171544075e-03,1.798287732526659966e-03,2.289093565195798874e-03,1.682997797615826130e-03,3.189492039382457733e-03,2.314276061952114105e-03,1.770881237462162971e-03,1.837961841374635696e-03,4.959161859005689621e-03,6.969030015170574188e-03,2.261088462546467781e-03,2.193193184211850166e-03,2.714994363486766815e-03,2.673529786989092827e-03,1.600706716999411583e-03,2.931398339569568634e-03,7.870888337492942810e-03,3.553731366991996765e-03,3.808045061305165291e-03,1.813848037272691727e-03,2.774925436824560165e-03,8.778084069490432739e-03,3.063165117055177689e-03,4.901950713247060776e-03,2.347239060327410698e-03,3.903067437931895256e-03,5.529757589101791382e-03,9.810863994061946869e-03,7.416997104883193970e-03,5.106054712086915970e-03,2.609116258099675179e-03,9.835798293352127075e-03
6.622634828090667725e-02,1.772998422384262085e-01,1.060403957962989807e-01,5.342309921979904175e-02,8.652387261390686035e-01,3.336285054683685303e-02,4.768886137753725052e-03,9.787324070930480957e-01,8.791728019714355469e-01,6.171243265271186829e-03,6.335937976837158203e-02,7.071709726005792618e-03,9.420809336006641388e-03,1.711788401007652283e-02,1.207485329359769821e-02,3.975946456193923950e-03,3.534029936417937279e-03,1.057344209402799606e-02,7.836100645363330841e-03,4.222383257001638412e-03,3.544688690453767776e-03,2.434520982205867767e-03,2.707139123231172562e-03,3.668397432193160057e-03,4.268773365765810013e-03,2.347222296521067619e-03,1.647502300329506397e-03,3.840359626337885857e-03,2.114119473844766617e-03,2.455901354551315308e-03,1.414182130247354507e-03,1.244951738044619560e-03,2.135924296453595161e-03,1.408759038895368576e-03,3.700278000906109810e-03,1.840970013290643692e-03,1.350491656921803951e-03,3.708316711708903313e-03,1.518781413324177265e-03,1.785536645911633968e-03,1.538074575364589691e-03,2.875352511182427406e-03,1.880629570223391056e-03,1.779108657501637936e-03,4.095309879630804062e-03,2.731800777837634087e-03,1.652368926443159580e-03,1.379669294692575932e-03,1.222096616402268410e-03,1.631685649044811726e-03,4.311872180551290512e-03,2.763639902696013451e-03,3.258827840909361839e-03,3.629995742812752724e-03,2.397556556388735771e-03,3.188467351719737053e-03,5.501248873770236969e-03,2.683812519535422325e-03,3.727381117641925812e-03
4.487967491149902344e-01,4.139913916587829590e-01,5.573436617851257324e-01,8.652387261390686035e-01,8.607967756688594818e-03,4.861425235867500305e-02,9.893536567687988281e-01,9.286080002784729004e-01,1.742913573980331421e-02,4.817521199584007263e-03,3.747715428471565247e-02,1.924460055306553841e-03,6.155961193144321442e-03,1.089753676205873489e-02,4.119231831282377243e-03,4.036008846014738083e-03,2.547862706705927849e-03,4.487138707190752029e-03,5.730844568461179733e-03,3.004712983965873718e-03,1.303156837821006775e-03,1.872109016403555870e-03,2.714704023674130440e-03,3.202107269316911697e-03,2.719329670071601868e-03,2.467652084305882454e-03,1.964494120329618454e-03,2.889295341446995735e-03,1.520199351944029331e-03,1.580476528033614159e-03,1.056121778674423695e-03,1.528715947642922401e-03,1.732803531922399998e-03,2.011975739151239395e-03,3.579752985388040543e-03,2.927355235442519188e-03,1.898109330795705318e-03,1.495360513217747211e-03,1.783944782800972462e-03,2.503633499145507812e-03,1.583383418619632721e-03,9.141719783656299114e-04,3.366374177858233452e-03,1.728973118588328362e-03,1.603480079211294651e-03,2.511831233277916908e-03,1.157225575298070908e-03,1.631961436942219734e-03,2.012160606682300568e-03,3.174749668687582016e-03,4.133769776672124863e-03,2.751726657152175903e-03,5.827734246850013733e-03,4.107619170099496841e-03,4.080736078321933746e-03,4.435906186699867249e-03,3.198362421244382858e-03,2.878285013139247894e-03,6.951868534088134766e-03
1.734043098986148834e-02,5.116524640470743179e-03,1.092230007052421570e-01,3.336285054683685303e-02,4.861425235867500305e-02,1.456682011485099792e-02,5.044355988502502441e-02,6.365405023097991943e-02,3.872658014297485352e-01,1.452535670250654221e-02,5.196500197052955627e-02,1.248215604573488235e-02,5.579795688390731812e-03,1.602869667112827301e-02,1.947486400604248047e-02,5.979760549962520599e-03,9.097352623939514160e-03,1.507110707461833954e-02,8.211432956159114838e-03,7.561984471976757050e-03,4.072131123393774033e-03,6.580691318958997726e-03,4.069544374942779541e-03,4.443582147359848022e-03,3.676136489957571030e-03,6.389541085809469223e-03,2.592793898656964302e-03,3.438445506617426872e-03,2.675115596503019333e-03,2.116053830832242966e-03,2.100455574691295624e-03,2.033777302131056786e-03,1.871524844318628311e-03,1.721870270557701588e-03,5.250967107713222504e-03,2.432305598631501198e-03,4.303838126361370087e-03,3.177914069965481758e-03,3.527552587911486626e-03,2.018345287069678307e-03,3.561535850167274475e-03,2.754157409071922302e-03,2.290079370141029358e-03,3.851067740470170975e-03,2.653104951605200768e-03,3.403713693842291832e-03,3.264422528445720673e-03,2.473277272656559944e-03,4.481860902160406113e-03,4.509221296757459641e-03,4.527163691818714142e-03,4.478581715375185013e-03,3.456444246694445610e-03,5.389316938817501068e-03,2.091967035084962845e-03,5.470545962452888489e-03,6.303749047219753265e-03,3.142195288091897964e-03,9.376950562000274658e-03
1.941829547286033630e-02,3.157775104045867920e-02,5.933517590165138245e-02,4.768886137753725052e-03,9.893536567687988281e-01,5.044355988502502441e-02,5.306574050337076187e-03,3.357051908969879150e-01,5.502089485526084900e-02,5.210015922784805298e-02,3.960201516747474670e-02,2.338577806949615479e-02,1.127206068485975266e-02,5.666424985975027084e-03,2.890788950026035309e-03,8.458702825009822845e-03,5.049961619079113007e-03,4.578379914164543152e-03,4.979679826647043228e-03,2.661717589944601059e-03,5.049717612564563751e-03,2.614281838759779930e-03,2.140709431841969490e-03,4.248924553394317627e-03,9.262472391128540039e-03,1.302662026137113571e-02,1.983364345505833626e-03,5.008401814848184586e-03,1.721245818771421909e-03,3.623821539804339409e-03,4.740333184599876404e-03,2.232752507552504539e-03,4.125319886952638626e-03,1.145757269114255905e-03,3.985378425568342209e-03,3.488650312647223473e-03,4.345896188169717789e-03,1.440214458853006363e-03,6.789002567529678345e-03,5.344003438949584961e-03,2.200777875259518623e-03,1.637414330616593361e-03,3.562996629625558853e-03,4.677289631217718124e-03,2.190369181334972382e-03,2.754486165940761566e-03,1.350108534097671509e-03,2.011234872043132782e-03,5.391602870076894760e-03,1.306290156207978725e-03,3.493791446089744568e-03,2.654765965417027473e-03,2.301254076883196831e-03,3.518386045470833778e-03,4.096820950508117676e-03,3.612251020967960358e-03,3.023952478542923927e-03,4.103846382349729538e-03,1.174872461706399918e-02
1.091637462377548218e-01,1.065862476825714111e-01,1.729667633771896362e-01,9.787324070930480957e-01,9.286080002784729004e-01,6.365405023097991943e-02,3.357051908969879150e-01,1.485241856426000595e-02,2.754648774862289429e-02,1.139421202242374420e-02,3.929271176457405090e-02,2.492121886461973190e-03,1.931613683700561523e-02,7.868940941989421844e-03,3.240423742681741714e-03,4.661519546061754227e-03,4.071522038429975510e-03,4.475826863199472427e-03,1.349127152934670448e-03,3.330959007143974304e-03,5.835311487317085266e-03,3.103965660557150841e-03,3.672582563012838364e-03,4.503236152231693268e-03,4.366646520793437958e-03,4.937917459756135941e-03,3.866517450660467148e-03,5.151833407580852509e-03,2.300682710483670235e-03,2.458321629092097282e-03,1.428897376172244549e-03,2.387223998084664345e-03,2.195426495745778084e-03,2.404587808996438980e-03,4.673319868743419647e-03,3.113209735602140427e-03,3.928059246391057968e-03,2.669292967766523361e-03,1.808609114959836006e-03,2.556787570938467979e-03,1.972099300473928452e-03,1.673004939220845699e-03,1.117587788030505180e-03,3.418999258428812027e-03,3.057409776374697685e-03,2.945931628346443176e-03,2.168470760807394981e-03,1.866027130745351315e-03,2.032637596130371094e-03,1.921883551403880119e-03,2.527336357161402702e-03,1.867383834905922413e-03,2.880375599488615990e-03,3.741979366168379784e-03,2.094228053465485573e-03,3.984619863331317902e-03,2.375452080741524696e-03,1.635859138332307339e-03,3.979116212576627731e-03
2.178965695202350616e-02,1.869812980294227600e-02,2.670777030289173126e-02,8.791728019714355469e-01,1.742913573980331421e-02,3.872658014297485352e-01,5.502089485526084900e-02,2.754648774862289429e-02,5.136925354599952698e-02,1.163186412304639816e-02,2.477377951145172119e-01,1.366694364696741104e-02,5.263063590973615646e-03,5.035979673266410828e-03,6.564211100339889526e-02,1.158054359257221222e-02,3.628687933087348938e-02,8.080010302364826202e-03,6.545636802911758423e-03,1.211745291948318481e-02,1.706522144377231598e-02,1.212903391569852829e-02,9.149101562798023224e-03,2.529864432290196419e-03,3.771496703848242760e-03,2.228311263024806976e-03,1.856936141848564148e-03,6.351314019411802292e-03,7.632542401552200317e-03,1.392587553709745407e-03,1.598967239260673523e-03,1.914529129862785339e-03,1.856730319559574127e-03,2.693440066650509834e-03,2.635873854160308838e-03,1.374043989926576614e-03,2.289389725774526596e-03,6.155339535325765610e-03,2.526199445128440857e-03,1.481355517171323299e-03,3.104012692347168922e-03,3.346817335113883018e-03,1.118973712436854839e-03,1.694495091214776039e-03,4.050248302519321442e-03,3.080769209191203117e-03,2.895406680181622505e-03,1.412852085195481777e-03,1.718564657494425774e-03,1.497472287155687809e-03,3.000487573444843292e-03,5.493743345141410828e-03,1.348334015347063541e-03,2.601443789899349213e-03,1.042072195559740067e-03,1.772388117387890816e-03,8.393301628530025482e-03,3.475914243608713150e-03,2.232223516330122948e-03
8.475824259221553802e-03,1.264323387295007706e-02,3.860714612528681755e-03,6.171243265271186829e-03,4.817521199584007263e-03,1.452535670250654221e-02,5.210015922784805298e-02,1.139421202242374420e-02,1.163186412304639816e-02,5.983222275972366333e-02,3.821773529052734375e-01,2.075565755367279053e-01,9.350670874118804932e-02,3.001064807176589966e-02,5.325474962592124939e-02,2.221794240176677704e-02,5.950058624148368835e-02,5.573642440140247345e-03,6.378823891282081604e-03,2.609647251665592194e-02,6.451800465583801270e-03,1.044729351997375488e-02,1.760610379278659821e-02,4.834133666008710861e-03,6.234510801732540131e-03,6.069249473512172699e-03,2.875281265005469322e-03,4.113930277526378632e-03,4.266054369509220123e-03,3.108723089098930359e-03,4.243466537445783615e-03,3.504865337163209915e-03,2.939097583293914795e-03,2.595172496512532234e-03,2.068877452984452248e-03,2.245076932013034821e-03,3.111138707026839256e-03,3.802871797233819962e-03,1.890356303192675114e-03,2.686787862330675125e-03,2.280862070620059967e-03,2.915403340011835098e-03,1.058505382388830185e-03,2.077563898637890816e-03,4.034288227558135986e-03,2.570819109678268433e-03,2.520450623705983162e-03,1.996519975364208221e-03,2.994781360030174255e-03,1.791944378055632114e-03,2.579113934189081192e-03,2.548477379605174065e-03,2.723990241065621376e-03,3.644111566245555878e-03,3.338460111990571022e-03,1.987177412956953049e-03,5.675682798027992249e-03,2.584134461358189583e-03,6.502214819192886353e-03
6.283714901655912399e-03,1.952372118830680847e-02,1.803092658519744873e-02,6.335937976837158203e-02,3.747715428471565247e-02,5.196500197052955627e-02,3.960201516747474670e-02,3.929271176457405090e-02,2.477377951145172119e-01,3.821773529052734375e-01,1.143733970820903778e-03,1.795484684407711029e-02,3.865081071853637695e-01,1.548945903778076172e-01,1.357061043381690979e-02,6.964537780731916428e-03,6.709797307848930359e-03,1.309156045317649841e-02,4.007245227694511414e-02,6.743632256984710693e-03,8.557950146496295929e-03,3.283844562247395515e-03,2.066663280129432678e-02,3.466685302555561066e-03,1.086459867656230927e-02,6.259082816541194916e-03,5.434489808976650238e-03,3.796047763898968697e-03,3.629368031397461891e-03,2.285582944750785828e-03,1.931598992086946964e-03,1.674582716077566147e-03,2.429705811664462090e-03,7.871155976317822933e-04,3.820445621386170387e-03,2.528980141505599022e-03,2.831127727404236794e-03,3.326598787680268288e-03,1.731710974127054214e-03,2.775633707642555237e-03,3.108958248049020767e-03,2.216475084424018860e-03,1.150676980614662170e-03,1.633160631172358990e-03,2.579902764409780502e-03,3.007531166076660156e-03,2.692456590011715889e-03,2.837534761056303978e-03,2.621213905513286591e-03,3.026581602171063423e-03,3.231819486245512962e-03,2.166131045669317245e-03,1.980660948902368546e-03,2.975271781906485558e-03,1.677393331192433834e-03,2.267795847728848457e-03,2.601849846541881561e-03,2.340997569262981415e-03,2.645854605361819267e-03
4.517392255365848541e-03,3.776660189032554626e-03,1.996406819671392441e-03,7.071709726005792618e-03,1.924460055306553841e-03,1.248215604573488235e-02,2.338577806949615479e-02,2.492121886461973190e-03,1.366694364696741104e-02,2.075565755367279053e-01,1.795484684407711029e-02,1.699036103673279285e-03,2.570185437798500061e-02,1.212159078568220139e-02,9.500187635421752930e-02,8.728357963263988495e-03,4.016111418604850769e-02,1.455001253634691238e-02,3.156433999538421631e-02,1.752308197319507599e-02,2.228852361440658569e-02,2.981968596577644348e-02,4.015804454684257507e-02,7.045644335448741913e-03,1.761520281434059143e-02,7.134866900742053986e-03,2.728257793933153152e-03,6.553539540618658066e-03,1.131239347159862518e-02,4.040594212710857391e-03,5.630705971270799637e-03,5.194505210965871811e-03,3.940533846616744995e-03,2.640273887664079666e-03,4.683075938373804092e-03,2.595789730548858643e-03,2.413732698187232018e-03,8.211200125515460968e-03,1.974619692191481590e-03,2.072149654850363731e-03,4.849566146731376648e-03,4.635905846953392029e-03,2.359252190217375755e-03,2.076180418953299522e-03,6.968815810978412628e-03,4.396233242005109787e-03,4.920911043882369995e-03,2.048047026619315147e-03,2.047270303592085838e-03,1.734174089506268501e-03,3.375742584466934204e-03,5.104710347950458527e-03,2.334958175197243690e-03,5.250553600490093231e-03,3.201947780326008797e-03,2.502807183191180229e-03,7.943620905280113220e-03,3.086735494434833527e-03,4.651865456253290176e-03
5.145876202732324600e-03,1.029816176742315292e-02,1.023340597748756409e-02,9.420809336006641388e-03,6.155961193144321442e-03,5.579795688390731812e-03,1.127206068485975266e-02,1.931613683700561523e-02,5.263063590973615646e-03,9.350670874118804932e-02,3.865081071853637695e-01,2.570185437798500061e-02,6.052438984625041485e-04,2.515845894813537598e-01,6.664401292800903320e-02,1.989806145429611206e-01,3.827594220638275146e-02,5.577520653605461121e-02,2.095340006053447723e-02,3.743833303451538086e-02,1.083743199706077576e-02,6.077565718442201614e-03,3.979225456714630127e-02,5.834432318806648254e-03,7.042910158634185791e-02,7.011921610683202744e-03,7.110415026545524597e-03,6.930714007467031479e-03,4.642478190362453461e-03,3.007651306688785553e-03,2.221095608547329903e-03,7.973683066666126251e-03,2.672207774594426155e-03,1.520877005532383919e-03,2.476644003763794899e-03,2.282216679304838181e-03,3.081097267568111420e-03,3.443103516474366188e-03,2.024142537266016006e-03,3.203741041943430901e-03,1.124553848057985306e-03,1.378694665618240833e-03,7.200748659670352936e-04,1.568633131682872772e-03,1.497962977737188339e-03,1.633718144148588181e-03,1.417468651197850704e-03,1.247045933268964291e-03,1.363827381283044815e-03,2.199257025495171547e-03,3.612122265622019768e-03,2.045301487669348717e-03,2.122153062373399734e-03,3.469251096248626709e-03,4.677786957472562790e-03,4.863257054239511490e-03,2.704429207369685173e-03,5.384537391364574432e-03,3.792901989072561264e-03
9.965385310351848602e-03,1.536636613309383392e-02,9.162658825516700745e-03,1.711788401007652283e-02,1.089753676205873489e-02,1.602869667112827301e-02,5.666424985975027084e-03,7.868940941989421844e-03,5.035979673266410828e-03,3.001064807176589966e-02,1.548945903778076172e-01,1.212159078568220139e-02,2.515845894813537598e-01,1.567192375659942627e-03,1.379857584834098816e-02,6.284612417221069336e-02,3.412914648652076721e-02,2.333486638963222504e-02,5.089207366108894348e-02,2.301898226141929626e-02,1.798269711434841156e-02,9.776201099157333374e-03,7.007109001278877258e-03,9.371774271130561829e-03,1.039927173405885696e-02,1.513117644935846329e-02,8.000761270523071289e-03,4.909326788038015366e-03,5.898269359022378922e-03,6.264227908104658127e-03,3.297077724710106850e-03,3.618845716118812561e-03,8.983152918517589569e-03,2.788658253848552704e-03,5.195045378059148788e-03,3.110202727839350700e-03,5.370973143726587296e-03,3.155987476930022240e-03,3.110771998763084412e-03,2.087383996695280075e-03,1.731683732941746712e-03,1.964849419891834259e-03,1.739121740683913231e-03,1.915063243359327316e-03,3.895257366821169853e-03,2.602896653115749359e-03,1.596838585101068020e-03,1.090369187295436859e-03,2.225636970251798630e-03,1.662180176936089993e-03,1.787023735232651234e-03,2.711016684770584106e-03,2.259647240862250328e-03,3.091784194111824036e-03,2.771296072751283646e-03,2.947304397821426392e-03,3.161687171086668968e-03,4.084904678165912628e-03,4.488627426326274872e-03
3.712183795869350433e-03,2.750517567619681358e-03,4.586168564856052399e-03,1.207485329359769821e-02,4.119231831282377243e-03,1.947486400604248047e-02,2.890788950026035309e-03,3.240423742681741714e-03,6.564211100339889526e-02,5.325474962592124939e-02,1.357061043381690979e-02,9.500187635421752930e-02,6.664401292800903320e-02,1.379857584834098816e-02,1.295081712305545807e-02,1.766426116228103638e-02,4.475440457463264465e-02,3.550703078508377075e-02,2.205718867480754852e-02,6.973870098590850830e-02,3.445030376315116882e-02,3.967802971601486206e-02,1.938655972480773926e-02,3.512821625918149948e-03,7.597081828862428665e-03,2.441304968670010567e-03,3.174631856381893158e-03,5.852528847754001617e-03,1.607907190918922424e-02,2.122190548107028008e-03,4.777797497808933258e-03,3.088131314143538475e-03,3.469419432803988457e-03,4.951856564730405807e-03,4.708551336079835892e-03,1.481988467276096344e-03,1.930692815221846104e-03,1.753376424312591553e-02,2.184827812016010284e-03,1.432350371032953262e-03,7.347064558416604996e-03,4.856698215007781982e-03,1.498392317444086075e-03,1.923430943861603737e-03,7.290360983461141586e-03,3.380730748176574707e-03,6.221487186849117279e-03,1.822180114686489105e-03,2.325425855815410614e-03,1.643892261199653149e-03,2.417456824332475662e-03,4.571576602756977081e-03,1.994593068957328796e-03,3.648898331448435783e-03,1.900681294500827789e-03,2.330956049263477325e-03,5.226617213338613510e-03,2.587110502645373344e-03,3.117294050753116608e-03
1.561824139207601547e-02,7.745339069515466690e-03,8.176474831998348236e-03,3.975946456193923950e-03,4.036008846014738083e-03,5.979760549962520599e-03,8.458702825009822845e-03,4.661519546061754227e-03,1.158054359257221222e-02,2.221794240176677704e-02,6.964537780731916428e-03,8.728357963263988495e-03,1.989806145429611206e-01,6.284612417221069336e-02,1.766426116228103638e-02,5.226288922131061554e-04,3.926835022866725922e-03,3.764229714870452881e-01,8.519797772169113159e-02,4.415350500494241714e-03,3.149202167987823486e-01,1.562827266752719879e-02,8.194293826818466187e-03,1.340807080268859863e-01,9.232440590858459473e-02,1.362320594489574432e-02,1.418890431523323059e-02,9.921625256538391113e-03,5.814921110868453979e-03,1.052208431065082550e-02,3.318866016343235970e-03,7.772027049213647842e-03,4.256139043718576431e-03,2.906887093558907509e-03,5.099958740174770355e-03,3.298597875982522964e-03,2.430545166134834290e-03,2.658286830410361290e-03,2.962083555757999420e-03,1.280569820664823055e-03,2.430050401017069817e-03,1.160038402304053307e-03,3.737008897587656975e-03,2.331368625164031982e-03,3.186950692906975746e-03,3.228705842047929764e-03,1.252894056960940361e-03,2.030464354902505875e-03,1.541488571092486382e-03,2.710870001465082169e-03,1.427438110113143921e-03,1.828858396038413048e-03,1.351581537164747715e-03,2.146755112335085869e-03,2.518413588404655457e-03,3.678407520055770874e-03,3.748462768271565437e-03,1.569767249748110771e-03,4.070620983839035034e-03
3.979528322815895081e-03,3.303941804915666580e-03,2.966930624097585678e-03,3.534029936417937279e-03,2.547862706705927849e-03,9.097352623939514160e-03,5.049961619079113007e-03,4.071522038429975510e-03,3.628687933087348938e-02,5.950058624148368835e-02,6.709797307848930359e-03,4.016111418604850769e-02,3.827594220638275146e-02,3.412914648652076721e-02,4.475440457463264465e-02,3.926835022866725922e-03,1.536046527326107025e-02,5.605604033917188644e-03,8.921083062887191772e-03,4.592279717326164246e-02,2.610995247960090637e-02,2.962311804294586182e-01,3.633124753832817078e-02,2.285721898078918457e-02,1.401513256132602692e-02,6.099004764109849930e-03,4.476303234696388245e-03,7.208102382719516754e-03,3.490918129682540894e-02,5.895518697798252106e-03,3.361991839483380318e-03,3.043624572455883026e-03,5.020921118557453156e-03,5.226946435868740082e-03,4.538519773632287979e-03,2.134440001100301743e-03,2.690043067559599876e-03,7.791827432811260223e-03,1.280216849409043789e-03,1.013448461890220642e-03,3.099126741290092468e-03,3.825664753094315529e-03,1.354260370135307312e-03,1.513388007879257202e-03,4.757692106068134308e-03,2.699026837944984436e-03,4.789059050381183624e-03,2.028416842222213745e-03,2.405049744993448257e-03,2.205792814493179321e-03,3.879026276990771294e-03,3.635884728282690048e-03,1.716726459562778473e-03,4.730353597551584244e-03,4.397241398692131042e-03,2.868875395506620407e-03,9.196830913424491882e-03,4.385483451187610626e-03,3.763378830626606941e-03
8.205012418329715729e-03,1.618426851928234100e-02,8.489540778100490570e-03,1.057344209402799606e-02,4.487138707190752029e-03,1.507110707461833954e-02,4.578379914164543152e-03,4.475826863199472427e-03,8.080010302364826202e-03,5.573642440140247345e-03,1.309156045317649841e-02,1.455001253634691238e-02,5.577520653605461121e-02,2.333486638963222504e-02,3.550703078508377075e-02,3.764229714870452881e-01,5.605604033917188644e-03,3.008994041010737419e-03,3.197833895683288574e-01,2.035757713019847870e-02,1.153796985745429993e-01,5.043815821409225464e-02,1.342056877911090851e-02,3.268019482493400574e-02,1.509663835167884827e-02,2.840845845639705658e-02,7.897391915321350098e-03,1.416858844459056854e-02,2.197055518627166748e-02,6.110348738729953766e-03,6.244365125894546509e-03,5.084815900772809982e-03,4.574837163090705872e-03,2.644034568220376968e-03,5.129775032401084900e-03,2.431374276056885719e-03,1.836618524976074696e-03,5.019871052354574203e-03,1.429632306098937988e-03,2.095982432365417480e-03,4.650839138776063919e-03,1.548867207020521164e-03,1.319566159509122372e-03,1.761018647812306881e-03,3.122337860986590385e-03,1.496817218139767647e-03,2.148799831047654152e-03,9.604197111912071705e-04,1.067392178811132908e-03,2.336173783987760544e-03,1.743758795782923698e-03,1.368279219605028629e-03,2.278647385537624359e-03,2.780229318886995316e-03,2.538614207878708839e-03,1.997312530875205994e-03,2.328822622075676918e-03,1.565081533044576645e-03,2.543224720284342766e-03
4.297673702239990234e-03,3.364690113812685013e-03,4.712993744760751724e-03,7.836100645363330841e-03,5.730844568461179733e-03,8.211432956159114838e-03,4.979679826647043228e-03,1.349127152934670448e-03,6.545636802911758423e-03,6.378823891282081604e-03,4.007245227694511414e-02,3.156433999538421631e-02,2.095340006053447723e-02,5.089207366108894348e-02,2.205718867480754852e-02,8.519797772169113159e-02,8.921083062887191772e-03,3.197833895683288574e-01,1.559284864924848080e-03,7.324159890413284302e-02,8.885906934738159180e-01,9.878078475594520569e-03,4.523200914263725281e-03,4.651986993849277496e-03,1.740144193172454834e-02,2.849293500185012817e-02,2.567080222070217133e-02,6.642946973443031311e-03,1.281372085213661194e-02,1.067225914448499680e-02,4.177399445325136185e-03,1.209374610334634781e-02,4.885146394371986389e-03,3.030888037756085396e-03,6.045143585652112961e-03,3.874566638842225075e-03,5.478318314999341965e-03,7.955300621688365936e-03,1.999450149014592171e-03,3.715705825015902519e-03,2.524688374251127243e-03,3.349351929500699043e-03,1.188484951853752136e-03,3.520268946886062622e-03,4.162601660937070847e-03,4.446181934326887131e-03,1.267128507606685162e-03,1.464718603529036045e-03,1.711190096102654934e-03,1.707310671918094158e-03,1.686722622253000736e-03,1.586039899848401546e-03,1.442765002138912678e-03,1.876177499070763588e-03,1.669247751124203205e-03,2.500653499737381935e-03,1.651830156333744526e-03,1.670158584602177143e-03,1.497249933890998363e-03
3.387012053281068802e-03,1.550858141854405403e-03,2.924030879512429237e-03,4.222383257001638412e-03,3.004712983965873718e-03,7.561984471976757050e-03,2.661717589944601059e-03,3.330959007143974304e-03,1.211745291948318481e-02,2.609647251665592194e-02,6.743632256984710693e-03,1.752308197319507599e-02,3.743833303451538086e-02,2.301898226141929626e-02,6.973870098590850830e-02,4.415350500494241714e-03,4.592279717326164246e-02,2.035757713019847870e-02,7.324159890413284302e-02,1.454040221869945526e-02,4.550932720303535461e-02,2.915950119495391846e-01,5.104373395442962646e-02,3.792169690132141113e-02,1.235575322061777115e-02,6.222421769052743912e-03,1.475082896649837494e-02,1.833009719848632812e-02,8.986121416091918945e-02,1.269810926169157028e-02,2.477183705195784569e-03,2.837386447936296463e-03,8.764849975705146790e-03,5.314072594046592712e-03,5.050958599895238876e-03,1.816699397750198841e-03,2.383756218478083611e-03,9.103449992835521698e-03,1.214085728861391544e-03,1.268246676772832870e-03,2.884897170588374138e-03,3.462995635345578194e-03,1.640108879655599594e-03,1.193081610836088657e-03,3.669683588668704033e-03,3.037534886971116066e-03,4.117159172892570496e-03,2.788484562188386917e-03,1.433917903341352940e-03,1.227569882757961750e-03,3.654007101431488991e-03,2.931664464995265007e-03,1.439883955754339695e-03,2.765819663181900978e-03,1.616718480363488197e-03,2.127109793946146965e-03,6.803569849580526352e-03,2.650001551955938339e-03,2.701662946492433548e-03
2.510895021259784698e-03,3.016120521351695061e-03,2.823992865160107613e-03,3.544688690453767776e-03,1.303156837821006775e-03,4.072131123393774033e-03,5.049717612564563751e-03,5.835311487317085266e-03,1.706522144377231598e-02,6.451800465583801270e-03,8.557950146496295929e-03,2.228852361440658569e-02,1.083743199706077576e-02,1.798269711434841156e-02,3.445030376315116882e-02,3.149202167987823486e-01,2.610995247960090637e-02,1.153796985745429993e-01,8.885906934738159180e-01,4.550932720303535461e-02,3.211341099813580513e-03,3.553691133856773376e-02,2.280839532613754272e-02,1.301425974816083908e-03,8.086077868938446045e-03,7.068013772368431091e-03,1.779237762093544006e-02,1.790121570229530334e-02,3.384513407945632935e-02,5.930610466748476028e-03,4.394178278744220734e-03,1.193935424089431763e-02,2.085761912167072296e-02,7.047812920063734055e-03,6.835679989308118820e-03,2.484321361407637596e-03,5.314848851412534714e-03,1.538562681525945663e-02,2.181083429604768753e-03,2.005730522796511650e-03,9.677237831056118011e-03,2.905016299337148666e-03,1.950561185367405415e-03,1.171078183688223362e-03,3.056542249396443367e-03,2.985261613503098488e-03,1.744697801768779755e-03,1.349334022961556911e-03,1.984348054975271225e-03,9.421657305210828781e-04,2.559123560786247253e-03,3.087548306211829185e-03,1.144016045145690441e-03,1.536038005724549294e-03,1.976847182959318161e-03,1.044191885739564896e-03,1.924501382745802402e-03,2.353653777390718460e-03,2.506763674318790436e-03
2.467011101543903351e-03,2.284358954057097435e-03,2.894327277317643166e-03,2.434520982205867767e-03,1.872109016403555870e-03,6.580691318958997726e-03,2.614281838759779930e-03,3.103965660557150841e-03,1.212903391569852829e-02,1.044729351997375488e-02,3.283844562247395515e-03,2.981968596577644348e-02,6.077565718442201614e-03,9.776201099157333374e-03,3.967802971601486206e-02,1.562827266752719879e-02,2.962311804294586182e-01,5.043815821409225464e-02,9.878078475594520569e-03,2.915950119495391846e-01,3.553691133856773376e-02,1.757328584790229797e-02,1.742123253643512726e-02,1.452707126736640930e-02,4.766168072819709778e-02,4.624571651220321655e-02,2.385469526052474976e-02,4.705685004591941833e-02,1.390185207128524780e-01,1.333872694522142410e-02,5.964760202914476395e-03,9.937999770045280457e-03,3.088931180536746979e-02,7.758171763271093369e-03,5.556692834943532944e-03,2.177354879677295685e-03,1.907060388475656509e-03,5.159224383533000946e-03,1.766067813150584698e-03,1.071398030035197735e-03,4.097030963748693466e-03,3.880207659676671028e-03,1.033443259075284004e-03,1.240584533661603928e-03,2.524030394852161407e-03,3.809471148997545242e-03,2.338918158784508705e-03,1.833131304010748863e-03,1.300842734053730965e-03,1.128942822106182575e-03,2.307839924469590187e-03,2.826242940500378609e-03,1.163473469205200672e-03,2.252724720165133476e-03,1.605057157576084137e-03,1.764334505423903465e-03,3.603296587243676186e-03,1.930903061293065548e-03,2.388476859778165817e-03
1.273535192012786865e-03,3.650638973340392113e-03,1.765900640748441219e-03,2.707139123231172562e-03,2.714704023674130440e-03,4.069544374942779541e-03,2.140709431841969490e-03,3.672582563012838364e-03,9.149101562798023224e-03,1.760610379278659821e-02,2.066663280129432678e-02,4.015804454684257507e-02,3.979225456714630127e-02,7.007109001278877258e-03,1.938655972480773926e-02,8.194293826818466187e-03,3.633124753832817078e-02,1.342056877911090851e-02,4.523200914263725281e-03,5.104373395442962646e-02,2.280839532613754272e-02,1.742123253643512726e-02,1.908777398057281971e-03,2.537624211981892586e-03,2.408891730010509491e-02,3.477794351056218147e-03,1.047503016889095306e-02,5.126609653234481812e-02,1.533969044685363770e-01,5.107010528445243835e-02,1.810350082814693451e-02,2.754650264978408813e-02,5.184295773506164551e-02,2.279948070645332336e-02,1.157574169337749481e-02,3.638120600953698158e-03,5.706626921892166138e-03,3.680390119552612305e-02,2.848323201760649681e-03,1.283987076021730900e-03,6.075276061892509460e-03,7.344610057771205902e-03,2.227764343842864037e-03,2.330114599317312241e-03,6.639530882239341736e-03,3.755408339202404022e-03,2.229884034022688866e-03,1.493777264840900898e-03,1.766956644132733345e-03,1.052541425451636314e-03,2.547099487856030464e-03,2.443085657432675362e-03,1.221792772412300110e-03,2.717827213928103447e-03,1.815789146348834038e-03,1.205403008498251438e-03,2.888597315177321434e-03,1.868021092377603054e-03,2.159161493182182312e-03
3.224022453650832176e-03,2.206078497692942619e-03,2.826499519869685173e-03,3.668397432193160057e-03,3.202107269316911697e-03,4.443582147359848022e-03,4.248924553394317627e-03,4.503236152231693268e-03,2.529864432290196419e-03,4.834133666008710861e-03,3.466685302555561066e-03,7.045644335448741913e-03,5.834432318806648254e-03,9.371774271130561829e-03,3.512821625918149948e-03,1.340807080268859863e-01,2.285721898078918457e-02,3.268019482493400574e-02,4.651986993849277496e-03,3.792169690132141113e-02,1.301425974816083908e-03,1.452707126736640930e-02,2.537624211981892586e-03,2.979251788929104805e-03,2.277989685535430908e-02,5.993891954421997070e-01,9.926356673240661621e-01,6.862373650074005127e-02,1.284337043762207031e-02,2.550813741981983185e-02,3.821871941909193993e-03,1.463661622256040573e-02,5.606093257665634155e-02,4.644415341317653656e-03,4.658279474824666977e-03,4.449218045920133591e-03,2.850208897143602371e-03,3.385101910680532455e-03,1.977409003302454948e-03,2.983732381835579872e-03,1.920152804814279079e-03,1.966957235708832741e-03,2.650178037583827972e-03,1.891196006909012794e-03,4.341357387602329254e-03,4.579866770654916763e-03,1.851632958278059959e-03,2.429866697639226913e-03,3.007832914590835571e-03,2.029139082878828049e-03,2.966665429994463921e-03,1.991300145164132118e-03,1.894859131425619125e-03,3.621554700657725334e-03,3.181565552949905396e-03,3.077166853472590446e-03,2.560596680268645287e-03,2.214627340435981750e-03,3.428673371672630310e-03
2.042004838585853577e-03,5.405554082244634628e-03,2.740071387961506844e-03,4.268773365765810013e-03,2.719329670071601868e-03,3.676136489957571030e-03,9.262472391128540039e-03,4.366646520793437958e-03,3.771496703848242760e-03,6.234510801732540131e-03,1.086459867656230927e-02,1.761520281434059143e-02,7.042910158634185791e-02,1.039927173405885696e-02,7.597081828862428665e-03,9.232440590858459473e-02,1.401513256132602692e-02,1.509663835167884827e-02,1.740144193172454834e-02,1.235575322061777115e-02,8.086077868938446045e-03,4.766168072819709778e-02,2.408891730010509491e-02,2.277989685535430908e-02,4.718040116131305695e-03,4.838113114237785339e-02,5.382872745394706726e-02,3.717280924320220947e-02,1.184995938092470169e-02,3.210587054491043091e-02,1.221029553562402725e-02,7.872966118156909943e-03,3.059935756027698517e-02,4.047756083309650421e-03,5.344386678189039230e-03,5.642628297209739685e-03,4.205706994980573654e-03,3.585113212466239929e-03,2.013232326135039330e-03,1.602816628292202950e-03,2.981603844091296196e-03,1.455538207665085793e-03,1.235549687407910824e-03,1.797553617507219315e-03,5.863253492861986160e-03,3.433933714404702187e-03,2.063109772279858589e-03,3.161387750878930092e-03,1.942709786817431450e-03,3.601241158321499825e-03,5.081902258098125458e-03,2.717046765610575676e-03,1.280655269511044025e-03,4.216324537992477417e-03,3.425864037126302719e-03,2.184300683438777924e-03,2.924364292994141579e-03,2.501682378351688385e-03,2.828236669301986694e-03
5.806547123938798904e-03,3.841494210064411163e-03,4.907079506665468216e-03,2.347222296521067619e-03,2.467652084305882454e-03,6.389541085809469223e-03,1.302662026137113571e-02,4.937917459756135941e-03,2.228311263024806976e-03,6.069249473512172699e-03,6.259082816541194916e-03,7.134866900742053986e-03,7.011921610683202744e-03,1.513117644935846329e-02,2.441304968670010567e-03,1.362320594489574432e-02,6.099004764109849930e-03,2.840845845639705658e-02,2.849293500185012817e-02,6.222421769052743912e-03,7.068013772368431091e-03,4.624571651220321655e-02,3.477794351056218147e-03,5.993891954421997070e-01,4.838113114237785339e-02,1.172481803223490715e-03,1.262913197278976440e-01,4.179826378822326660e-02,1.070206519216299057e-02,1.134246885776519775e-01,1.122409128583967686e-03,1.089710462838411331e-02,1.330953985452651978e-01,4.958757199347019196e-03,3.965009003877639771e-03,6.251296028494834900e-03,5.222359672188758850e-03,2.868519397452473640e-03,4.042014479637145996e-03,2.376666991040110588e-03,1.606283127330243587e-03,1.634701504372060299e-03,4.524063784629106522e-03,4.180621821433305740e-03,2.366918837651610374e-03,3.425287548452615738e-03,1.817408599890768528e-03,5.139701068401336670e-03,2.335387049242854118e-03,7.718417327851057053e-03,2.301725791767239571e-03,1.803036779165267944e-03,2.664842177182435989e-03,5.487647373229265213e-03,2.902623731642961502e-03,4.527279641479253769e-03,3.265184350311756134e-03,1.858119037933647633e-03,3.306508762761950493e-03
4.171347711235284805e-03,6.146801635622978210e-03,3.355458611622452736e-03,1.647502300329506397e-03,1.964494120329618454e-03,2.592793898656964302e-03,1.983364345505833626e-03,3.866517450660467148e-03,1.856936141848564148e-03,2.875281265005469322e-03,5.434489808976650238e-03,2.728257793933153152e-03,7.110415026545524597e-03,8.000761270523071289e-03,3.174631856381893158e-03,1.418890431523323059e-02,4.476303234696388245e-03,7.897391915321350098e-03,2.567080222070217133e-02,1.475082896649837494e-02,1.779237762093544006e-02,2.385469526052474976e-02,1.047503016889095306e-02,9.926356673240661621e-01,5.382872745394706726e-02,1.262913197278976440e-01,5.314769805409014225e-04,2.358776144683361053e-02,6.733833812177181244e-03,2.064582109451293945e-01,1.455588149838149548e-03,9.509526938199996948e-02,2.116681784391403198e-01,4.665764980018138885e-03,4.870718810707330704e-03,1.168898772448301315e-02,8.310581557452678680e-03,1.704192603938281536e-03,2.477722242474555969e-03,6.936972495168447495e-03,2.091228729113936424e-03,1.699751126579940319e-03,2.334366319701075554e-03,4.132307600229978561e-03,2.183226402848958969e-03,4.536314401775598526e-03,1.670526107773184776e-03,3.519364167004823685e-03,2.666372340172529221e-03,2.330779796466231346e-03,2.700377488508820534e-03,1.646175049245357513e-03,2.562413224950432777e-03,2.483139978721737862e-03,3.610514802858233452e-03,5.574670620262622833e-03,1.474846503697335720e-03,2.053856849670410156e-03,6.071076728403568268e-03
