5.898277740925550461e-03,1.127844303846359253e-01,8.877530694007873535e-02,4.361953213810920715e-02,1.440631896257400513e-01,6.548426300287246704e-02,7.281082868576049805e-02,8.742988854646682739e-02,8.460962213575839996e-03,1.179651077836751938e-02,1.148811727762222290e-02,9.202732704579830170e-03,6.692070979624986649e-03,9.068932384252548218e-03,4.475704394280910492e-03,4.649141803383827209e-03,2.962690778076648712e-03,5.762947723269462585e-03,4.042114596813917160e-03,2.854105317965149879e-03,2.715137787163257599e-03,1.521344878710806370e-03,1.225805026479065418e-03,3.875221824273467064e-03,4.770128522068262100e-03,6.417416036128997803e-03,5.963965319097042084e-03,3.645770484581589699e-03,2.239366527646780014e-03,3.734394907951354980e-03,2.356514101848006248e-03,6.280363537371158600e-03,4.589755088090896606e-03,1.823700382374227047e-03,3.859764896333217621e-03,8.171797730028629303e-03,5.378294270485639572e-03,2.060843165963888168e-03,3.728518262505531311e-03,7.322581019252538681e-03,2.986478386446833611e-03,1.084859133698046207e-03,5.735527724027633667e-03,9.585982188582420349e-03,3.950670361518859863e-03,3.875722410157322884e-03,3.101959591731429100e-03,5.846602842211723328e-03,3.233880037441849709e-03,1.315115205943584442e-02,5.839041434228420258e-03,3.440423170104622841e-03,3.658147994428873062e-03,6.351684220135211945e-03,6.206434220075607300e-03,1.229773368686437607e-02,3.626863472163677216e-03,3.316891612485051155e-03,6.418352480977773666e-03
1.127844303846359253e-01,1.344138756394386292e-02,3.055342137813568115e-01,8.658751845359802246e-02,7.485723495483398438e-01,4.759421572089195251e-03,1.459910273551940918e-01,3.610983788967132568e-01,2.042159810662269592e-02,9.504256770014762878e-03,7.230613380670547485e-02,8.060664869844913483e-03,1.382519956678152084e-02,2.343698590993881226e-02,5.394211504608392715e-03,6.210746709257364273e-03,3.385901451110839844e-03,5.917889997363090515e-03,4.176042508333921432e-03,2.812850987538695335e-03,3.055920591577887535e-03,1.212382223457098007e-03,2.518391935154795647e-03,2.799373120069503784e-03,2.977261086925864220e-03,8.980576880276203156e-03,2.552881138399243355e-03,2.598498482257127762e-03,1.651970902457833290e-03,2.854285761713981628e-03,2.816993510350584984e-03,4.500203765928745270e-03,6.391557399183511734e-03,1.246147090569138527e-03,4.950703121721744537e-03,8.409151807427406311e-03,8.988392539322376251e-03,1.103654620237648487e-03,3.982268273830413818e-03,5.355487577617168427e-03,2.562195062637329102e-03,1.051133149303495884e-03,2.471769461408257484e-03,2.649749396368861198e-03,3.396513871848583221e-03,2.377721015363931656e-03,1.885813893750309944e-03,3.265842329710721970e-03,2.520920708775520325e-03,2.676199655979871750e-03,1.915209926664829254e-03,1.941386377438902855e-03,1.939995330758392811e-03,4.317314829677343369e-03,8.355940692126750946e-03,6.191807799041271210e-03,2.315348712727427483e-03,3.349987091496586800e-03,1.332394499331712723e-02
8.877530694007873535e-02,3.055342137813568115e-01,2.312714420258998871e-02,3.170868754386901855e-01,8.143100738525390625e-01,4.448606818914413452e-02,5.912438035011291504e-02,1.962464153766632080e-01,2.050749212503433228e-02,5.689447745680809021e-03,1.821832731366157532e-02,7.010457571595907211e-03,1.247231569141149521e-02,9.590147994458675385e-03,4.491302650421857834e-03,3.920154180377721786e-03,3.789873095229268074e-03,1.118414662778377533e-02,3.555901581421494484e-03,2.641133964061737061e-03,2.938525984063744545e-03,2.484151162207126617e-03,1.352102379314601421e-03,3.213307587429881096e-03,3.174880985170602798e-03,7.428678218275308609e-03,2.504094270989298820e-03,3.499368904158473015e-03,1.701384782791137695e-03,2.055746037513017654e-03,1.307818805798888206e-03,4.378915298730134964e-03,2.658398123458027840e-03,1.329903840087354183e-03,2.997529227286577225e-03,6.906094029545783997e-03,5.012809298932552338e-03,1.779515994712710381e-03,1.728101749904453754e-03,5.194328259676694870e-03,1.647566561587154865e-03,1.284372294321656227e-03,2.406733110547065735e-03,1.385501865297555923e-02,4.173184279352426529e-03,4.155679605901241302e-03,2.228565514087677002e-03,2.634785836562514305e-03,5.833038128912448883e-03,5.005429964512586594e-03,3.323038807138800621e-03,2.126208273693919182e-03,3.621382405981421471e-03,2.477369736880064011e-03,8.648985065519809723e-03,5.031127016991376877e-03,3.677862463518977165e-03,2.760460134595632553e-03,7.126265205442905426e-03
4.361953213810920715e-02,8.658751845359802246e-02,3.170868754386901855e-01,1.420860588550567627e-01,5.218076705932617188e-01,3.025726787745952606e-02,3.796623647212982178e-02,9.213300943374633789e-01,7.501769661903381348e-01,4.807632789015769958e-02,3.315177857875823975e-01,9.098573587834835052e-03,1.577015221118927002e-02,1.110451482236385345e-02,1.632541976869106293e-02,7.664002943783998489e-03,4.581073299050331116e-03,9.401449933648109436e-03,1.528463698923587799e-02,4.121615085750818253e-03,3.271040273830294609e-03,2.106354571878910065e-03,2.657130360603332520e-03,2.243406837806105614e-03,2.547633834183216095e-03,4.418306984007358551e-03,3.358737332746386528e-03,2.751257969066500664e-03,1.972031779587268829e-03,1.823101541958749294e-03,1.066308352164924145e-03,1.700524007901549339e-03,2.703680889680981636e-03,1.470015966333448887e-03,2.307715825736522675e-03,1.628696219995617867e-03,2.380412304773926735e-03,1.615602057427167892e-03,1.225848798640072346e-03,2.604324370622634888e-03,1.551372813992202282e-03,1.507129869423806667e-03,1.529797911643981934e-03,1.954044448211789131e-03,2.764796605333685875e-03,2.419877564534544945e-03,1.361594418995082378e-03,1.513679046183824539e-03,1.036904868669807911e-03,2.017198828980326653e-03,4.212868865579366684e-03,3.049298888072371483e-03,1.310299965552985668e-03,3.632190171629190445e-03,1.690203673206269741e-03,1.746752881444990635e-03,2.188268117606639862e-03,2.142880111932754517e-03,3.429977223277091980e-03
1.440631896257400513e-01,7.485723495483398438e-01,8.143100738525390625e-01,5.218076705932617188e-01,7.881970144808292389e-03,5.939929559826850891e-02,8.515070676803588867e-01,3.971725404262542725e-01,7.690397650003433228e-02,5.168358329683542252e-03,2.117520943284034729e-02,4.499127622693777084e-03,1.086313277482986450e-02,1.574231125414371490e-02,7.073999382555484772e-03,5.927795078605413437e-03,2.741364063695073128e-03,7.662052288651466370e-03,7.389144506305456161e-03,2.333924174308776855e-03,1.461992971599102020e-03,2.013054210692644119e-03,2.158357296139001846e-03,3.397235414013266563e-03,4.548483528196811676e-03,3.956465050578117371e-03,4.302109591662883759e-03,2.182905562222003937e-03,1.803702092729508877e-03,1.885336474515497684e-03,1.442135078832507133e-03,2.878367202356457710e-03,4.261208232492208481e-03,1.170567353256046772e-03,3.513834904879331589e-03,3.041827818378806114e-03,3.311386797577142715e-03,1.409285003319382668e-03,1.668078475631773472e-03,3.886045189574360847e-03,1.701474655419588089e-03,9.930515661835670471e-04,2.042096108198165894e-03,2.333381446078419685e-03,1.563955447636544704e-03,2.736204303801059723e-03,1.438281731680035591e-03,1.310931635089218616e-03,1.883165328763425350e-03,2.696496667340397835e-03,4.121378529816865921e-03,2.108040032908320427e-03,4.184303805232048035e-03,4.794559441506862640e-03,3.705282695591449738e-03,2.907244954258203506e-03,2.641494618728756905e-03,2.062329323962330818e-03,4.622007254511117935e-03
6.548426300287246704e-02,4.759421572089195251e-03,4.448606818914413452e-02,3.025726787745952606e-02,5.939929559826850891e-02,3.919434547424316406e-02,5.050436034798622131e-02,3.575751781463623047e-01,1.698769032955169678e-01,4.679141566157341003e-02,3.083569929003715515e-02,1.419949904084205627e-02,4.817208275198936462e-03,1.568851061165332794e-02,1.959646865725517273e-02,7.119025103747844696e-03,6.044559180736541748e-03,1.728733256459236145e-02,5.202364642173051834e-03,7.581441197544336319e-03,5.344363395124673843e-03,5.087752360850572586e-03,5.340631119906902313e-03,6.494050845503807068e-03,5.222508218139410019e-03,1.077991351485252380e-02,2.370114205405116081e-03,3.361204173415899277e-03,2.792595187202095985e-03,3.313502762466669083e-03,1.623381278477609158e-03,5.434373393654823303e-03,3.487243317067623138e-03,1.377448556013405323e-03,6.198316346853971481e-03,4.004676826298236847e-03,2.751180902123451233e-03,1.617949572391808033e-03,2.550126286223530769e-03,4.259209614247083664e-03,1.967387972399592400e-03,1.454627839848399162e-03,2.783622592687606812e-03,2.175778616219758987e-03,2.456294838339090347e-03,3.503398504108190536e-03,2.219634829089045525e-03,2.493828302249312401e-03,2.406131243333220482e-03,2.954841358587145805e-03,3.623523749411106110e-03,3.414139850065112114e-03,2.751456806436181068e-03,4.184264224022626877e-03,3.287876490503549576e-03,6.669373717159032822e-03,3.550266381353139877e-03,1.734426012262701988e-03,3.648756071925163269e-03
7.281082868576049805e-02,1.459910273551940918e-01,5.912438035011291504e-02,3.796623647212982178e-02,8.515070676803588867e-01,5.050436034798622131e-02,8.370330557227134705e-03,6.062313169240951538e-02,3.498367220163345337e-02,7.602419238537549973e-03,3.374003618955612183e-02,1.329036150127649307e-02,3.086154349148273468e-02,1.183225121349096298e-02,3.874632529914379120e-03,8.401358500123023987e-03,3.129139542579650879e-03,9.580800309777259827e-03,6.283849012106657028e-03,3.813694929704070091e-03,4.691444803029298782e-03,2.487789606675505638e-03,2.909224946051836014e-03,4.105361178517341614e-03,7.636808790266513824e-03,1.023074984550476074e-02,2.080042846500873566e-03,2.491010352969169617e-03,2.003444824367761612e-03,2.416706178337335587e-03,1.998061547055840492e-03,2.665258012712001801e-03,4.713322501629590988e-03,1.438096980564296246e-03,2.747509861364960670e-03,4.741233773529529572e-03,4.627198446542024612e-03,1.219443627633154392e-03,5.077723879367113113e-03,6.077657453715801239e-03,3.085861215367913246e-03,1.562766032293438911e-03,2.509760670363903046e-03,2.670731395483016968e-03,2.347829984501004219e-03,2.944892272353172302e-03,1.904464326798915863e-03,2.327351830899715424e-03,4.887897986918687820e-03,4.857394378632307053e-03,4.341753199696540833e-03,2.857743063941597939e-03,3.330002771690487862e-03,4.043160937726497650e-03,3.277224022895097733e-03,5.441498942673206329e-03,3.908888902515172958e-03,2.323196735233068466e-03,6.961602717638015747e-03
8.742988854646682739e-02,3.610983788967132568e-01,1.962464153766632080e-01,9.213300943374633789e-01,3.971725404262542725e-01,3.575751781463623047e-01,6.062313169240951538e-02,1.807883009314537048e-02,2.066225558519363403e-02,1.503219082951545715e-02,1.037574931979179382e-01,1.818562042899429798e-03,3.103888593614101410e-02,7.333892397582530975e-03,6.327542942017316818e-03,9.168365970253944397e-03,4.264466464519500732e-03,1.003795396536588669e-02,5.128960125148296356e-03,2.814740175381302834e-03,6.556057371199131012e-03,3.472892800346016884e-03,4.340770188719034195e-03,3.496339078992605209e-03,3.564261132851243019e-03,5.471874028444290161e-03,1.878038514405488968e-03,3.277007723227143288e-03,1.453258679248392582e-03,2.924250671640038490e-03,1.440090942196547985e-03,3.289097221568226814e-03,3.157781902700662613e-03,1.318807946518063545e-03,4.700267687439918518e-03,3.905317047610878944e-03,2.976758405566215515e-03,2.056547440588474274e-03,1.199315884150564671e-03,3.695352235808968544e-03,1.905030105262994766e-03,1.343339565210044384e-03,1.981618115678429604e-03,1.899258000776171684e-03,2.766956109553575516e-03,2.523094182834029198e-03,1.355500426143407822e-03,2.928679110482335091e-03,1.722123590297996998e-03,2.189511666074395180e-03,2.467676531523466110e-03,2.073940122500061989e-03,1.810676418244838715e-03,5.377741064876317978e-03,2.926673274487257004e-03,4.149282816797494888e-03,2.531159436330199242e-03,2.076933393254876137e-03,3.046576399356126785e-03
8.460962213575839996e-03,2.042159810662269592e-02,2.050749212503433228e-02,7.501769661903381348e-01,7.690397650003433228e-02,1.698769032955169678e-01,3.498367220163345337e-02,2.066225558519363403e-02,9.623912163078784943e-03,3.663170337677001953e-02,1.197014674544334412e-01,3.166799247264862061e-02,7.578768767416477203e-03,1.210626959800720215e-02,5.550687760114669800e-02,1.497336663305759430e-02,5.582658573985099792e-02,8.684873580932617188e-03,8.945181034505367279e-03,2.038214541971683502e-02,1.284527499228715897e-02,1.421541348099708557e-02,8.621565066277980804e-03,2.454365603625774384e-03,3.800487844273447990e-03,3.050535684451460838e-03,1.252917805686593056e-03,5.534944590181112289e-03,8.082617074251174927e-03,1.586607075296342373e-03,1.663266215473413467e-03,3.121447516605257988e-03,2.851432887837290764e-03,1.848850166425108910e-03,2.320510335266590118e-03,1.673067105002701283e-03,1.533387810923159122e-03,3.364528296515345573e-03,1.535812043584883213e-03,1.748364069499075413e-03,3.369519021362066269e-03,2.407786902040243149e-03,1.042558811604976654e-03,2.236489439383149147e-03,4.027952905744314194e-03,2.468497259542346001e-03,2.206356497481465340e-03,1.949345576576888561e-03,1.388138509355485439e-03,2.028313465416431427e-03,2.800804330036044121e-03,6.318593863397836685e-03,2.003716537728905678e-03,3.471600823104381561e-03,1.347283949144184589e-03,2.025252440944314003e-03,8.647741749882698059e-03,2.728227991610765457e-03,3.215377684682607651e-03
1.179651077836751938e-02,9.504256770014762878e-03,5.689447745680809021e-03,4.807632789015769958e-02,5.168358329683542252e-03,4.679141566157341003e-02,7.602419238537549973e-03,1.503219082951545715e-02,3.663170337677001953e-02,3.807389363646507263e-02,2.226775288581848145e-01,6.970532238483428955e-02,2.065065801143646240e-01,3.952002152800559998e-02,2.892988361418247223e-02,9.977902285754680634e-03,1.273580081760883331e-02,9.496669284999370575e-03,1.976563781499862671e-02,5.265132710337638855e-02,9.137044660747051239e-03,5.385364871472120285e-03,9.448045864701271057e-03,5.927853751927614212e-03,1.072574313730001450e-02,3.373951185494661331e-03,3.411112120375037193e-03,4.884242080152034760e-03,4.948856774717569351e-03,3.910696133971214294e-03,3.219599835574626923e-03,2.935242140665650368e-03,3.277552779763936996e-03,2.275977982208132744e-03,3.200535662472248077e-03,3.639005823060870171e-03,2.206313656643033028e-03,2.276900457218289375e-03,1.934067695401608944e-03,1.965426374226808548e-03,3.635325236245989799e-03,2.206401666626334190e-03,2.059131627902388573e-03,1.397831249050796032e-03,2.780923619866371155e-03,3.681503701955080032e-03,2.310540294274687767e-03,2.369975438341498375e-03,2.585314679890871048e-03,1.870882580988109112e-03,2.576165366917848587e-03,3.181754611432552338e-03,1.792987808585166931e-03,4.055505152791738510e-03,2.910385606810450554e-03,3.184577915817499161e-03,3.990742843598127365e-03,2.104344079270958900e-03,3.184909233823418617e-03
1.148811727762222290e-02,7.230613380670547485e-02,1.821832731366157532e-02,3.315177857875823975e-01,2.117520943284034729e-02,3.083569929003715515e-02,3.374003618955612183e-02,1.037574931979179382e-01,1.197014674544334412e-01,2.226775288581848145e-01,2.003958681598305702e-03,3.078488074243068695e-02,3.682936429977416992e-01,2.442096620798110962e-01,2.501569129526615143e-02,3.236709907650947571e-02,6.778792012482881546e-03,1.951309479773044586e-02,1.825819164514541626e-02,1.437484100461006165e-02,1.119099278002977371e-02,1.045058295130729675e-02,6.372709758579730988e-03,4.347258713096380234e-03,1.310866791754961014e-02,5.696843843907117844e-03,2.977178897708654404e-03,4.055138677358627319e-03,2.047249116003513336e-03,2.354942960664629936e-03,2.278479281812906265e-03,2.243288559839129448e-03,1.900575472973287106e-03,1.067580888047814369e-03,4.101977683603763580e-03,2.121988683938980103e-03,1.477994956076145172e-03,1.767267938703298569e-03,1.140803564339876175e-03,1.381609356030821800e-03,1.935832086019217968e-03,1.104707014746963978e-03,2.149348147213459015e-03,1.459256280213594437e-03,3.196509787812829018e-03,2.171585801988840103e-03,2.061439445242285728e-03,1.501340884715318680e-03,1.934669911861419678e-03,1.764429267495870590e-03,1.844574930146336555e-03,2.166280290111899376e-03,1.219260739162564278e-03,4.695474635809659958e-03,1.618143753148615360e-03,2.555673010647296906e-03,2.428681124001741409e-03,1.580662908963859081e-03,2.103156642988324165e-03
9.202732704579830170e-03,8.060664869844913483e-03,7.010457571595907211e-03,9.098573587834835052e-03,4.499127622693777084e-03,1.419949904084205627e-02,1.329036150127649307e-02,1.818562042899429798e-03,3.166799247264862061e-02,6.970532238483428955e-02,3.078488074243068695e-02,8.675161749124526978e-03,5.331569164991378784e-02,1.945958659052848816e-02,1.135205850005149841e-01,1.903424225747585297e-02,6.637873500585556030e-02,4.989418201148509979e-03,2.451956830918788910e-02,3.368850052356719971e-02,1.982319355010986328e-02,4.179459437727928162e-02,7.760568521916866302e-03,5.556966178119182587e-03,1.285536959767341614e-02,5.993417464196681976e-03,3.410154022276401520e-03,8.829626254737377167e-03,5.452943034470081329e-03,2.185109537094831467e-03,2.887233858928084373e-03,3.087437013164162636e-03,3.350428305566310883e-03,3.202253486961126328e-03,2.672553528100252151e-03,2.584419446066021919e-03,2.088151173666119576e-03,3.715534461662173271e-03,2.208575839176774025e-03,2.330982824787497520e-03,3.715901868417859077e-03,3.942222334444522858e-03,1.989471958950161934e-03,1.686542062088847160e-03,4.749063402414321899e-03,3.691644407808780670e-03,3.720506560057401657e-03,1.987146213650703430e-03,2.052963711321353912e-03,2.123184269294142723e-03,4.198025446385145187e-03,6.151176057755947113e-03,2.107486361637711525e-03,4.472734872251749039e-03,2.732346300035715103e-03,2.924171276390552521e-03,7.308964617550373077e-03,4.352677613496780396e-03,2.987783402204513550e-03
6.692070979624986649e-03,1.382519956678152084e-02,1.247231569141149521e-02,1.577015221118927002e-02,1.086313277482986450e-02,4.817208275198936462e-03,3.086154349148273468e-02,3.103888593614101410e-02,7.578768767416477203e-03,2.065065801143646240e-01,3.682936429977416992e-01,5.331569164991378784e-02,4.907445982098579407e-04,1.442456543445587158e-01,1.166402734816074371e-02,2.460830807685852051e-01,2.502208761870861053e-02,2.019037492573261261e-02,1.859262213110923767e-02,3.252822905778884888e-02,8.701491169631481171e-03,1.207036059349775314e-02,1.637251861393451691e-02,4.224605392664670944e-03,5.900126323103904724e-02,5.220573395490646362e-03,4.591975826770067215e-03,7.866056635975837708e-03,3.640671260654926300e-03,2.810415113344788551e-03,2.044663066044449806e-03,3.375197527930140495e-03,2.608234062790870667e-03,1.416948973201215267e-03,2.802171045914292336e-03,2.170271007344126701e-03,2.838542917743325233e-03,1.046399236656725407e-03,1.741982647217810154e-03,1.384978531859815121e-03,1.660269568674266338e-03,1.422991626895964146e-03,1.084377174265682697e-03,1.503810519352555275e-03,2.632697811350226402e-03,2.162813674658536911e-03,2.276878803968429565e-03,2.083818428218364716e-03,2.172099426388740540e-03,4.858060739934444427e-03,3.359810216352343559e-03,2.690315479412674904e-03,2.850176533684134483e-03,4.531816113740205765e-03,2.537176478654146194e-03,6.149353925138711929e-03,4.440676420927047729e-03,2.791014267131686211e-03,3.758868901059031487e-03
9.068932384252548218e-03,2.343698590993881226e-02,9.590147994458675385e-03,1.110451482236385345e-02,1.574231125414371490e-02,1.568851061165332794e-02,1.183225121349096298e-02,7.333892397582530975e-03,1.210626959800720215e-02,3.952002152800559998e-02,2.442096620798110962e-01,1.945958659052848816e-02,1.442456543445587158e-01,1.471666619181632996e-03,1.443206146359443665e-02,7.633322849869728088e-03,2.273427695035934448e-02,1.740909926593303680e-02,4.445237293839454651e-02,1.296392921358346939e-02,1.510063000023365021e-02,1.828082464635372162e-02,5.230699665844440460e-03,7.726748473942279816e-03,1.809754408895969391e-02,8.133959956467151642e-03,8.985429070889949799e-03,5.034360103309154510e-03,4.905308131128549576e-03,4.595549311488866806e-03,4.953745752573013306e-03,3.288815962150692940e-03,4.932763054966926575e-03,2.030050847679376602e-03,4.436139948666095734e-03,4.478662740439176559e-03,5.283954553306102753e-03,3.730057971552014351e-03,3.389285644516348839e-03,2.394536044448614120e-03,2.626317553222179413e-03,1.696250401437282562e-03,2.475193003192543983e-03,4.164624027907848358e-03,4.277916159480810165e-03,4.448297433555126190e-03,2.164032543078064919e-03,1.787522225640714169e-03,2.273331861943006516e-03,1.458051265217363834e-03,2.351876581087708473e-03,2.118959557265043259e-03,1.825936022214591503e-03,3.044899553060531616e-03,1.459731021896004677e-03,2.303357934579253197e-03,3.246434265747666359e-03,1.975091639906167984e-03,8.837576024234294891e-03
4.475704394280910492e-03,5.394211504608392715e-03,4.491302650421857834e-03,1.632541976869106293e-02,7.073999382555484772e-03,1.959646865725517273e-02,3.874632529914379120e-03,6.327542942017316818e-03,5.550687760114669800e-02,2.892988361418247223e-02,2.501569129526615143e-02,1.135205850005149841e-01,1.166402734816074371e-02,1.443206146359443665e-02,1.608306914567947388e-02,2.624102868139743805e-02,5.659849047660827637e-01,4.161675274372100830e-02,6.147492211312055588e-03,7.438106834888458252e-02,1.710105314850807190e-02,1.379005145281553268e-02,1.445064321160316467e-02,3.451425116509199142e-03,4.437338560819625854e-03,3.208126407116651535e-03,3.222011029720306396e-03,5.226108711212873459e-03,9.959595277905464172e-03,2.947005908936262131e-03,5.745613947510719299e-03,2.351411152631044388e-03,2.060245955362915993e-03,4.996629897505044937e-03,5.651592742651700974e-03,2.085835207253694534e-03,2.620036248117685318e-03,8.040307089686393738e-03,1.440985477529466152e-03,1.789585803635418415e-03,8.265830576419830322e-03,5.930206272751092911e-03,1.719646388664841652e-03,3.352567320689558983e-03,9.215067140758037567e-03,4.375160671770572662e-03,6.326253525912761688e-03,1.994824502617120743e-03,1.827609841711819172e-03,1.458056271076202393e-03,3.231189912185072899e-03,3.366639837622642517e-03,1.695791026577353477e-03,2.743133809417486191e-03,1.465048640966415405e-03,2.218577777966856956e-03,4.902231972664594650e-03,1.592948101460933685e-03,2.205108758062124252e-03
4.649141803383827209e-03,6.210746709257364273e-03,3.920154180377721786e-03,7.664002943783998489e-03,5.927795078605413437e-03,7.119025103747844696e-03,8.401358500123023987e-03,9.168365970253944397e-03,1.497336663305759430e-02,9.977902285754680634e-03,3.236709907650947571e-02,1.903424225747585297e-02,2.460830807685852051e-01,7.633322849869728088e-03,2.624102868139743805e-02,5.840022349730134010e-04,5.394270177930593491e-03,7.628107666969299316e-01,1.107062920928001404e-01,9.962812066078186035e-03,1.668431609869003296e-01,1.305036060512065887e-02,5.163094960153102875e-03,2.388437278568744659e-02,2.602639049291610718e-02,1.039349753409624100e-02,8.960127830505371094e-03,7.455652579665184021e-03,5.356275010854005814e-03,5.367367528378963470e-03,2.814277075231075287e-03,1.029620412737131119e-02,5.533104762434959412e-03,1.274531474336981773e-03,4.212658386677503586e-03,2.137290779501199722e-03,6.992025766521692276e-03,2.283058362081646919e-03,3.365545300766825676e-03,1.573242479935288429e-03,2.707674866542220116e-03,1.641203183680772781e-03,3.640600014477968216e-03,3.078374080359935760e-03,5.369277205318212509e-03,3.502727719023823738e-03,2.114521805197000504e-03,2.704875776544213295e-03,2.184062730520963669e-03,2.076514530926942825e-03,2.302242908626794815e-03,1.347532845102250576e-03,1.625872449949383736e-03,3.076070221140980721e-03,3.938270267099142075e-03,5.857311189174652100e-03,4.010079894214868546e-03,1.448631170205771923e-03,1.854606089182198048e-03
2.962690778076648712e-03,3.385901451110839844e-03,3.789873095229268074e-03,4.581073299050331116e-03,2.741364063695073128e-03,6.044559180736541748e-03,3.129139542579650879e-03,4.264466464519500732e-03,5.582658573985099792e-02,1.273580081760883331e-02,6.778792012482881546e-03,6.637873500585556030e-02,2.502208761870861053e-02,2.273427695035934448e-02,5.659849047660827637e-01,5.394270177930593491e-03,3.288663551211357117e-02,5.272330716252326965e-03,1.333149429410696030e-02,1.599285453557968140e-01,6.976742297410964966e-02,1.100080236792564392e-01,6.303387135267257690e-02,2.134988084435462952e-02,6.461760494858026505e-03,5.921391770243644714e-03,6.107913330197334290e-03,4.873294383287429810e-03,4.774079099297523499e-02,5.285448394715785980e-03,3.422713605687022209e-03,2.458098344504833221e-03,3.463891102001070976e-03,6.387706380337476730e-03,3.007373772561550140e-03,1.408436452038586140e-03,1.957198604941368103e-03,6.099848076701164246e-03,1.341509399935603142e-03,1.136701670475304127e-03,3.948218654841184616e-03,3.001083852723240852e-03,1.070809201337397099e-03,1.919612870551645756e-03,4.262802656739950180e-03,3.642707364633679390e-03,3.966521937400102615e-03,2.476387191563844681e-03,2.554055536165833473e-03,2.176823560148477554e-03,3.298268653452396393e-03,2.693259622901678085e-03,1.537525444291532040e-03,4.210032988339662552e-03,1.808380126021802425e-03,2.968797460198402405e-03,5.270290654152631760e-03,3.782700281590223312e-03,3.144555957987904549e-03
5.762947723269462585e-03,5.917889997363090515e-03,1.118414662778377533e-02,9.401449933648109436e-03,7.662052288651466370e-03,1.728733256459236145e-02,9.580800309777259827e-03,1.003795396536588669e-02,8.684873580932617188e-03,9.496669284999370575e-03,1.951309479773044586e-02,4.989418201148509979e-03,2.019037492573261261e-02,1.740909926593303680e-02,4.161675274372100830e-02,7.628107666969299316e-01,5.272330716252326965e-03,2.307626884430646896e-03,5.651730298995971680e-01,2.233116328716278076e-02,7.682934403419494629e-02,5.428402870893478394e-02,5.917163565754890442e-03,1.141512673348188400e-02,3.465929254889488220e-02,4.307871684432029724e-03,1.487889885902404785e-02,7.407476194202899933e-03,5.981804337352514267e-03,2.247822470963001251e-03,2.329521579667925835e-03,2.403177553787827492e-03,5.159214604645967484e-03,2.336980774998664856e-03,5.345623474568128586e-03,2.956226933747529984e-03,3.033611224964261055e-03,2.549379132688045502e-03,1.148048322647809982e-03,1.902435207739472389e-03,4.506621509790420532e-03,1.807148801162838936e-03,1.744212117046117783e-03,3.299708245322108269e-03,3.594658104702830315e-03,3.416490042582154274e-03,2.305612200871109962e-03,3.145082155242562294e-03,1.762826810590922832e-03,1.939602196216583252e-03,2.993181580677628517e-03,2.301805885508656502e-03,2.032703254371881485e-03,2.190603641793131828e-03,3.016537986695766449e-03,3.360683564096689224e-03,2.543888753280043602e-03,1.603870885446667671e-03,3.603527555242180824e-03
4.042114596813917160e-03,4.176042508333921432e-03,3.555901581421494484e-03,1.528463698923587799e-02,7.389144506305456161e-03,5.202364642173051834e-03,6.283849012106657028e-03,5.128960125148296356e-03,8.945181034505367279e-03,1.976563781499862671e-02,1.825819164514541626e-02,2.451956830918788910e-02,1.859262213110923767e-02,4.445237293839454651e-02,6.147492211312055588e-03,1.107062920928001404e-01,1.333149429410696030e-02,5.651730298995971680e-01,2.344695851206779480e-03,1.537245605140924454e-02,4.554218351840972900e-01,2.001773007214069366e-02,1.896177069284021854e-03,1.460288418456912041e-03,9.245723485946655273e-03,6.178760901093482971e-03,2.839607000350952148e-02,1.500897388905286789e-02,1.327751018106937408e-02,1.300720591098070145e-02,3.625386627390980721e-03,9.792495518922805786e-03,5.745747126638889313e-03,9.582112543284893036e-03,4.681211430579423904e-03,5.543325562030076981e-03,5.638127215206623077e-03,9.755717590451240540e-03,2.300300635397434235e-03,2.231632126495242119e-03,6.231002509593963623e-03,3.622511401772499084e-03,1.173042575828731060e-03,7.706826552748680115e-03,5.425561219453811646e-03,2.863575471565127373e-03,2.810995094478130341e-03,1.575767179019749165e-03,1.630863989703357220e-03,2.229376928880810738e-03,1.996706007048487663e-03,1.275603193789720535e-03,1.239952398464083672e-03,1.517747063189744949e-03,1.846676110289990902e-03,2.303723013028502464e-03,1.955900574102997780e-03,1.658333465456962585e-03,1.459320192225277424e-03
2.854105317965149879e-03,2.812850987538695335e-03,2.641133964061737061e-03,4.121615085750818253e-03,2.333924174308776855e-03,7.581441197544336319e-03,3.813694929704070091e-03,2.814740175381302834e-03,2.038214541971683502e-02,5.265132710337638855e-02,1.437484100461006165e-02,3.368850052356719971e-02,3.252822905778884888e-02,1.296392921358346939e-02,7.438106834888458252e-02,9.962812066078186035e-03,1.599285453557968140e-01,2.233116328716278076e-02,1.537245605140924454e-02,3.221991658210754395e-02,2.674396336078643799e-02,2.571176886558532715e-01,9.275091812014579773e-03,9.746453724801540375e-03,3.954255953431129456e-03,4.879715386778116226e-03,7.643023505806922913e-03,1.333274785429239273e-02,7.048414647579193115e-02,8.367639966309070587e-03,2.876912709325551987e-03,3.646375145763158798e-03,4.971619695425033569e-03,7.534472271800041199e-03,5.023880396038293839e-03,2.129810862243175507e-03,1.745701301842927933e-03,6.341547705233097076e-03,1.344765536487102509e-03,1.036878675222396851e-03,8.753440342843532562e-03,4.213226493448019028e-03,1.218586694449186325e-03,1.056870096363127232e-03,4.037467762827873230e-03,3.760471008718013763e-03,6.363712716847658157e-03,3.238215576857328415e-03,1.945155905559659004e-03,1.657121349126100540e-03,3.421728266403079033e-03,4.270640667527914047e-03,2.333456883206963539e-03,4.041293170303106308e-03,1.783358165994286537e-03,1.777636585757136345e-03,7.665101904422044754e-03,1.713343546725809574e-03,4.180151503533124924e-03
2.715137787163257599e-03,3.055920591577887535e-03,2.938525984063744545e-03,3.271040273830294609e-03,1.461992971599102020e-03,5.344363395124673843e-03,4.691444803029298782e-03,6.556057371199131012e-03,1.284527499228715897e-02,9.137044660747051239e-03,1.119099278002977371e-02,1.982319355010986328e-02,8.701491169631481171e-03,1.510063000023365021e-02,1.710105314850807190e-02,1.668431609869003296e-01,6.976742297410964966e-02,7.682934403419494629e-02,4.554218351840972900e-01,2.674396336078643799e-02,4.725416947621852160e-04,1.515122130513191223e-02,5.887682363390922546e-02,8.381858351640403271e-04,5.181691143661737442e-03,1.045938231982290745e-03,1.796001009643077850e-02,2.893673069775104523e-02,1.155297756195068359e-01,1.222621928900480270e-02,1.743738539516925812e-02,7.893802598118782043e-03,9.798355400562286377e-03,1.962824724614620209e-02,8.322753943502902985e-03,2.935200231149792671e-03,5.320433061569929123e-03,7.745510898530483246e-03,2.920253202319145203e-03,4.074717406183481216e-03,3.061801008880138397e-02,4.361796192824840546e-03,2.728656167164444923e-03,1.144191017374396324e-03,4.139826167374849319e-03,2.358284778892993927e-03,2.575879916548728943e-03,2.289683790877461433e-03,1.733526238240301609e-03,1.161636202596127987e-03,2.448686631396412849e-03,2.290509641170501709e-03,1.434383564628660679e-03,1.993906917050480843e-03,1.928075682371854782e-03,1.536349533125758171e-03,2.660467056557536125e-03,2.619845559820532799e-03,1.913740998134016991e-03
1.521344878710806370e-03,1.212382223457098007e-03,2.484151162207126617e-03,2.106354571878910065e-03,2.013054210692644119e-03,5.087752360850572586e-03,2.487789606675505638e-03,3.472892800346016884e-03,1.421541348099708557e-02,5.385364871472120285e-03,1.045058295130729675e-02,4.179459437727928162e-02,1.207036059349775314e-02,1.828082464635372162e-02,1.379005145281553268e-02,1.305036060512065887e-02,1.100080236792564392e-01,5.428402870893478394e-02,2.001773007214069366e-02,2.571176886558532715e-01,1.515122130513191223e-02,2.382860518991947174e-02,1.136201992630958557e-02,1.039918325841426849e-02,5.791541188955307007e-02,1.895255781710147858e-02,4.477281868457794189e-02,1.060890182852745056e-01,2.499132454395294189e-01,4.342553019523620605e-02,1.284227706491947174e-02,8.338550105690956116e-03,2.543753199279308319e-02,3.647012636065483093e-03,2.882344182580709457e-03,2.529088407754898071e-03,2.361572114750742912e-03,5.756293423473834991e-03,1.662787981331348419e-03,9.342845296487212181e-04,3.875368973240256310e-03,2.650481648743152618e-03,9.383046417497098446e-04,1.061612856574356556e-03,3.120230976492166519e-03,3.447915660217404366e-03,2.277668798342347145e-03,1.461769570596516132e-03,1.572558074258267879e-03,1.083083567209541798e-03,1.746337045915424824e-03,1.892824773676693439e-03,1.459036022424697876e-03,4.054609686136245728e-03,1.739018247462809086e-03,1.917265472002327442e-03,6.853757426142692566e-03,1.677161897532641888e-03,3.175224876031279564e-03
1.225805026479065418e-03,2.518391935154795647e-03,1.352102379314601421e-03,2.657130360603332520e-03,2.158357296139001846e-03,5.340631119906902313e-03,2.909224946051836014e-03,4.340770188719034195e-03,8.621565066277980804e-03,9.448045864701271057e-03,6.372709758579730988e-03,7.760568521916866302e-03,1.637251861393451691e-02,5.230699665844440460e-03,1.445064321160316467e-02,5.163094960153102875e-03,6.303387135267257690e-02,5.917163565754890442e-03,1.896177069284021854e-03,9.275091812014579773e-03,5.887682363390922546e-02,1.136201992630958557e-02,5.430897697806358337e-03,5.311187356710433960e-03,5.512275546789169312e-02,2.821186743676662445e-02,4.867959395051002502e-02,2.178905457258224487e-01,1.382908672094345093e-01,6.138423085212707520e-02,4.315134137868881226e-02,1.188654918223619461e-02,1.366460416465997696e-02,5.585680250078439713e-03,5.527584347873926163e-03,2.985742874443531036e-03,5.441297776997089386e-03,3.803620859980583191e-02,5.122776143252849579e-03,1.620292896404862404e-03,8.313049562275409698e-03,1.194663066416978836e-02,1.634744345210492611e-03,3.049682825803756714e-03,3.058169968426227570e-03,4.140003118664026260e-03,3.223699284717440605e-03,2.402469050139188766e-03,1.439461600966751575e-03,2.716041635721921921e-03,2.749930368736386299e-03,3.982483875006437302e-03,1.651418977417051792e-03,2.660447033122181892e-03,8.754994487389922142e-04,1.862871577031910419e-03,3.652346320450305939e-03,2.509672194719314575e-03,2.380739664658904076e-03
3.875221824273467064e-03,2.799373120069503784e-03,3.213307587429881096e-03,2.243406837806105614e-03,3.397235414013266563e-03,6.494050845503807068e-03,4.105361178517341614e-03,3.496339078992605209e-03,2.454365603625774384e-03,5.927853751927614212e-03,4.347258713096380234e-03,5.556966178119182587e-03,4.224605392664670944e-03,7.726748473942279816e-03,3.451425116509199142e-03,2.388437278568744659e-02,2.134988084435462952e-02,1.141512673348188400e-02,1.460288418456912041e-03,9.746453724801540375e-03,8.381858351640403271e-04,1.039918325841426849e-02,5.311187356710433960e-03,2.728560240939259529e-03,4.727470502257347107e-02,4.190229475498199463e-01,9.961388707160949707e-01,3.171803057193756104e-01,4.011415690183639526e-02,2.160744182765483856e-02,1.228815782815217972e-02,8.196611888706684113e-03,1.361350268125534058e-01,5.755709484219551086e-03,3.682894399389624596e-03,6.205651443451642990e-03,3.670018166303634644e-03,4.897323902696371078e-03,1.873102737590670586e-03,1.889186212792992592e-03,1.987012801691889763e-03,2.041884232312440872e-03,1.763177569955587387e-03,3.898342838510870934e-03,7.158863358199596405e-03,5.856639239937067032e-03,1.966585638001561165e-03,2.665245207026600838e-03,2.578802173957228661e-03,1.897248672321438789e-03,2.107138512656092644e-03,1.596569549292325974e-03,1.593925175257027149e-03,2.904209541156888008e-03,2.568528754636645317e-03,4.247925709933042526e-03,2.933223266154527664e-03,1.769733498804271221e-03,4.138495307415723801e-03
4.770128522068262100e-03,2.977261086925864220e-03,3.174880985170602798e-03,2.547633834183216095e-03,4.548483528196811676e-03,5.222508218139410019e-03,7.636808790266513824e-03,3.564261132851243019e-03,3.800487844273447990e-03,1.072574313730001450e-02,1.310866791754961014e-02,1.285536959767341614e-02,5.900126323103904724e-02,1.809754408895969391e-02,4.437338560819625854e-03,2.602639049291610718e-02,6.461760494858026505e-03,3.465929254889488220e-02,9.245723485946655273e-03,3.954255953431129456e-03,5.181691143661737442e-03,5.791541188955307007e-02,5.512275546789169312e-02,4.727470502257347107e-02,2.134201349690556526e-03,1.483307629823684692e-01,7.410540431737899780e-02,2.114731073379516602e-01,1.388013176620006561e-02,1.011590138077735901e-01,5.086338147521018982e-03,7.870694622397422791e-03,2.115176431834697723e-02,2.245332114398479462e-03,4.674710799008607864e-03,8.777681738138198853e-03,4.038804676383733749e-03,1.790913520380854607e-03,2.213786588981747627e-03,2.583717927336692810e-03,1.939444220624864101e-03,1.240040990523993969e-03,1.439502695575356483e-03,2.393848262727260590e-03,2.971302252262830734e-03,2.493748906999826431e-03,1.575350062921643257e-03,2.031843643635511398e-03,1.818698714487254620e-03,3.319271374493837357e-03,4.129845649003982544e-03,1.776968361809849739e-03,2.156637841835618019e-03,4.245507996529340744e-03,2.598298015072941780e-03,3.662890754640102386e-03,2.510718069970607758e-03,3.580654738470911980e-03,4.030996002256870270e-03
6.417416036128997803e-03,8.980576880276203156e-03,7.428678218275308609e-03,4.418306984007358551e-03,3.956465050578117371e-03,1.077991351485252380e-02,1.023074984550476074e-02,5.471874028444290161e-03,3.050535684451460838e-03,3.373951185494661331e-03,5.696843843907117844e-03,5.993417464196681976e-03,5.220573395490646362e-03,8.133959956467151642e-03,3.208126407116651535e-03,1.039349753409624100e-02,5.921391770243644714e-03,4.307871684432029724e-03,6.178760901093482971e-03,4.879715386778116226e-03,1.045938231982290745e-03,1.895255781710147858e-02,2.821186743676662445e-02,4.190229475498199463e-01,1.483307629823684692e-01,1.807448337785899639e-03,2.570769488811492920e-01,8.455938845872879028e-02,4.109285306185483932e-03,2.988853119313716888e-02,4.384290892630815506e-03,6.483853794634342194e-03,8.134129643440246582e-02,2.150430344045162201e-03,3.501566126942634583e-03,1.421383023262023926e-02,7.458906155079603195e-03,3.072179853916168213e-03,2.816788619384169579e-03,5.979493726044893265e-03,9.449291392229497433e-04,1.479476457461714745e-03,2.159073250368237495e-03,1.833897666074335575e-03,4.458540119230747223e-03,4.588134586811065674e-03,2.145713428035378456e-03,5.415872205048799515e-03,3.284194041043519974e-03,6.727910600602626801e-03,6.240830291062593460e-03,1.882737735286355019e-03,2.112651243805885315e-03,4.174228291958570480e-03,3.262939630076289177e-03,6.528706755489110947e-03,4.794675856828689575e-03,2.342499326914548874e-03,8.465063758194446564e-03
5.963965319097042084e-03,2.552881138399243355e-03,2.504094270989298820e-03,3.358737332746386528e-03,4.302109591662883759e-03,2.370114205405116081e-03,2.080042846500873566e-03,1.878038514405488968e-03,1.252917805686593056e-03,3.411112120375037193e-03,2.977178897708654404e-03,3.410154022276401520e-03,4.591975826770067215e-03,8.985429070889949799e-03,3.222011029720306396e-03,8.960127830505371094e-03,6.107913330197334290e-03,1.487889885902404785e-02,2.839607000350952148e-02,7.643023505806922913e-03,1.796001009643077850e-02,4.477281868457794189e-02,4.867959395051002502e-02,9.961388707160949707e-01,7.410540431737899780e-02,2.570769488811492920e-01,7.175820646807551384e-04,4.128982126712799072e-02,1.043465733528137207e-02,1.629912555217742920e-01,8.061133325099945068e-03,2.084062807261943817e-02,1.894985288381576538e-01,2.348517999053001404e-03,5.029014777392148972e-03,8.293237537145614624e-03,4.292750731110572815e-03,3.680083900690078735e-03,3.437945386394858360e-03,3.412099322304129601e-03,2.390171634033322334e-03,1.770335831679403782e-03,2.914997283369302750e-03,2.701414050534367561e-03,2.906607696786522865e-03,3.194272750988602638e-03,1.712492201477289200e-03,3.179115243256092072e-03,3.129936987534165382e-03,1.336428220383822918e-03,1.818463322706520557e-03,1.514588715508580208e-03,1.157774124294519424e-03,3.776448313146829605e-03,3.355339169502258301e-03,1.598448026925325394e-03,1.588622923009097576e-03,3.139760112389922142e-03,3.631241153925657272e-03
