5.423291027545928955e-02,1.708436608314514160e-01,1.634040474891662598e-01,2.966018021106719971e-02,7.438834011554718018e-02,2.139981836080551147e-02,2.025964483618736267e-02,2.356512658298015594e-02,2.928772568702697754e-02,2.224891632795333862e-02,2.153379656374454498e-02,8.497009985148906708e-03,1.005339901894330978e-02,1.590502634644508362e-02,1.184757612645626068e-02,7.091558538377285004e-03,5.419384688138961792e-03,6.889154668897390366e-03,2.383147366344928741e-03,6.104906555265188217e-03,2.053937176242470741e-03,1.831059460528194904e-03,1.753519056364893913e-03,4.864588845521211624e-03,1.030219718813896179e-02,1.720304414629936218e-02,8.390635251998901367e-03,2.964077051728963852e-03,2.028872491791844368e-03,4.857198800891637802e-03,1.602385775186121464e-03,4.247366916388273239e-03,2.634717151522636414e-03,1.496619777753949165e-03,4.284402355551719666e-03,8.153853006660938263e-03,7.589694112539291382e-03,2.138548996299505234e-03,2.385531552135944366e-03,1.182121038436889648e-02,4.350037313997745514e-03,1.398532418534159660e-03,2.838342916220426559e-03,3.366734134033322334e-03,3.476986428722739220e-03,2.734535140916705132e-03,1.583467121236026287e-03,4.459092393517494202e-03,4.167726263403892517e-03,2.621134277433156967e-03,3.025266574695706367e-03,1.458083977922797203e-03,2.606081310659646988e-03,5.749093834310770035e-03,5.846550688147544861e-03,7.054322864860296249e-03,3.339229617267847061e-03,3.967266064137220383e-03,1.109547633677721024e-02
1.708436608314514160e-01,1.671063341200351715e-02,6.577193737030029297e-01,1.633578687906265259e-01,2.954277992248535156e-01,1.468785107135772705e-02,9.511770308017730713e-02,4.439660161733627319e-02,8.323268964886665344e-03,5.047669168561697006e-03,4.125499352812767029e-02,5.122535862028598785e-03,1.582811214029788971e-02,9.388593956828117371e-03,5.107517819851636887e-03,7.175196427851915359e-03,2.777194371446967125e-03,5.808000452816486359e-03,2.804674440994858742e-03,2.815782791003584862e-03,1.882344484329223633e-03,1.491603790782392025e-03,1.991442404687404633e-03,5.635705776512622833e-03,9.231760166585445404e-03,1.531695201992988586e-02,3.821441903710365295e-03,3.357368055731058121e-03,1.520932069979608059e-03,2.380549442023038864e-03,1.836947398260235786e-03,1.941826078109443188e-03,2.401297912001609802e-03,1.718204817734658718e-03,3.740660613402724266e-03,7.116201333701610565e-03,1.246268115937709808e-02,1.583199482411146164e-03,2.652455121278762817e-03,1.227983180433511734e-02,3.798630787059664726e-03,9.076439309865236282e-04,5.952527280896902084e-03,1.316257473081350327e-02,2.363049658015370369e-03,2.521473448723554611e-03,1.555843395181000233e-03,3.970922902226448059e-03,4.273524973541498184e-03,5.622933618724346161e-03,2.395416609942913055e-03,1.343562267720699310e-03,2.971371635794639587e-03,4.383747465908527374e-03,2.048261463642120361e-03,1.266083586961030960e-02,4.988559056073427200e-03,3.701102454215288162e-03,9.189529344439506531e-03
1.634040474891662598e-01,6.577193737030029297e-01,2.159872651100158691e-02,2.359259128570556641e-01,4.555492699146270752e-01,2.311493642628192902e-02,8.175613731145858765e-02,1.290615648031234741e-01,1.443759724497795105e-02,1.210112124681472778e-02,2.301138080656528473e-02,3.441398963332176208e-03,1.320071518421173096e-02,1.313073467463254929e-02,6.893733516335487366e-03,6.781588774174451828e-03,2.968666143715381622e-03,5.502511747181415558e-03,1.724903937429189682e-03,3.696026280522346497e-03,1.865406287834048271e-03,2.379399025812745094e-03,2.308863215148448944e-03,3.174511250108480453e-03,6.781563628464937210e-03,7.551399525254964828e-03,2.705965191125869751e-03,3.875530790537595749e-03,2.271537203341722488e-03,2.420835662633180618e-03,1.167413895018398762e-03,1.919228467158973217e-03,2.663479186594486237e-03,1.864304882474243641e-03,2.642776351422071457e-03,4.678059834986925125e-03,2.242112532258033752e-02,1.710529555566608906e-03,2.996671479195356369e-03,2.052493765950202942e-02,3.200388280674815178e-03,1.395245199091732502e-03,3.666855162009596825e-03,6.025323644280433655e-03,2.118641044944524765e-03,3.101401962339878082e-03,1.179662183858454227e-03,2.717968309298157692e-03,2.000692300498485565e-03,8.005875162780284882e-03,2.721363212913274765e-03,1.579164760187268257e-03,1.951087499037384987e-03,4.877412226051092148e-03,2.223963383585214615e-03,6.520080380141735077e-03,4.968646448105573654e-03,2.402746817097067833e-03,1.008227374404668808e-02
2.966018021106719971e-02,1.633578687906265259e-01,2.359259128570556641e-01,2.451601205393671989e-03,3.202288150787353516e-01,1.269452869892120361e-01,7.320299744606018066e-02,7.750707864761352539e-01,1.887588202953338623e-01,1.240255963057279587e-02,5.752874165773391724e-02,7.060758769512176514e-03,1.309967134147882462e-02,1.220504473894834518e-02,1.564472168684005737e-02,6.977278273552656174e-03,3.990113269537687302e-03,8.596877567470073700e-03,2.545491093769669533e-03,3.043599892407655716e-03,2.553178695961833000e-03,1.230523572303354740e-03,3.319944953545928001e-03,4.151780158281326294e-03,1.177654974162578583e-02,4.964658990502357483e-03,3.468931186944246292e-03,3.190700430423021317e-03,2.308523980900645256e-03,2.204003278166055679e-03,1.567789469845592976e-03,2.584793372079730034e-03,3.113846294581890106e-03,1.523609273135662079e-03,4.875651560723781586e-03,2.468984574079513550e-03,4.825630225241184235e-03,1.557720126584172249e-03,1.721982611343264580e-03,4.583579022437334061e-03,2.373247407376766205e-03,2.009494695812463760e-03,2.107033273205161095e-03,4.447619430720806122e-03,4.230277612805366516e-03,2.102010184898972511e-03,1.183222862891852856e-03,1.833391492255032063e-03,1.410598983056843281e-03,1.668841694481670856e-03,5.900028161704540253e-03,1.330755185335874557e-03,2.544029150158166885e-03,4.106341861188411713e-03,5.055964458733797073e-03,4.199331626296043396e-03,5.959545727819204330e-03,3.448370844125747681e-03,8.842523209750652313e-03
7.438834011554718018e-02,2.954277992248535156e-01,4.555492699146270752e-01,3.202288150787353516e-01,9.602701291441917419e-03,9.447281062602996826e-02,6.307079792022705078e-01,6.164475083351135254e-01,1.229226682335138321e-02,3.714586608111858368e-03,8.591475337743759155e-02,2.388832625001668930e-03,2.041963487863540649e-02,1.277794223278760910e-02,1.238521933555603027e-02,1.050364132970571518e-02,2.863010624423623085e-03,4.482618533074855804e-03,3.388138953596353531e-03,2.394907409325242043e-03,2.684448147192597389e-03,2.450309693813323975e-03,3.799318335950374603e-03,2.158978721126914024e-03,6.091912277042865753e-03,9.544899687170982361e-03,3.485237015411257744e-03,3.704478265717625618e-03,2.155607799068093300e-03,1.619911752641201019e-03,1.380807603709399700e-03,2.309080911800265312e-03,2.655574120581150055e-03,1.506078406237065792e-03,3.890061983838677406e-03,7.173800840973854065e-03,4.313303623348474503e-03,1.190030132420361042e-03,1.773337484337389469e-03,5.239718593657016754e-03,3.179508028551936150e-03,1.222625724039971828e-03,3.824574174359440804e-03,4.282557871192693710e-03,2.483214251697063446e-03,2.548079704865813255e-03,1.104205730371177197e-03,1.685195136815309525e-03,3.146872157230973244e-03,2.505514537915587425e-03,2.166850492358207703e-03,1.541116507723927498e-03,3.544518956914544106e-03,4.089226946234703064e-03,3.509496571496129036e-03,4.936874844133853912e-03,2.721654251217842102e-03,3.672938095405697823e-03,3.873712383210659027e-03
2.139981836080551147e-02,1.468785107135772705e-02,2.311493642628192902e-02,1.269452869892120361e-01,9.447281062602996826e-02,5.795964505523443222e-03,5.806835368275642395e-02,2.751175463199615479e-01,1.174963414669036865e-01,8.237924426794052124e-03,1.404907554388046265e-01,1.260522473603487015e-02,1.086080726236104965e-02,2.238513529300689697e-02,2.310835756361484528e-02,1.124677248299121857e-02,1.067719887942075729e-02,9.013772942125797272e-03,4.866463132202625275e-03,6.682356819510459900e-03,3.569991560652852058e-03,8.071358315646648407e-03,4.764596931636333466e-03,5.483664572238922119e-03,8.231965824961662292e-03,5.838277749717235565e-03,3.069644328206777573e-03,2.747240476310253143e-03,2.765974728390574455e-03,1.658864901401102543e-03,1.249194610863924026e-03,2.935378812253475189e-03,1.850901637226343155e-03,1.608271151781082153e-03,3.766592592000961304e-03,5.572691094130277634e-03,5.106160882860422134e-03,2.255572238937020302e-03,1.533458707854151726e-03,5.030344240367412567e-03,3.453477518633008003e-03,1.685749622993171215e-03,3.011283697560429573e-03,2.812705002725124359e-03,1.778802135959267616e-03,3.823459148406982422e-03,1.935683889314532280e-03,1.952100195921957493e-03,3.476224839687347412e-03,5.996577441692352295e-03,2.771252766251564026e-03,2.046821406111121178e-03,3.995054867118597031e-03,5.706599447876214981e-03,3.493407974019646645e-03,4.160416312515735626e-03,4.112652968615293503e-03,2.382379956543445587e-03,5.930830258876085281e-03
2.025964483618736267e-02,9.511770308017730713e-02,8.175613731145858765e-02,7.320299744606018066e-02,6.307079792022705078e-01,5.806835368275642395e-02,2.657762262970209122e-03,4.631257653236389160e-01,4.244392737746238708e-02,3.013735637068748474e-02,4.656946286559104919e-03,3.179220715537667274e-03,4.302814230322837830e-02,9.551659226417541504e-03,6.848082412034273148e-03,7.523049600422382355e-03,6.604033522307872772e-03,7.934010587632656097e-03,1.004382129758596420e-02,9.861582890152931213e-03,6.547035183757543564e-03,2.607714151963591576e-03,7.022679783403873444e-03,5.721111781895160675e-03,4.233665764331817627e-03,7.114456035196781158e-03,2.142375567927956581e-03,3.689200617372989655e-03,3.037427784875035286e-03,2.175506437197327614e-03,1.321729621849954128e-03,2.600446809083223343e-03,2.279878128319978714e-03,2.346740104258060455e-03,2.806099364534020424e-03,2.959448611363768578e-03,7.811592891812324524e-03,2.249791286885738373e-03,3.572202520444989204e-03,3.271411638706922531e-03,3.989738412201404572e-03,1.981890527531504631e-03,2.344691194593906403e-03,2.629794646054506302e-03,2.259235596284270287e-03,2.117548603564500809e-03,1.808082335628569126e-03,2.324073342606425285e-03,2.347403205931186676e-03,1.267671119421720505e-03,2.475991612300276756e-03,2.072080504149198532e-03,4.439751151949167252e-03,4.281848203390836716e-03,4.503374919295310974e-03,8.175968192517757416e-03,4.380722530186176300e-03,3.263488644734025002e-03,1.403410919010639191e-02
2.356512658298015594e-02,4.439660161733627319e-02,1.290615648031234741e-01,7.750707864761352539e-01,6.164475083351135254e-01,2.751175463199615479e-01,4.631257653236389160e-01,3.175727324560284615e-03,2.657894603908061981e-02,3.880442678928375244e-02,1.653331965208053589e-01,1.394521095789968967e-03,1.552314497530460358e-02,1.011350844055414200e-02,8.855554275214672089e-03,1.263561751693487167e-02,9.846155531704425812e-03,5.854574497789144516e-03,5.355555564165115356e-03,3.694184822961688042e-03,5.088730249553918839e-03,3.602586220949888229e-03,5.568992812186479568e-03,2.437416696920990944e-03,8.128533139824867249e-03,5.278113298118114471e-03,2.026249188929796219e-03,1.325493212789297104e-03,1.557004521600902081e-03,2.335751429200172424e-03,8.465673308819532394e-04,2.502010902389883995e-03,1.521633937954902649e-03,8.069267496466636658e-04,3.814718918874859810e-03,1.335217617452144623e-02,6.497642491012811661e-03,2.123246900737285614e-03,2.505735028535127640e-03,1.139563135802745819e-02,3.373096929863095284e-03,1.719897729344666004e-03,2.072932664304971695e-03,5.049310158938169479e-03,1.771618844941258430e-03,2.657307311892509460e-03,1.059651141986250877e-03,2.572875237092375755e-03,2.125871367752552032e-03,3.283973783254623413e-03,3.244891762733459473e-03,1.660589012317359447e-03,2.554322592914104462e-03,2.811770420521497726e-03,1.925373449921607971e-03,3.220825921744108200e-03,2.302010543644428253e-03,1.497870893217623234e-03,4.325441550463438034e-03
2.928772568702697754e-02,8.323268964886665344e-03,1.443759724497795105e-02,1.887588202953338623e-01,1.229226682335138321e-02,1.174963414669036865e-01,4.244392737746238708e-02,2.657894603908061981e-02,5.206038802862167358e-02,3.785815834999084473e-02,4.454244673252105713e-02,3.833060339093208313e-02,1.697016996331512928e-03,3.112668404355645180e-03,9.537920355796813965e-02,1.067157834768295288e-02,2.966967523097991943e-01,1.588947139680385590e-02,4.199071601033210754e-02,3.430864587426185608e-02,1.003143563866615295e-02,4.113524220883846283e-03,4.556637257337570190e-03,2.143722493201494217e-03,2.444170415401458740e-03,2.247223863378167152e-03,1.872716122306883335e-03,1.618476584553718567e-03,3.322691656649112701e-03,1.111101824790239334e-03,2.150711836293339729e-03,1.353417173959314823e-03,1.965026138350367546e-03,3.978985827416181564e-03,4.175725392997264862e-03,1.831913832575082779e-03,2.441870514303445816e-03,6.814850494265556335e-03,1.769958296790719032e-03,2.578879706561565399e-03,7.791856769472360611e-03,5.879663396626710892e-03,1.462233252823352814e-03,2.214944455772638321e-03,1.022816263139247894e-02,3.451820462942123413e-03,4.527101293206214905e-03,2.463954035192728043e-03,1.769418595358729362e-03,1.915913773700594902e-03,3.225368214771151543e-03,4.039978608489036560e-03,2.673341659829020500e-03,2.236474771052598953e-03,1.600792864337563515e-03,2.057124860584735870e-03,5.590943153947591782e-03,4.063096363097429276e-03,3.961777314543724060e-03
2.224891632795333862e-02,5.047669168561697006e-03,1.210112124681472778e-02,1.240255963057279587e-02,3.714586608111858368e-03,8.237924426794052124e-03,3.013735637068748474e-02,3.880442678928375244e-02,3.785815834999084473e-02,1.955122873187065125e-02,8.151824027299880981e-02,3.641017079353332520e-01,1.456852406263351440e-01,2.036081105470657349e-01,8.050296455621719360e-02,4.271007701754570007e-02,1.459730416536331177e-01,4.999157506972551346e-03,1.227019447833299637e-02,4.289382323622703552e-02,1.389737240970134735e-02,1.919876085594296455e-03,3.301635850220918655e-03,2.525387099012732506e-03,3.401857335120439529e-03,1.448823604732751846e-03,1.642816583625972271e-03,2.094575669616460800e-03,2.201403025537729263e-03,1.723880297504365444e-03,2.630876842886209488e-03,1.715932507067918777e-03,2.371327485889196396e-03,4.126307554543018341e-03,6.417230702936649323e-03,3.003974445164203644e-03,2.695318544283509254e-03,3.412341000512242317e-03,1.624707947485148907e-03,2.466231118887662888e-03,4.491526167839765549e-03,5.023504141718149185e-03,1.569941407069563866e-03,2.416426781564950943e-03,4.083814565092325211e-03,2.612347016111016273e-03,3.186357207596302032e-03,1.996465725824236870e-03,2.388880355283617973e-03,1.547169173136353493e-03,1.416558399796485901e-03,3.523508785292506218e-03,2.404691884294152260e-03,2.492079278454184532e-03,2.744951285421848297e-03,3.994093276560306549e-03,3.238428151234984398e-03,4.374253097921609879e-03,6.702193059027194977e-03
2.153379656374454498e-02,4.125499352812767029e-02,2.301138080656528473e-02,5.752874165773391724e-02,8.591475337743759155e-02,1.404907554388046265e-01,4.656946286559104919e-03,1.653331965208053589e-01,4.454244673252105713e-02,8.151824027299880981e-02,6.675524055026471615e-04,3.935630992054939270e-02,4.599402844905853271e-01,1.034894511103630066e-01,9.484109282493591309e-02,7.681589573621749878e-02,3.476022928953170776e-02,1.326880510896444321e-02,8.974085561931133270e-03,6.178915966302156448e-03,8.842814713716506958e-03,1.686620642431080341e-03,1.892663654871284962e-03,1.667834585532546043e-03,2.078003948554396629e-03,2.063606632873415947e-03,2.912380266934633255e-03,2.074505668133497238e-03,8.838009089231491089e-04,1.517374766990542412e-03,1.687923329882323742e-03,9.973095729947090149e-04,9.743046248331665993e-04,1.288374420255422592e-03,6.004822440445423126e-03,4.647727590054273605e-03,2.004916965961456299e-02,2.873523859307169914e-03,1.303597469814121723e-03,3.288449952378869057e-03,6.793084088712930679e-03,2.397556556388735771e-03,4.440497141331434250e-03,3.148118499666452408e-03,2.875780453905463219e-03,2.074797870591282845e-03,1.178128761239349842e-03,3.586975391954183578e-03,2.460014307871460915e-03,6.792440544813871384e-03,3.392630955204367638e-03,2.616340527310967445e-03,3.017282346263527870e-03,3.549590241163969040e-03,1.752816257067024708e-03,3.050737082958221436e-03,1.544249826110899448e-03,1.953211380168795586e-03,3.726605791598558426e-03
8.497009985148906708e-03,5.122535862028598785e-03,3.441398963332176208e-03,7.060758769512176514e-03,2.388832625001668930e-03,1.260522473603487015e-02,3.179220715537667274e-03,1.394521095789968967e-03,3.833060339093208313e-02,3.641017079353332520e-01,3.935630992054939270e-02,1.977822557091712952e-02,1.261729560792446136e-02,1.233988851308822632e-01,6.574546694755554199e-01,1.359461992979049683e-02,2.063415497541427612e-01,2.090780623257160187e-02,1.493720337748527527e-02,4.155715182423591614e-02,5.096424371004104614e-02,4.149901680648326874e-03,4.078759811818599701e-03,2.018404891714453697e-03,4.385277163237333298e-03,2.521956572309136391e-03,1.428449177183210850e-03,2.497527049854397774e-03,3.351098624989390373e-03,2.227822551503777504e-03,1.606850768439471722e-03,1.522783306427299976e-03,3.770174924284219742e-03,4.370728041976690292e-03,5.278942175209522247e-03,2.602870808914303780e-03,2.765121404081583023e-03,6.582172121852636337e-03,1.760747050866484642e-03,3.492644289508461952e-03,6.834268569946289062e-03,5.121643655002117157e-03,2.390053356066346169e-03,2.512904582545161247e-03,7.645161822438240051e-03,4.513885360211133957e-03,3.802564693614840508e-03,2.743997378274798393e-03,3.286747029051184654e-03,2.321020467206835747e-03,2.762406365945935249e-03,3.977073822170495987e-03,2.015137812122702599e-03,3.215551842004060745e-03,3.330224426463246346e-03,4.529197234660387039e-03,3.814457682892680168e-03,3.693745937198400497e-03,4.712159279733896255e-03
1.005339901894330978e-02,1.582811214029788971e-02,1.320071518421173096e-02,1.309967134147882462e-02,2.041963487863540649e-02,1.086080726236104965e-02,4.302814230322837830e-02,1.552314497530460358e-02,1.697016996331512928e-03,1.456852406263351440e-01,4.599402844905853271e-01,1.261729560792446136e-02,9.247895213775336742e-04,6.497483700513839722e-02,5.723417550325393677e-02,1.090841293334960938e-01,4.103320091962814331e-02,1.492639631032943726e-02,3.749310225248336792e-02,1.243330165743827820e-02,1.389661338180303574e-02,2.344771521165966988e-03,1.313053304329514503e-03,1.707754447124898434e-03,1.045587565749883652e-02,3.849140135571360588e-03,1.973920734599232674e-03,2.997782779857516289e-03,2.646614797413349152e-03,1.967190299183130264e-03,2.771358238533139229e-03,2.315687946975231171e-03,3.737678052857518196e-03,2.529914956539869308e-03,4.768023733049631119e-03,3.131045727059245110e-03,4.932933952659368515e-03,1.208585314452648163e-02,2.398504409939050674e-03,4.233376123011112213e-03,3.954966086894273758e-03,1.976487925276160240e-03,3.258388256654143333e-03,3.014942398294806480e-03,5.045842844992876053e-03,3.209820948541164398e-03,1.463523134589195251e-03,3.616726258769631386e-03,2.790662692859768867e-03,4.106532782316207886e-03,1.711087301373481750e-03,1.895793597213923931e-03,3.545029321685433388e-03,4.341708030551671982e-03,3.332127351313829422e-03,6.619317457079887390e-03,3.542737336829304695e-03,4.121912643313407898e-03,4.809658974409103394e-03
1.590502634644508362e-02,9.388593956828117371e-03,1.313073467463254929e-02,1.220504473894834518e-02,1.277794223278760910e-02,2.238513529300689697e-02,9.551659226417541504e-03,1.011350844055414200e-02,3.112668404355645180e-03,2.036081105470657349e-01,1.034894511103630066e-01,1.233988851308822632e-01,6.497483700513839722e-02,2.388522494584321976e-03,3.152063488960266113e-02,4.773226678371429443e-01,4.433860071003437042e-03,6.367494817823171616e-03,5.723548121750354767e-03,4.521138034760951996e-03,7.945907418616116047e-04,1.157850259914994240e-03,4.218104761093854904e-03,2.710702363401651382e-03,8.741544559597969055e-03,4.462802782654762268e-03,2.582704182714223862e-03,3.251431044191122055e-03,2.676695119589567184e-03,2.594866557046771049e-03,1.733771292492747307e-03,2.643477637320756912e-03,2.575105754658579826e-03,2.472070278599858284e-03,4.052991978824138641e-03,3.681519301608204842e-03,2.865514950826764107e-03,4.492460284382104874e-03,2.838963875547051430e-03,4.120708908885717392e-03,4.324969369918107986e-03,4.675689153373241425e-03,6.628177594393491745e-03,5.267988424748182297e-03,1.087013538926839828e-02,8.793557062745094299e-03,2.136455848813056946e-03,4.136351868510246277e-03,6.309112999588251114e-03,4.591810051351785660e-03,2.414343878626823425e-03,2.669083420187234879e-03,5.773337092250585556e-03,4.342808853834867477e-03,3.307586768642067909e-03,6.397980730980634689e-03,4.754683002829551697e-03,5.533304065465927124e-03,7.525973021984100342e-03
1.184757612645626068e-02,5.107517819851636887e-03,6.893733516335487366e-03,1.564472168684005737e-02,1.238521933555603027e-02,2.310835756361484528e-02,6.848082412034273148e-03,8.855554275214672089e-03,9.537920355796813965e-02,8.050296455621719360e-02,9.484109282493591309e-02,6.574546694755554199e-01,5.723417550325393677e-02,3.152063488960266113e-02,5.396885052323341370e-02,9.524674713611602783e-02,2.188997119665145874e-01,2.991470135748386383e-02,1.183536276221275330e-02,1.405599247664213181e-02,1.989990100264549255e-02,1.268804771825671196e-03,3.004937199875712395e-03,1.011281157843768597e-03,2.164322882890701294e-03,1.264827209524810314e-03,9.770217584446072578e-04,1.700470573268830776e-03,2.690416527912020683e-03,1.403560512699186802e-03,1.272767549380660057e-03,1.133264508098363876e-03,1.477940124459564686e-03,3.588091814890503883e-03,4.835422616451978683e-03,3.724782494828104973e-03,4.148187115788459778e-03,7.016298826783895493e-03,2.285141497850418091e-03,3.624871838837862015e-03,6.430704146623611450e-03,6.928784772753715515e-03,2.865765476599335670e-03,3.375752363353967667e-03,5.495591089129447937e-03,3.421911969780921936e-03,2.574891550466418266e-03,1.584257348440587521e-03,2.929761307314038277e-03,1.811590977013111115e-03,1.914364169351756573e-03,2.671509049832820892e-03,2.754881512373685837e-03,3.452148521319031715e-03,1.997978892177343369e-03,4.630027804523706436e-03,5.765249021351337433e-03,2.813369967043399811e-03,2.945141633972525597e-03
7.091558538377285004e-03,7.175196427851915359e-03,6.781588774174451828e-03,6.977278273552656174e-03,1.050364132970571518e-02,1.124677248299121857e-02,7.523049600422382355e-03,1.263561751693487167e-02,1.067157834768295288e-02,4.271007701754570007e-02,7.681589573621749878e-02,1.359461992979049683e-02,1.090841293334960938e-01,4.773226678371429443e-01,9.524674713611602783e-02,1.488273963332176208e-03,5.225799046456813812e-03,3.552436828613281250e-01,1.535773277282714844e-02,5.438305437564849854e-03,1.602598582394421101e-03,4.836037755012512207e-03,3.179349470883607864e-03,2.754665445536375046e-03,6.535083986818790436e-03,3.938328009098768234e-03,1.824377570301294327e-03,3.006753511726856232e-03,2.535300562158226967e-03,3.034664085134863853e-03,1.386159565299749374e-03,7.590085268020629883e-03,2.371464157477021217e-03,3.760789055377244949e-03,3.964687231928110123e-03,7.391870021820068359e-03,1.291777379810810089e-02,2.481209579855203629e-03,2.086830092594027519e-03,4.920432344079017639e-03,3.374719526618719101e-03,2.659715712070465088e-03,5.748131778091192245e-03,4.292380064725875854e-03,7.314197719097137451e-03,2.873952966183423996e-03,1.870970823802053928e-03,5.125007592141628265e-03,5.353694781661033630e-03,7.265721447765827179e-03,2.380357822403311729e-03,2.290455158799886703e-03,4.285757429897785187e-03,3.256163327023386955e-03,3.732819575816392899e-03,7.044637110084295273e-03,3.345915582031011581e-03,1.903496566228568554e-03,6.328823044896125793e-03
5.419384688138961792e-03,2.777194371446967125e-03,2.968666143715381622e-03,3.990113269537687302e-03,2.863010624423623085e-03,1.067719887942075729e-02,6.604033522307872772e-03,9.846155531704425812e-03,2.966967523097991943e-01,1.459730416536331177e-01,3.476022928953170776e-02,2.063415497541427612e-01,4.103320091962814331e-02,4.433860071003437042e-03,2.188997119665145874e-01,5.225799046456813812e-03,4.831796512007713318e-02,5.263514444231987000e-02,2.128534913063049316e-01,5.968730151653289795e-02,1.093289814889431000e-02,7.132529746741056442e-03,4.771262872964143753e-03,1.683324691839516163e-03,1.053283223882317543e-03,1.227670582011342049e-03,1.501326682046055794e-03,1.725764828734099865e-03,4.246830474585294724e-03,3.024436999112367630e-03,2.138380194082856178e-03,2.318626735359430313e-03,3.661251626908779144e-03,6.977955810725688934e-03,2.216828800737857819e-02,3.046884434297680855e-03,3.720379434525966644e-03,2.381487376987934113e-02,1.655460800975561142e-03,1.956527121365070343e-03,5.685343407094478607e-03,6.720067001879215240e-03,2.395739080384373665e-03,1.656809006817638874e-03,8.707012981176376343e-03,3.055247711017727852e-03,6.278553977608680725e-03,3.214367665350437164e-03,2.722266595810651779e-03,1.941841910593211651e-03,2.317792037501931190e-03,3.283198224380612373e-03,1.490270020440220833e-03,2.624548273161053658e-03,2.125453669577836990e-03,2.549689728766679764e-03,3.930100705474615097e-03,3.662683535367250443e-03,2.841412322595715523e-03
6.889154668897390366e-03,5.808000452816486359e-03,5.502511747181415558e-03,8.596877567470073700e-03,4.482618533074855804e-03,9.013772942125797272e-03,7.934010587632656097e-03,5.854574497789144516e-03,1.588947139680385590e-02,4.999157506972551346e-03,1.326880510896444321e-02,2.090780623257160187e-02,1.492639631032943726e-02,6.367494817823171616e-03,2.991470135748386383e-02,3.552436828613281250e-01,5.263514444231987000e-02,5.658122827298939228e-04,3.441405668854713440e-02,5.450662374496459961e-01,3.899646922945976257e-03,2.172296494245529175e-01,8.224542252719402313e-03,1.593312132172286510e-03,1.000755466520786285e-02,1.991075463593006134e-03,1.742177526466548443e-03,2.761293901130557060e-03,7.395466789603233337e-03,2.238685730844736099e-03,4.208955913782119751e-03,5.043276585638523102e-03,6.297596264630556107e-03,8.739450015127658844e-03,1.175617333501577377e-02,1.333122327923774719e-02,5.476991180330514908e-03,8.989905007183551788e-03,5.191015545278787613e-03,2.529650228098034859e-03,5.367588717490434647e-03,3.380562411621212959e-03,4.703427664935588837e-03,2.823155140504240990e-03,3.151911078020930290e-03,2.454890869557857513e-03,3.571464447304606438e-03,2.737541915848851204e-03,4.231688100844621658e-03,2.029430819675326347e-03,1.887178630568087101e-03,3.084539435803890228e-03,1.994061516597867012e-03,3.099605441093444824e-03,3.786477260291576385e-03,3.032573033124208450e-03,3.998186904937028885e-03,1.838995260186493397e-03,2.617987105622887611e-03
2.383147366344928741e-03,2.804674440994858742e-03,1.724903937429189682e-03,2.545491093769669533e-03,3.388138953596353531e-03,4.866463132202625275e-03,1.004382129758596420e-02,5.355555564165115356e-03,4.199071601033210754e-02,1.227019447833299637e-02,8.974085561931133270e-03,1.493720337748527527e-02,3.749310225248336792e-02,5.723548121750354767e-03,1.183536276221275330e-02,1.535773277282714844e-02,2.128534913063049316e-01,3.441405668854713440e-02,1.715885940939188004e-03,3.657548874616622925e-02,1.817340552806854248e-01,5.762590095400810242e-03,1.947063719853758812e-03,3.209392598364502192e-04,7.400407339446246624e-04,8.875161292962729931e-04,7.081100251525640488e-03,1.965273171663284302e-03,4.623005632311105728e-03,8.760738186538219452e-03,4.330003261566162109e-02,1.149691548198461533e-02,1.573568396270275116e-02,4.343501850962638855e-02,3.929011896252632141e-02,9.616911411285400391e-03,1.149182841181755066e-01,4.074214398860931396e-02,5.141118075698614120e-03,4.682649392634630203e-03,3.737986087799072266e-02,8.766697719693183899e-03,3.141995286568999290e-03,3.071054350584745407e-03,1.224247459322214127e-02,2.866599708795547485e-03,3.878171322867274284e-03,3.275509690865874290e-03,4.215139430016279221e-03,1.258541713468730450e-03,2.999991411343216896e-03,2.497175475582480431e-03,2.540228888392448425e-03,1.817886019125580788e-03,7.934028399176895618e-04,1.112848985940217972e-03,2.293857280164957047e-03,1.741081476211547852e-03,2.296022605150938034e-03
6.104906555265188217e-03,2.815782791003584862e-03,3.696026280522346497e-03,3.043599892407655716e-03,2.394907409325242043e-03,6.682356819510459900e-03,9.861582890152931213e-03,3.694184822961688042e-03,3.430864587426185608e-02,4.289382323622703552e-02,6.178915966302156448e-03,4.155715182423591614e-02,1.243330165743827820e-02,4.521138034760951996e-03,1.405599247664213181e-02,5.438305437564849854e-03,5.968730151653289795e-02,5.450662374496459961e-01,3.657548874616622925e-02,4.199297633022069931e-03,3.477296978235244751e-02,1.087855547666549683e-02,2.994622103869915009e-03,2.150473184883594513e-03,1.208288478665053844e-03,1.149667892605066299e-03,4.445713479071855545e-03,4.481120966374874115e-03,2.863391675055027008e-02,6.393850315362215042e-03,9.683825075626373291e-03,1.213501766324043274e-02,1.594538614153862000e-02,1.824452169239521027e-02,2.953335829079151154e-02,5.852989386767148972e-03,5.356081761419773102e-03,2.643106691539287567e-02,3.563030390068888664e-03,2.064737025648355484e-03,7.643005810678005219e-03,5.971529521048069000e-03,2.172599779441952705e-03,2.179049421101808548e-03,6.452404893934726715e-03,3.641039831563830376e-03,6.992625072598457336e-03,3.521619131788611412e-03,3.064848482608795166e-03,1.806936343200504780e-03,3.374020336195826530e-03,2.078500343486666679e-03,2.117869909852743149e-03,2.407689578831195831e-03,1.854787115007638931e-03,1.785047119483351707e-03,4.527062643319368362e-03,3.084274008870124817e-03,2.391500165686011314e-03
2.053937176242470741e-03,1.882344484329223633e-03,1.865406287834048271e-03,2.553178695961833000e-03,2.684448147192597389e-03,3.569991560652852058e-03,6.547035183757543564e-03,5.088730249553918839e-03,1.003143563866615295e-02,1.389737240970134735e-02,8.842814713716506958e-03,5.096424371004104614e-02,1.389661338180303574e-02,7.945907418616116047e-04,1.989990100264549255e-02,1.602598582394421101e-03,1.093289814889431000e-02,3.899646922945976257e-03,1.817340552806854248e-01,3.477296978235244751e-02,3.368654521182179451e-03,2.510191639885306358e-03,4.093831870704889297e-03,2.072979987133294344e-04,7.575119961984455585e-04,1.395912258885800838e-03,4.132048692554235458e-03,3.557485295459628105e-03,2.755254507064819336e-02,3.949556034058332443e-03,1.907100528478622437e-01,2.237089723348617554e-02,1.983605772256851196e-01,4.382073283195495605e-01,5.904803797602653503e-02,8.815141394734382629e-03,1.395779009908437729e-02,2.507388591766357422e-01,9.978218004107475281e-03,6.004719994962215424e-03,3.763558343052864075e-02,2.136584743857383728e-02,2.591803902760148048e-03,1.604942372068762779e-03,1.757130213081836700e-02,3.836262971162796021e-03,4.256033338606357574e-03,2.526841126382350922e-03,2.951429691165685654e-03,1.445059198886156082e-03,3.060691989958286285e-03,4.263199400156736374e-03,1.234060036949813366e-03,1.134805497713387012e-03,1.724140485748648643e-03,1.326906611211597919e-03,1.419848529621958733e-03,3.479314967989921570e-03,2.837668173015117645e-03
1.831059460528194904e-03,1.491603790782392025e-03,2.379399025812745094e-03,1.230523572303354740e-03,2.450309693813323975e-03,8.071358315646648407e-03,2.607714151963591576e-03,3.602586220949888229e-03,4.113524220883846283e-03,1.919876085594296455e-03,1.686620642431080341e-03,4.149901680648326874e-03,2.344771521165966988e-03,1.157850259914994240e-03,1.268804771825671196e-03,4.836037755012512207e-03,7.132529746741056442e-03,2.172296494245529175e-01,5.762590095400810242e-03,1.087855547666549683e-02,2.510191639885306358e-03,1.742162508890032768e-03,7.567126303911209106e-02,2.677624113857746124e-02,4.802732914686203003e-02,1.530058495700359344e-02,6.541458424180746078e-03,2.875536866486072540e-02,9.600531309843063354e-02,1.171224489808082581e-01,2.173253297805786133e-01,9.972599744796752930e-01,2.371343821287155151e-01,1.389577146619558334e-02,2.549445629119873047e-02,2.608228474855422974e-02,6.900661159306764603e-03,7.495525293052196503e-03,7.930603809654712677e-03,2.139075193554162979e-03,5.162960384041070938e-03,1.890883664600551128e-03,2.549969824030995369e-03,1.539668184705078602e-03,2.193066058680415154e-03,2.555334940552711487e-03,2.187059726566076279e-03,1.926711760461330414e-03,1.373210106976330280e-03,2.361060818657279015e-03,2.234670799225568771e-03,1.724670059047639370e-03,2.060994273051619530e-03,2.407886553555727005e-03,7.740145665593445301e-04,9.870016947388648987e-04,3.023242577910423279e-03,2.030155155807733536e-03,2.571782795712351799e-03
1.753519056364893913e-03,1.991442404687404633e-03,2.308863215148448944e-03,3.319944953545928001e-03,3.799318335950374603e-03,4.764596931636333466e-03,7.022679783403873444e-03,5.568992812186479568e-03,4.556637257337570190e-03,3.301635850220918655e-03,1.892663654871284962e-03,4.078759811818599701e-03,1.313053304329514503e-03,4.218104761093854904e-03,3.004937199875712395e-03,3.179349470883607864e-03,4.771262872964143753e-03,8.224542252719402313e-03,1.947063719853758812e-03,2.994622103869915009e-03,4.093831870704889297e-03,7.567126303911209106e-02,2.123299520462751389e-03,3.304160200059413910e-03,2.338977009057998657e-01,2.529774094000458717e-03,6.110086292028427124e-02,2.021004557609558105e-01,5.756059288978576660e-01,1.012639626860618591e-01,8.834996819496154785e-01,2.016611695289611816e-01,4.481127485632896423e-02,4.342410340905189514e-02,8.553169667720794678e-03,6.926747504621744156e-03,3.693914506584405899e-03,2.717465162277221680e-02,3.520136931911110878e-03,1.398099586367607117e-03,4.666134715080261230e-03,3.982020542025566101e-03,1.834994298405945301e-03,2.394717186689376831e-03,4.012827295809984207e-03,5.235242191702127457e-03,2.054412150755524635e-03,2.109245164319872856e-03,1.574574736878275871e-03,1.218392862938344479e-03,3.892010077834129333e-03,6.728583015501499176e-03,2.259467728435993195e-03,3.119014902040362358e-03,1.549202017486095428e-03,1.103196293115615845e-03,2.262603491544723511e-03,2.419340191408991814e-03,1.755587756633758545e-03
4.864588845521211624e-03,5.635705776512622833e-03,3.174511250108480453e-03,4.151780158281326294e-03,2.158978721126914024e-03,5.483664572238922119e-03,5.721111781895160675e-03,2.437416696920990944e-03,2.143722493201494217e-03,2.525387099012732506e-03,1.667834585532546043e-03,2.018404891714453697e-03,1.707754447124898434e-03,2.710702363401651382e-03,1.011281157843768597e-03,2.754665445536375046e-03,1.683324691839516163e-03,1.593312132172286510e-03,3.209392598364502192e-04,2.150473184883594513e-03,2.072979987133294344e-04,2.677624113857746124e-02,3.304160200059413910e-03,1.047843135893344879e-03,2.492930926382541656e-02,3.349502682685852051e-01,9.143198132514953613e-01,1.882807910442352295e-01,4.577647745609283447e-01,9.068054556846618652e-01,3.315601944923400879e-01,4.213407933712005615e-01,2.984391450881958008e-01,6.888195406645536423e-03,4.618884064257144928e-03,1.439762581139802933e-02,2.545718802139163017e-03,2.956981770694255829e-03,2.671239664778113365e-03,5.045955069363117218e-03,2.034073462709784508e-03,1.731487573124468327e-03,2.681906335055828094e-03,3.000577678903937340e-03,7.861793041229248047e-03,6.423661019653081894e-03,2.007786650210618973e-03,5.558123346418142319e-03,2.083333674818277359e-03,6.864723749458789825e-03,3.084561554715037346e-03,1.458755461499094963e-03,2.117471769452095032e-03,3.031143220141530037e-03,2.655192511156201363e-03,3.300769953057169914e-03,1.973692560568451881e-03,2.158568939194083214e-03,2.745365258306264877e-03
1.030219718813896179e-02,9.231760166585445404e-03,6.781563628464937210e-03,1.177654974162578583e-02,6.091912277042865753e-03,8.231965824961662292e-03,4.233665764331817627e-03,8.128533139824867249e-03,2.444170415401458740e-03,3.401857335120439529e-03,2.078003948554396629e-03,4.385277163237333298e-03,1.045587565749883652e-02,8.741544559597969055e-03,2.164322882890701294e-03,6.535083986818790436e-03,1.053283223882317543e-03,1.000755466520786285e-02,7.400407339446246624e-04,1.208288478665053844e-03,7.575119961984455585e-04,4.802732914686203003e-02,2.338977009057998657e-01,2.492930926382541656e-02,1.031367457471787930e-03,5.195399746298789978e-02,5.216890573501586914e-02,1.571487337350845337e-01,1.948416382074356079e-01,1.344316452741622925e-01,1.653362624347209930e-02,2.381374873220920563e-02,2.416799403727054596e-02,5.114117171615362167e-03,8.703918196260929108e-03,4.765985533595085144e-03,4.286146257072687149e-03,2.820459427312016487e-03,3.555172123014926910e-03,4.243831150233745575e-03,2.377266297116875648e-03,1.268850173801183701e-03,3.161690197885036469e-03,2.378103323280811310e-03,2.707951702177524567e-03,5.579195450991392136e-03,1.881149830296635628e-03,6.004102062433958054e-03,3.064624499529600143e-03,8.125761523842811584e-03,7.009853143244981766e-03,1.809339271858334541e-03,4.752348177134990692e-03,1.382240466773509979e-02,3.362020477652549744e-03,2.269885502755641937e-03,2.648168476298451424e-03,3.335307352244853973e-03,3.607155522331595421e-03
1.720304414629936218e-02,1.531695201992988586e-02,7.551399525254964828e-03,4.964658990502357483e-03,9.544899687170982361e-03,5.838277749717235565e-03,7.114456035196781158e-03,5.278113298118114471e-03,2.247223863378167152e-03,1.448823604732751846e-03,2.063606632873415947e-03,2.521956572309136391e-03,3.849140135571360588e-03,4.462802782654762268e-03,1.264827209524810314e-03,3.938328009098768234e-03,1.227670582011342049e-03,1.991075463593006134e-03,8.875161292962729931e-04,1.149667892605066299e-03,1.395912258885800838e-03,1.530058495700359344e-02,2.529774094000458717e-03,3.349502682685852051e-01,5.195399746298789978e-02,1.606203033588826656e-03,2.517631053924560547e-01,3.843466043472290039e-01,1.785587705671787262e-02,4.037639498710632324e-01,4.223973024636507034e-03,3.598332405090332031e-01,2.767393365502357483e-02,1.705188304185867310e-03,5.183121655136346817e-03,8.798379451036453247e-03,4.705794621258974075e-03,1.791868475265800953e-03,5.312406457960605621e-03,2.552744932472705841e-02,1.354100415483117104e-03,9.998740861192345619e-04,3.819733858108520508e-03,5.000187084078788757e-03,1.643346156924962997e-03,5.199784412980079651e-03,2.119943965226411819e-03,1.717633940279483795e-02,3.361763432621955872e-03,1.953953132033348083e-02,9.522031061351299286e-03,1.834046910516917706e-03,5.405256524682044983e-03,4.843354225158691406e-03,3.253798000514507294e-03,4.734431859105825424e-03,4.695280455052852631e-03,1.581875025294721127e-03,7.468012627214193344e-03
8.390635251998901367e-03,3.821441903710365295e-03,2.705965191125869751e-03,3.468931186944246292e-03,3.485237015411257744e-03,3.069644328206777573e-03,2.142375567927956581e-03,2.026249188929796219e-03,1.872716122306883335e-03,1.642816583625972271e-03,2.912380266934633255e-03,1.428449177183210850e-03,1.973920734599232674e-03,2.582704182714223862e-03,9.770217584446072578e-04,1.824377570301294327e-03,1.501326682046055794e-03,1.742177526466548443e-03,7.081100251525640488e-03,4.445713479071855545e-03,4.132048692554235458e-03,6.541458424180746078e-03,6.110086292028427124e-02,9.143198132514953613e-01,5.216890573501586914e-02,2.517631053924560547e-01,1.214571995660662651e-03,7.160232216119766235e-02,9.562915563583374023e-02,9.564977884292602539e-01,1.056752651929855347e-01,2.861526012420654297e-01,7.958571612834930420e-02,2.477465197443962097e-03,2.964908489957451820e-03,6.856746971607208252e-03,3.589611267670989037e-03,2.044759457930922508e-03,8.497604168951511383e-03,6.126473192125558853e-03,1.876722322776913643e-03,1.828481676056981087e-03,2.720763906836509705e-03,2.143683610484004021e-03,3.108111675828695297e-03,5.412303376942873001e-03,1.141025335527956486e-03,6.132500711828470230e-03,2.143157646059989929e-03,1.510621979832649231e-02,5.562698002904653549e-03,1.244734856300055981e-03,3.930619452148675919e-03,3.256598254665732384e-03,1.946783973835408688e-03,1.599675277248024940e-03,2.242572372779250145e-03,2.451611915603280067e-03,6.923806387931108475e-03
