1.125151291489601135e-03,3.164671733975410461e-02,1.445833742618560791e-01,4.889007285237312317e-02,9.623067080974578857e-02,3.456811606884002686e-02,2.630215510725975037e-02,4.555052518844604492e-02,1.237185206264257431e-02,1.394150406122207642e-02,3.673863131552934647e-03,5.672750063240528107e-03,5.728744436055421829e-03,1.877159439027309418e-02,4.290835466235876083e-03,1.750885136425495148e-02,3.538869554176926613e-03,6.216468289494514465e-03,3.055252134799957275e-03,2.683083759620785713e-03,1.744622248224914074e-03,2.017947612330317497e-03,1.602239208295941353e-03,3.461432410404086113e-03,6.460443604737520218e-03,5.962139461189508438e-03,2.734002191573381424e-03,4.465487785637378693e-03,2.532991115003824234e-03,3.214080352336168289e-03,1.570436288602650166e-03,2.918314188718795776e-03,2.558772917836904526e-03,2.106921048834919930e-03,2.324185101315379143e-03,6.163836922496557236e-03,5.864145699888467789e-03,2.478711307048797607e-03,3.228567773476243019e-03,1.222115848213434219e-02,3.209698945283889771e-03,2.139503834769129753e-03,4.947856534272432327e-03,1.123734191060066223e-02,2.982937963679432869e-03,6.889174226671457291e-03,3.175212768837809563e-03,7.164874114096164703e-03,1.324293855577707291e-02,9.384306147694587708e-03,7.218964863568544388e-03,5.320801399648189545e-03,6.612939294427633286e-03,1.045006513595581055e-02,1.574664004147052765e-02,2.064887620508670807e-02,7.325902581214904785e-03,3.973896149545907974e-03,7.916682399809360504e-03
3.164671733975410461e-02,1.636509550735354424e-03,1.351034939289093018e-01,2.599345743656158447e-01,1.383289396762847900e-01,8.489207364618778229e-03,6.450386345386505127e-02,2.145641483366489410e-02,1.145961042493581772e-02,6.964781321585178375e-03,1.552149746567010880e-02,3.698046319186687469e-03,1.395029760897159576e-02,2.276376448571681976e-02,6.641336251050233841e-03,4.135379940271377563e-02,3.239969257265329361e-03,1.062445063143968582e-02,3.416514256969094276e-03,2.855333732441067696e-03,2.443110104650259018e-03,1.687998999841511250e-03,1.590957748703658581e-03,3.604700556024909019e-03,4.665282089263200760e-03,8.854934945702552795e-03,4.850346595048904419e-03,4.696891643106937408e-03,2.464155433699488640e-03,3.383608069270849228e-03,2.827822230756282806e-03,2.992848632857203484e-03,2.690302673727273941e-03,2.252524485811591148e-03,3.278981428593397141e-03,6.678755860775709152e-03,1.214818842709064484e-02,2.747081220149993896e-03,6.862578913569450378e-03,8.094606921076774597e-03,4.144245758652687073e-03,1.433708937838673592e-03,6.099316757172346115e-03,8.780918084084987640e-03,2.002614550292491913e-03,6.086942739784717560e-03,1.589622232131659985e-03,3.811473026871681213e-03,3.942645620554685593e-03,6.734008900821208954e-03,2.863770117983222008e-03,4.033002536743879318e-03,7.203326560556888580e-03,4.203099757432937622e-03,7.030215580016374588e-03,7.709189783781766891e-03,3.480351762846112251e-03,2.177293645218014717e-03,1.919986493885517120e-02
1.445833742618560791e-01,1.351034939289093018e-01,2.038135379552841187e-02,8.535937964916229248e-02,3.744596540927886963e-01,7.543772459030151367e-02,1.179702952504158020e-01,6.727001070976257324e-02,7.334503810852766037e-03,6.091366522014141083e-03,7.473857607692480087e-03,6.023382302373647690e-03,4.239205271005630493e-03,6.629980169236660004e-03,7.307836785912513733e-03,1.493595540523529053e-02,2.649144735187292099e-03,5.307347048074007034e-03,1.285632699728012085e-02,3.128872020170092583e-03,2.463757060468196869e-03,1.639720168896019459e-03,1.948073157109320164e-03,2.545877592638134956e-03,6.494869478046894073e-03,7.076790090650320053e-03,3.161230124533176422e-03,3.461615182459354401e-03,2.244692528620362282e-03,2.090479480102658272e-03,7.905398961156606674e-04,3.140389919281005859e-03,3.390978556126356125e-03,1.943261828273534775e-03,3.211090574041008949e-03,4.829925484955310822e-03,8.573276922106742859e-03,2.129474421963095665e-03,3.155952785164117813e-03,1.796144060790538788e-02,3.643979784101247787e-03,1.656842185184359550e-03,4.939100705087184906e-03,4.246824420988559723e-03,3.209183458238840103e-03,5.214683245867490768e-03,2.070509595796465874e-03,4.336790181696414948e-03,6.410700269043445587e-03,2.132545970380306244e-02,3.716092323884367943e-03,2.283678622916340828e-03,3.824752289801836014e-03,4.405352752655744553e-03,4.328700248152017593e-03,1.054246351122856140e-02,2.751485677435994148e-03,2.536220941692590714e-03,4.725217353552579880e-03
4.889007285237312317e-02,2.599345743656158447e-01,8.535937964916229248e-02,8.281022310256958008e-03,7.388505935668945312e-01,2.755628712475299835e-02,1.307485811412334442e-02,9.247763156890869141e-01,1.935158818960189819e-01,7.058075163513422012e-03,1.574531048536300659e-01,1.089388318359851837e-02,6.816383916884660721e-03,1.828175410628318787e-02,9.900423698127269745e-03,9.730019606649875641e-03,3.211860079318284988e-03,1.037701591849327087e-02,3.966353833675384521e-03,3.617755835875868797e-03,4.799128044396638870e-03,2.004566369578242302e-03,1.320973271504044533e-03,2.179317874833941460e-03,4.553376697003841400e-03,3.058281959965825081e-03,2.095909789204597473e-03,2.500531030818820000e-03,1.839382108300924301e-03,1.251076115295290947e-03,1.098853535950183868e-03,2.077396959066390991e-03,1.766853965818881989e-03,1.474251737818121910e-03,3.556827548891305923e-03,2.424715785309672356e-03,3.642259165644645691e-03,2.595928031951189041e-03,3.414918668568134308e-03,6.304000038653612137e-03,2.408296568319201469e-03,1.846941537223756313e-03,2.417321316897869110e-03,4.741893149912357330e-03,6.489075254648923874e-03,4.345477558672428131e-03,1.602703821845352650e-03,4.464631434530019760e-03,5.947614554315805435e-03,1.819104771129786968e-03,2.919532591477036476e-03,2.310764277353882790e-03,4.683676175773143768e-03,1.960792578756809235e-03,2.163507509976625443e-03,4.413439426571130753e-03,3.220164682716131210e-03,2.459927927702665329e-03,6.741993594914674759e-03
9.623067080974578857e-02,1.383289396762847900e-01,3.744596540927886963e-01,7.388505935668945312e-01,1.248786412179470062e-02,1.067945957183837891e-01,9.697108864784240723e-01,8.179684281349182129e-01,7.129140663892030716e-03,6.614383310079574585e-03,1.732954755425453186e-02,4.869718570262193680e-03,1.435734704136848450e-02,8.849860168993473053e-03,5.086176563054323196e-03,6.270544603466987610e-03,2.644190564751625061e-03,3.820610465481877327e-03,4.254857543855905533e-03,2.772060688585042953e-03,1.584040932357311249e-03,2.258471446111798286e-03,2.524135867133736610e-03,2.081901533529162407e-03,4.634839016944169998e-03,8.432021364569664001e-03,2.099751029163599014e-03,3.098306246101856232e-03,1.762425759807229042e-03,1.534902025014162064e-03,1.042028539814054966e-03,3.104194300249218941e-03,2.406081883236765862e-03,1.449947129003703594e-03,5.227695219218730927e-03,5.308681167662143707e-03,5.392390303313732147e-03,1.656510168686509132e-03,1.646622549742460251e-03,3.851386485621333122e-03,1.761432737112045288e-03,1.191913266666233540e-03,4.231934901326894760e-03,3.623062279075384140e-03,1.788358902558684349e-03,3.957072272896766663e-03,1.688647549599409103e-03,1.600724994204938412e-03,4.020564258098602295e-03,4.728802479803562164e-03,3.937487956136465073e-03,2.144626341760158539e-03,3.524756291881203651e-03,2.699015429243445396e-03,2.367994282394647598e-03,2.146627521142363548e-03,2.785402117297053337e-03,3.086180891841650009e-03,5.459186621010303497e-03
3.456811606884002686e-02,8.489207364618778229e-03,7.543772459030151367e-02,2.755628712475299835e-02,1.067945957183837891e-01,1.399474684149026871e-02,4.786786623299121857e-03,6.886664032936096191e-02,6.970438361167907715e-02,8.437489159405231476e-03,4.319876059889793396e-02,1.605323888361454010e-02,7.992703467607498169e-03,2.493886277079582214e-02,2.076283842325210571e-02,1.672442071139812469e-02,1.299650315195322037e-02,2.914282865822315216e-02,5.378467496484518051e-03,9.116914123296737671e-03,3.301086835563182831e-03,2.310894196853041649e-03,3.748676273971796036e-03,2.621740102767944336e-03,5.265920422971248627e-03,5.736256483942270279e-03,2.173299668356776237e-03,2.617254154756665230e-03,2.043507527559995651e-03,3.698928281664848328e-03,1.305190147832036018e-03,2.998398616909980774e-03,2.082582330331206322e-03,1.976409927010536194e-03,5.721062887459993362e-03,3.310806350782513618e-03,4.327128175646066666e-03,2.645151456817984581e-03,3.725697752088308334e-03,4.253035876899957657e-03,3.192788222804665565e-03,2.442540833726525307e-03,4.837414715439081192e-03,4.839726723730564117e-03,3.054091939702630043e-03,4.334952216595411301e-03,4.561872221529483795e-03,4.270881880074739456e-03,1.202740333974361420e-02,1.051589939743280411e-02,3.438737709075212479e-03,3.630851162597537041e-03,7.483810652047395706e-03,4.319900646805763245e-03,2.671982860192656517e-03,2.581910928711295128e-03,3.092251718044281006e-03,2.280669054016470909e-03,3.533012699335813522e-03
2.630215510725975037e-02,6.450386345386505127e-02,1.179702952504158020e-01,1.307485811412334442e-02,9.697108864784240723e-01,4.786786623299121857e-03,3.044149605557322502e-03,4.987951740622520447e-02,3.442222625017166138e-02,1.395551953464746475e-02,6.447882391512393951e-03,1.798090990632772446e-03,4.650701954960823059e-02,8.811491541564464569e-03,1.855937950313091278e-02,2.670100517570972443e-02,8.470676839351654053e-03,1.297035627067089081e-02,1.093472354114055634e-02,5.423827562481164932e-03,7.222964428365230560e-03,3.703932743519544601e-03,5.404120776802301407e-03,3.830741625279188156e-03,7.125185802578926086e-03,1.059996336698532104e-02,1.539270975627005100e-03,5.141756962984800339e-03,1.468418864533305168e-03,2.010102150961756706e-03,2.921144710853695869e-03,2.216462511569261551e-03,2.848736243322491646e-03,1.691535697318613529e-03,5.298367701470851898e-03,3.796651493757963181e-03,9.743946604430675507e-03,2.411955967545509338e-03,2.548848278820514679e-03,3.116773907095193863e-03,2.940479665994644165e-03,2.340636914595961571e-03,2.757416339591145515e-03,4.595682490617036819e-03,2.298141596838831902e-03,3.699804889038205147e-03,3.628902137279510498e-03,3.971117082983255386e-03,6.155188195407390594e-03,4.583548754453659058e-03,2.298165578395128250e-03,3.551550442352890968e-03,2.986822044476866722e-03,3.793280571699142456e-03,2.336820587515830994e-03,3.134437836706638336e-03,3.000079886987805367e-03,2.054681070148944855e-03,6.214786786586046219e-03
4.555052518844604492e-02,2.145641483366489410e-02,6.727001070976257324e-02,9.247763156890869141e-01,8.179684281349182129e-01,6.886664032936096191e-02,4.987951740622520447e-02,3.478220663964748383e-03,1.646122522652149200e-02,2.493176795542240143e-02,4.140327870845794678e-02,1.398292602971196175e-03,7.484433054924011230e-02,2.571995370090007782e-02,2.380401641130447388e-02,4.504672437906265259e-02,6.717377807945013046e-03,1.127437315881252289e-02,7.739404682070016861e-03,1.403948199003934860e-02,9.157452732324600220e-03,6.999193690717220306e-03,2.706401515752077103e-03,3.710170509293675423e-03,5.586922634392976761e-03,3.898217109963297844e-03,2.355009084567427635e-03,3.767326241359114647e-03,1.609435304999351501e-03,2.506038872525095940e-03,1.136638806201517582e-03,2.162167569622397423e-03,1.351485028862953186e-03,1.219994388520717621e-03,3.377132350578904152e-03,2.610045485198497772e-03,4.434777423739433289e-03,2.294855192303657532e-03,2.868918934836983681e-03,3.448230214416980743e-03,2.701388206332921982e-03,1.812156639061868191e-03,2.516908105462789536e-03,3.983951639384031296e-03,2.254205523058772087e-03,3.251465270295739174e-03,2.352476352825760841e-03,3.396116895601153374e-03,6.564473267644643784e-03,2.039076061919331551e-03,2.376923803240060806e-03,2.214961219578981400e-03,3.498567501083016396e-03,2.365795429795980453e-03,1.385876443237066269e-03,1.559160999022424221e-03,1.386782154440879822e-03,1.108146738260984421e-03,2.196661429479718208e-03
1.237185206264257431e-02,1.145961042493581772e-02,7.334503810852766037e-03,1.935158818960189819e-01,7.129140663892030716e-03,6.970438361167907715e-02,3.442222625017166138e-02,1.646122522652149200e-02,4.095083475112915039e-02,6.882300600409507751e-03,2.300520800054073334e-02,5.850216746330261230e-02,7.177133578807115555e-03,1.752377860248088837e-02,6.444308906793594360e-02,8.442297577857971191e-03,3.423084616661071777e-01,3.924985975027084351e-02,4.966472089290618896e-02,1.288429647684097290e-01,1.905934885144233704e-02,8.197010494768619537e-03,4.106987267732620239e-03,1.671580015681684017e-03,2.815436106175184250e-03,2.029763069003820419e-03,1.032880274578928947e-03,2.187094185501337051e-03,2.722741570323705673e-03,1.088587683625519276e-03,1.861103577539324760e-03,2.112695481628179550e-03,1.967344665899872780e-03,2.634487580507993698e-03,2.771712839603424072e-03,1.438253093510866165e-03,1.681322697550058365e-03,1.109810825437307358e-02,1.481251209042966366e-03,1.558959716930985451e-03,6.347105372697114944e-03,6.767490413039922714e-03,1.696093822829425335e-03,1.558741554617881775e-03,7.738660555332899094e-03,3.525716252624988556e-03,8.953211829066276550e-03,3.221557708457112312e-03,4.925064276903867722e-03,2.449260791763663292e-03,2.661201404407620430e-03,1.157739572227001190e-02,1.770734554156661034e-03,1.575975795276463032e-03,1.573515124619007111e-03,1.688563148491084576e-03,5.351815372705459595e-03,2.391879912465810776e-03,3.248659893870353699e-03
1.394150406122207642e-02,6.964781321585178375e-03,6.091366522014141083e-03,7.058075163513422012e-03,6.614383310079574585e-03,8.437489159405231476e-03,1.395551953464746475e-02,2.493176795542240143e-02,6.882300600409507751e-03,3.097688965499401093e-02,3.102796077728271484e-01,6.118614077568054199e-01,7.087489962577819824e-01,1.265743523836135864e-01,6.574528664350509644e-02,6.970642507076263428e-02,1.724305003881454468e-01,2.343647927045822144e-02,1.391898002475500107e-02,4.648223519325256348e-02,5.927867721766233444e-03,4.738327581435441971e-03,6.953406147658824921e-03,2.651971997693181038e-03,2.143410500138998032e-03,2.082214690744876862e-03,1.799340941943228245e-03,3.163809888064861298e-03,2.230439102277159691e-03,1.677846186794340611e-03,1.377040054649114609e-03,2.458262024447321892e-03,1.828547799959778786e-03,4.676572512835264206e-03,3.602199256420135498e-03,2.701077377423644066e-03,2.091390779241919518e-03,9.100560098886489868e-03,1.599563285708427429e-03,1.865538652054965496e-03,3.621193114668130875e-03,3.262565704062581062e-03,1.648825244046747684e-03,1.273952540941536427e-03,2.784293610602617264e-03,2.538870088756084442e-03,2.797955879941582680e-03,2.069277456030249596e-03,4.600879270583391190e-03,2.183844568207859993e-03,1.862719072960317135e-03,4.100262187421321869e-03,2.288183197379112244e-03,1.886017504148185253e-03,1.509504858404397964e-03,2.084797248244285583e-03,2.776196226477622986e-03,1.724784029647707939e-03,1.917798537760972977e-03
3.673863131552934647e-03,1.552149746567010880e-02,7.473857607692480087e-03,1.574531048536300659e-01,1.732954755425453186e-02,4.319876059889793396e-02,6.447882391512393951e-03,4.140327870845794678e-02,2.300520800054073334e-02,3.102796077728271484e-01,4.144245176576077938e-04,5.235255509614944458e-02,2.424247413873672485e-01,5.999122262001037598e-01,1.577989608049392700e-01,1.049007028341293335e-01,5.728653073310852051e-02,1.111919060349464417e-01,3.719733655452728271e-02,5.826590955257415771e-02,6.075987126678228378e-03,4.540532827377319336e-03,3.625314449891448021e-03,2.602873370051383972e-03,3.681012429296970367e-03,2.388300839811563492e-03,1.881385222077369690e-03,2.177036833018064499e-03,1.013181405141949654e-03,1.421233755536377430e-03,1.735848258249461651e-03,1.234064227901399136e-03,1.286134473048150539e-03,9.689166327007114887e-04,7.370917592197656631e-03,2.365379128605127335e-03,4.335058853030204773e-03,4.905522335320711136e-03,1.477852812968194485e-03,1.636542147025465965e-03,6.917281541973352432e-03,2.302253851667046547e-03,2.339627128094434738e-03,3.652778221294283867e-03,3.781005740165710449e-03,2.845602110028266907e-03,1.597322872839868069e-03,1.218741177581250668e-03,4.220729228109121323e-03,2.004120964556932449e-03,1.777905737981200218e-03,4.179792013019323349e-03,2.166198100894689560e-03,2.509546931833028793e-03,1.130281365476548672e-03,3.842863487079739571e-03,1.414673170074820518e-03,2.240748610347509384e-03,1.860263175331056118e-03
5.672750063240528107e-03,3.698046319186687469e-03,6.023382302373647690e-03,1.089388318359851837e-02,4.869718570262193680e-03,1.605323888361454010e-02,1.798090990632772446e-03,1.398292602971196175e-03,5.850216746330261230e-02,6.118614077568054199e-01,5.235255509614944458e-02,5.494851991534233093e-02,2.504274435341358185e-02,1.522321999073028564e-01,1.420396268367767334e-01,2.560710720717906952e-02,1.878584921360015869e-01,2.792546898126602173e-02,6.135227158665657043e-02,5.280755832791328430e-02,1.618192158639431000e-02,8.198596537113189697e-03,4.651280585676431656e-03,2.285289345309138298e-03,4.110510926693677902e-03,2.164528938010334969e-03,1.569496002048254013e-03,3.362086135894060135e-03,3.392953425645828247e-03,2.092355396598577499e-03,1.867910963483154774e-03,2.579259919002652168e-03,3.400325309485197067e-03,3.669765545055270195e-03,2.757167443633079529e-03,2.356848213821649551e-03,2.752670086920261383e-03,5.648276302963495255e-03,2.186864148825407028e-03,2.165690995752811432e-03,5.875713191926479340e-03,3.341304138302803040e-03,2.266249153763055801e-03,2.106057014316320419e-03,5.761694163084030151e-03,4.374923650175333023e-03,4.245487973093986511e-03,2.425113925710320473e-03,4.833894781768321991e-03,1.998673891648650169e-03,2.397141419351100922e-03,4.654780961573123932e-03,1.411432167515158653e-03,2.455900190398097038e-03,2.176862908527255058e-03,2.688160631805658340e-03,3.501686034724116325e-03,2.132348949089646339e-03,2.839269116520881653e-03
5.728744436055421829e-03,1.395029760897159576e-02,4.239205271005630493e-03,6.816383916884660721e-03,1.435734704136848450e-02,7.992703467607498169e-03,4.650701954960823059e-02,7.484433054924011230e-02,7.177133578807115555e-03,7.087489962577819824e-01,2.424247413873672485e-01,2.504274435341358185e-02,1.362925511784851551e-03,1.195454150438308716e-01,8.908759057521820068e-02,7.201658189296722412e-02,9.512038901448249817e-03,1.689417473971843719e-02,3.109849616885185242e-02,1.764005795121192932e-02,4.828257486224174500e-03,3.726449795067310333e-03,3.490625182166695595e-03,3.089166246354579926e-03,1.030350010842084885e-02,4.734220448881387711e-03,1.872552791610360146e-03,3.281363751739263535e-03,2.458076225593686104e-03,3.972035832703113556e-03,3.907645586878061295e-03,3.828256856650114059e-03,2.552178222686052322e-03,2.663010265678167343e-03,6.466703023761510849e-03,3.362273098900914192e-03,5.609265062958002090e-03,8.600052446126937866e-03,1.359108835458755493e-03,2.563481219112873077e-03,3.212144132703542709e-03,2.217588014900684357e-03,2.096476266160607338e-03,2.157682785764336586e-03,3.492931369692087173e-03,2.742120530456304550e-03,2.274196362122893333e-03,2.775603439658880234e-03,5.085988435894250870e-03,1.523543265648186207e-03,1.583899138495326042e-03,2.652880270034074783e-03,2.358124358579516411e-03,6.299127358943223953e-03,3.988093696534633636e-03,3.599963383749127388e-03,1.631517778150737286e-03,2.287385519593954086e-03,2.923719352111220360e-03
1.877159439027309418e-02,2.276376448571681976e-02,6.629980169236660004e-03,1.828175410628318787e-02,8.849860168993473053e-03,2.493886277079582214e-02,8.811491541564464569e-03,2.571995370090007782e-02,1.752377860248088837e-02,1.265743523836135864e-01,5.999122262001037598e-01,1.522321999073028564e-01,1.195454150438308716e-01,2.551421988755464554e-03,4.512030258774757385e-02,9.818848222494125366e-02,8.872956968843936920e-03,1.168319396674633026e-02,1.975816115736961365e-02,1.371700875461101532e-02,2.861878136172890663e-03,2.151191700249910355e-03,2.031046198680996895e-03,2.073817653581500053e-03,3.331295913085341454e-03,2.892211545258760452e-03,3.355236956849694252e-03,2.393420087173581123e-03,1.885278150439262390e-03,3.217668039724230766e-03,3.943499643355607986e-03,1.889475854113698006e-03,3.551483154296875000e-03,9.199364110827445984e-03,4.616324324160814285e-03,3.192839911207556725e-03,5.366805009543895721e-03,6.277524400502443314e-03,1.883937045931816101e-03,2.307628979906439781e-03,5.124314688146114349e-03,2.956665586680173874e-03,2.882792381569743156e-03,2.669423585757613182e-03,6.468084640800952911e-03,5.485592409968376160e-03,2.020320855081081390e-03,2.277954714372754097e-03,9.255014359951019287e-03,2.761085052043199539e-03,1.994850113987922668e-03,2.705862512812018394e-03,2.734358422458171844e-03,1.764381420798599720e-03,1.340872026048600674e-03,3.079479327425360680e-03,2.030060393735766411e-03,1.993509242311120033e-03,4.502034746110439301e-03
4.290835466235876083e-03,6.641336251050233841e-03,7.307836785912513733e-03,9.900423698127269745e-03,5.086176563054323196e-03,2.076283842325210571e-02,1.855937950313091278e-02,2.380401641130447388e-02,6.444308906793594360e-02,6.574528664350509644e-02,1.577989608049392700e-01,1.420396268367767334e-01,8.908759057521820068e-02,4.512030258774757385e-02,5.870523396879434586e-03,1.337131857872009277e-02,6.670984625816345215e-02,3.678187355399131775e-02,1.433982700109481812e-02,1.941563561558723450e-02,1.795974001288414001e-02,1.668809913098812103e-03,6.658193655312061310e-03,1.164516666904091835e-03,1.633038627915084362e-03,2.135701710358262062e-03,9.783989517018198967e-04,2.319747814908623695e-03,2.500195521861314774e-03,2.307570772245526314e-03,2.559115178883075714e-03,2.466087928041815758e-03,3.053819062188267708e-03,5.117102526128292084e-03,8.087561465799808502e-03,2.707370789721608162e-03,4.024790599942207336e-03,2.228767052292823792e-02,4.962553735822439194e-03,1.822817721404135227e-03,8.320132270455360413e-03,8.253588341176509857e-03,3.707268740981817245e-03,3.537714481353759766e-03,1.049981638789176941e-02,4.074005410075187683e-03,3.776421770453453064e-03,2.353577641770243645e-03,2.656135940924286842e-03,1.881009200587868690e-03,2.109710825607180595e-03,5.761480890214443207e-03,3.482002764940261841e-03,2.798357512801885605e-03,1.486779539845883846e-03,1.647321856580674648e-03,3.363524330779910088e-03,1.610396546311676502e-03,2.772879321128129959e-03
1.750885136425495148e-02,4.135379940271377563e-02,1.493595540523529053e-02,9.730019606649875641e-03,6.270544603466987610e-03,1.672442071139812469e-02,2.670100517570972443e-02,4.504672437906265259e-02,8.442297577857971191e-03,6.970642507076263428e-02,1.049007028341293335e-01,2.560710720717906952e-02,7.201658189296722412e-02,9.818848222494125366e-02,1.337131857872009277e-02,6.533545674756169319e-04,6.655289325863122940e-03,5.470803380012512207e-01,1.473241150379180908e-01,7.910771295428276062e-03,9.283438324928283691e-03,5.125550087541341782e-03,4.923958797007799149e-03,9.188882075250148773e-03,4.608193878084421158e-03,3.899606177583336830e-03,2.552786376327276230e-03,2.527485368773341179e-03,1.469740993343293667e-03,3.651754464954137802e-03,1.617794041521847248e-03,7.555378135293722153e-03,2.751727588474750519e-03,2.513561863452196121e-03,3.542506834492087364e-03,2.701881574466824532e-03,8.716874755918979645e-03,2.792353741824626923e-03,1.959466142579913139e-03,2.615265781059861183e-03,3.566268598660826683e-03,1.735687954351305962e-03,2.745271194726228714e-03,5.034510511904954910e-03,6.783137097954750061e-03,5.133073776960372925e-03,1.427420414984226227e-03,2.687166212126612663e-03,2.384140621870756149e-03,3.458141116425395012e-03,1.795425196178257465e-03,1.698804087936878204e-03,2.542599337175488472e-03,2.523882547393441200e-03,3.190421499311923981e-03,2.923159161582589149e-03,1.818233868107199669e-03,1.218594843521714211e-03,4.921798594295978546e-03
3.538869554176926613e-03,3.239969257265329361e-03,2.649144735187292099e-03,3.211860079318284988e-03,2.644190564751625061e-03,1.299650315195322037e-02,8.470676839351654053e-03,6.717377807945013046e-03,3.423084616661071777e-01,1.724305003881454468e-01,5.728653073310852051e-02,1.878584921360015869e-01,9.512038901448249817e-03,8.872956968843936920e-03,6.670984625816345215e-02,6.655289325863122940e-03,3.913953155279159546e-02,5.891705304384231567e-02,1.366121023893356323e-01,3.690782189369201660e-01,2.916613221168518066e-02,7.888311520218849182e-03,3.497382393106818199e-03,1.388523261994123459e-03,1.683315262198448181e-03,1.659337198361754417e-03,1.897935057058930397e-03,3.116073319688439369e-03,4.878798499703407288e-03,3.878357820212841034e-03,2.106483792886137962e-03,3.661590628325939178e-03,4.592801909893751144e-03,5.818448029458522797e-03,9.870372712612152100e-03,2.825534669682383537e-03,3.877405542880296707e-03,1.101294253021478653e-02,1.598125440068542957e-03,1.767149195075035095e-03,9.171394631266593933e-03,3.029338316991925240e-03,1.501267310231924057e-03,1.448897412046790123e-03,1.053208298981189728e-02,3.462455933913588524e-03,4.000177606940269470e-03,2.993312664330005646e-03,2.693321090191602707e-03,1.882233307696878910e-03,4.129622131586074829e-03,4.721921868622303009e-03,9.967971127480268478e-04,2.475626301020383835e-03,1.789283473044633865e-03,3.367004450410604477e-03,5.820320919156074524e-03,2.215844579041004181e-03,1.790505950339138508e-03
6.216468289494514465e-03,1.062445063143968582e-02,5.307347048074007034e-03,1.037701591849327087e-02,3.820610465481877327e-03,2.914282865822315216e-02,1.297035627067089081e-02,1.127437315881252289e-02,3.924985975027084351e-02,2.343647927045822144e-02,1.111919060349464417e-01,2.792546898126602173e-02,1.689417473971843719e-02,1.168319396674633026e-02,3.678187355399131775e-02,5.470803380012512207e-01,5.891705304384231567e-02,1.084406627342104912e-03,1.995827555656433105e-01,3.668210282921791077e-02,6.482376717031002045e-03,1.043552979826927185e-01,8.950287010520696640e-04,7.044680416584014893e-03,2.923499792814254761e-03,2.146720420569181442e-03,2.654683776199817657e-03,4.691716749221086502e-03,5.862299818545579910e-03,6.345511414110660553e-03,1.905919634737074375e-03,5.822628270834684372e-03,4.783730022609233856e-03,3.771122545003890991e-03,5.153700709342956543e-03,8.871757425367832184e-03,5.663097370415925980e-03,4.431774374097585678e-03,2.659174613654613495e-03,3.584857564419507980e-03,3.721682121977210045e-03,2.878237282857298851e-03,2.932905452325940132e-03,2.706964034587144852e-03,5.699058994650840759e-03,2.359719015657901764e-03,2.343203639611601830e-03,3.481425344944000244e-03,4.191337153315544128e-03,1.981360604986548424e-03,1.847629202529788017e-03,1.895097433589398861e-03,2.364824293181300163e-03,1.696151215583086014e-03,1.579561620019376278e-03,1.362992450594902039e-03,2.313261153176426888e-03,1.843878766521811485e-03,1.591787324286997318e-03
3.055252134799957275e-03,3.416514256969094276e-03,1.285632699728012085e-02,3.966353833675384521e-03,4.254857543855905533e-03,5.378467496484518051e-03,1.093472354114055634e-02,7.739404682070016861e-03,4.966472089290618896e-02,1.391898002475500107e-02,3.719733655452728271e-02,6.135227158665657043e-02,3.109849616885185242e-02,1.975816115736961365e-02,1.433982700109481812e-02,1.473241150379180908e-01,1.366121023893356323e-01,1.995827555656433105e-01,3.352484432980418205e-03,2.753295376896858215e-02,4.079415798187255859e-01,6.544818729162216187e-02,3.944120544474571943e-04,1.601931056939065456e-03,1.181993866339325905e-03,5.314379814080893993e-04,4.257496912032365799e-03,4.392930772155523300e-03,6.322594359517097473e-03,8.964866399765014648e-03,1.226448640227317810e-02,3.127817763015627861e-03,4.851616919040679932e-03,8.590507321059703827e-03,1.026573777198791504e-02,7.450227625668048859e-03,1.177926361560821533e-02,1.294314581900835037e-02,2.334240823984146118e-03,2.733266446739435196e-03,9.808728471398353577e-03,2.460718853399157524e-03,3.362795803695917130e-03,7.343955803662538528e-03,4.429288674145936966e-03,4.107956774532794952e-03,2.883436623960733414e-03,1.780565711669623852e-03,3.330694744363427162e-03,1.401472138240933418e-03,1.973003149032592773e-03,2.241357462480664253e-03,1.063044881448149681e-03,1.322395051829516888e-03,1.204148167744278908e-03,1.731119235046207905e-03,1.850758795626461506e-03,1.549070817418396473e-03,2.253125654533505440e-03
2.683083759620785713e-03,2.855333732441067696e-03,3.128872020170092583e-03,3.617755835875868797e-03,2.772060688585042953e-03,9.116914123296737671e-03,5.423827562481164932e-03,1.403948199003934860e-02,1.288429647684097290e-01,4.648223519325256348e-02,5.826590955257415771e-02,5.280755832791328430e-02,1.764005795121192932e-02,1.371700875461101532e-02,1.941563561558723450e-02,7.910771295428276062e-03,3.690782189369201660e-01,3.668210282921791077e-02,2.753295376896858215e-02,1.773251965641975403e-02,2.418645471334457397e-02,1.720856130123138428e-01,2.259722677990794182e-03,9.219574742019176483e-03,3.928327467292547226e-03,1.740521285682916641e-03,4.299647174775600433e-03,6.006695330142974854e-03,1.670493930578231812e-02,1.260502263903617859e-02,6.512942723929882050e-03,4.684169311076402664e-03,1.049709226936101913e-02,7.623951882123947144e-03,1.235570013523101807e-02,3.830823581665754318e-03,4.329145886003971100e-03,9.492422454059123993e-03,1.623828778974711895e-03,1.215949538163840771e-03,5.240044556558132172e-03,3.366966033354401588e-03,2.164232311770319939e-03,1.387345488183200359e-03,3.738791681826114655e-03,3.181635169312357903e-03,3.122826339676976204e-03,2.997855423018336296e-03,1.720479922369122505e-03,1.089968252927064896e-03,3.146762959659099579e-03,2.596329199150204659e-03,9.827669709920883179e-04,1.626616460271179676e-03,1.729700830765068531e-03,1.774128642864525318e-03,5.256240256130695343e-03,1.540703582577407360e-03,2.462404780089855194e-03
1.744622248224914074e-03,2.443110104650259018e-03,2.463757060468196869e-03,4.799128044396638870e-03,1.584040932357311249e-03,3.301086835563182831e-03,7.222964428365230560e-03,9.157452732324600220e-03,1.905934885144233704e-02,5.927867721766233444e-03,6.075987126678228378e-03,1.618192158639431000e-02,4.828257486224174500e-03,2.861878136172890663e-03,1.795974001288414001e-02,9.283438324928283691e-03,2.916613221168518066e-02,6.482376717031002045e-03,4.079415798187255859e-01,2.418645471334457397e-02,2.764976816251873970e-03,1.577963703311979771e-03,5.890976637601852417e-03,6.857478292658925056e-04,1.988172531127929688e-03,5.308818654157221317e-04,6.811382248997688293e-03,5.467611830681562424e-03,7.117965817451477051e-02,7.649912964552640915e-03,4.578704014420509338e-02,3.638841211795806885e-02,3.789261728525161743e-02,1.070032045245170593e-01,5.940748751163482666e-02,8.803749457001686096e-03,1.552040968090295792e-02,1.945589631795883179e-01,4.541839007288217545e-03,3.194822231307625771e-03,4.684042185544967651e-02,9.487769566476345062e-03,2.225914504379034042e-03,4.231115337461233139e-03,1.517610903829336166e-02,3.641894552856683731e-03,3.158801468089222908e-03,2.492375671863555908e-03,2.774307737126946449e-03,1.182038336992263794e-03,4.711226560175418854e-03,4.094821400940418243e-03,1.766831264831125736e-03,1.575321657583117485e-03,1.600602990947663784e-03,1.015887362882494926e-03,2.095148898661136627e-03,1.702669775113463402e-03,1.946331001818180084e-03
2.017947612330317497e-03,1.687998999841511250e-03,1.639720168896019459e-03,2.004566369578242302e-03,2.258471446111798286e-03,2.310894196853041649e-03,3.703932743519544601e-03,6.999193690717220306e-03,8.197010494768619537e-03,4.738327581435441971e-03,4.540532827377319336e-03,8.198596537113189697e-03,3.726449795067310333e-03,2.151191700249910355e-03,1.668809913098812103e-03,5.125550087541341782e-03,7.888311520218849182e-03,1.043552979826927185e-01,6.544818729162216187e-02,1.720856130123138428e-01,1.577963703311979771e-03,3.825800493359565735e-02,2.158588469028472900e-01,7.725540548563003540e-02,4.849006235599517822e-02,3.601376200094819069e-03,3.508716821670532227e-02,7.965791225433349609e-02,6.085660457611083984e-01,3.167117536067962646e-01,6.210915744304656982e-02,5.738739967346191406e-01,1.113836839795112610e-01,4.520348273217678070e-03,7.650864776223897934e-03,3.811805974692106247e-03,4.273484461009502411e-03,3.251584013924002647e-03,2.426470862701535225e-03,1.773634692654013634e-03,2.940036822110414505e-03,1.640493050217628479e-03,1.197823788970708847e-03,1.379827619530260563e-03,1.487519475631415844e-03,2.999884309247136116e-03,1.031773863360285759e-03,1.814318704418838024e-03,1.293064444325864315e-03,9.089451632462441921e-04,1.587602891959249973e-03,1.536610070616006851e-03,1.220915000885725021e-03,2.780640497803688049e-03,1.540126395411789417e-03,1.808930188417434692e-03,2.044601831585168839e-03,1.151398522779345512e-03,1.471144030801951885e-03
1.602239208295941353e-03,1.590957748703658581e-03,1.948073157109320164e-03,1.320973271504044533e-03,2.524135867133736610e-03,3.748676273971796036e-03,5.404120776802301407e-03,2.706401515752077103e-03,4.106987267732620239e-03,6.953406147658824921e-03,3.625314449891448021e-03,4.651280585676431656e-03,3.490625182166695595e-03,2.031046198680996895e-03,6.658193655312061310e-03,4.923958797007799149e-03,3.497382393106818199e-03,8.950287010520696640e-04,3.944120544474571943e-04,2.259722677990794182e-03,5.890976637601852417e-03,2.158588469028472900e-01,2.473153639584779739e-03,6.011659745126962662e-03,4.759996384382247925e-02,1.752832205966114998e-03,2.335029840469360352e-01,1.769748330116271973e-01,8.714868426322937012e-01,1.254528462886810303e-01,3.717879354953765869e-01,4.112190008163452148e-02,7.818734645843505859e-02,2.757774479687213898e-02,1.154853776097297668e-02,5.879710894078016281e-03,1.039275154471397400e-02,2.087593078613281250e-02,5.397771019488573074e-03,2.394295763224363327e-03,1.525069773197174072e-02,8.128425106406211853e-03,1.160589861683547497e-03,3.366067074239253998e-03,3.776385681703686714e-03,4.752097651362419128e-03,2.753879874944686890e-03,2.495553577318787575e-03,1.965207513421773911e-03,2.225947333499789238e-03,3.683445742353796959e-03,4.717138130217790604e-03,3.116406733170151711e-03,3.464937908574938774e-03,2.000642009079456329e-03,1.524153398349881172e-03,3.527174005284905434e-03,1.322904019616544247e-03,2.000071574002504349e-03
3.461432410404086113e-03,3.604700556024909019e-03,2.545877592638134956e-03,2.179317874833941460e-03,2.081901533529162407e-03,2.621740102767944336e-03,3.830741625279188156e-03,3.710170509293675423e-03,1.671580015681684017e-03,2.651971997693181038e-03,2.602873370051383972e-03,2.285289345309138298e-03,3.089166246354579926e-03,2.073817653581500053e-03,1.164516666904091835e-03,9.188882075250148773e-03,1.388523261994123459e-03,7.044680416584014893e-03,1.601931056939065456e-03,9.219574742019176483e-03,6.857478292658925056e-04,7.725540548563003540e-02,6.011659745126962662e-03,1.808674540370702744e-03,1.415874157100915909e-02,4.864209890365600586e-01,9.763646721839904785e-01,1.162720248103141785e-01,6.898514181375503540e-02,4.401291906833648682e-01,1.567665636539459229e-01,1.439080387353897095e-01,1.430325061082839966e-01,3.522008890286087990e-03,3.712750039994716644e-03,8.568633347749710083e-03,4.301733803004026413e-03,3.609456587582826614e-03,2.426462713629007339e-03,6.978097837418317795e-03,2.395814517512917519e-03,1.845224527642130852e-03,1.897781621664762497e-03,1.238285191357135773e-02,1.428984291851520538e-02,6.428038701415061951e-03,1.422109780833125114e-03,3.566226456314325333e-03,3.288897220045328140e-03,3.124098526313900948e-03,1.905883545987308025e-03,1.482269959524273872e-03,2.196730347350239754e-03,2.994560869410634041e-03,4.358300007879734039e-03,3.624508623033761978e-03,2.390750451013445854e-03,1.096920808777213097e-03,2.860916079953312874e-03
6.460443604737520218e-03,4.665282089263200760e-03,6.494869478046894073e-03,4.553376697003841400e-03,4.634839016944169998e-03,5.265920422971248627e-03,7.125185802578926086e-03,5.586922634392976761e-03,2.815436106175184250e-03,2.143410500138998032e-03,3.681012429296970367e-03,4.110510926693677902e-03,1.030350010842084885e-02,3.331295913085341454e-03,1.633038627915084362e-03,4.608193878084421158e-03,1.683315262198448181e-03,2.923499792814254761e-03,1.181993866339325905e-03,3.928327467292547226e-03,1.988172531127929688e-03,4.849006235599517822e-02,4.759996384382247925e-02,1.415874157100915909e-02,9.264355758205056190e-04,1.238102614879608154e-01,6.561480462551116943e-02,6.957510113716125488e-02,4.199691861867904663e-02,1.576471924781799316e-01,2.762299589812755585e-02,2.647392079234123230e-02,2.305189706385135651e-02,5.858464166522026062e-03,7.142734713852405548e-03,1.784578710794448853e-02,1.558988820761442184e-02,5.127882119268178940e-03,9.341330267488956451e-03,8.245934732258319855e-03,5.132028833031654358e-03,1.938874833285808563e-03,3.895432921126484871e-03,9.014135226607322693e-03,3.522256622090935707e-03,5.326788406819105148e-03,1.709058764390647411e-03,4.611073527485132217e-03,4.777328111231327057e-03,4.668978974223136902e-03,4.150060936808586121e-03,1.923408126458525658e-03,2.027201000601053238e-03,5.779947619885206223e-03,3.765930654481053352e-03,4.012796562165021896e-03,2.263174159452319145e-03,3.263877937570214272e-03,3.122651018202304840e-03
5.962139461189508438e-03,8.854934945702552795e-03,7.076790090650320053e-03,3.058281959965825081e-03,8.432021364569664001e-03,5.736256483942270279e-03,1.059996336698532104e-02,3.898217109963297844e-03,2.029763069003820419e-03,2.082214690744876862e-03,2.388300839811563492e-03,2.164528938010334969e-03,4.734220448881387711e-03,2.892211545258760452e-03,2.135701710358262062e-03,3.899606177583336830e-03,1.659337198361754417e-03,2.146720420569181442e-03,5.314379814080893993e-04,1.740521285682916641e-03,5.308818654157221317e-04,3.601376200094819069e-03,1.752832205966114998e-03,4.864209890365600586e-01,1.238102614879608154e-01,2.672111382707953453e-03,7.792782783508300781e-02,3.599160909652709961e-01,7.859970442950725555e-03,1.040895581245422363e-01,5.751378368586301804e-03,4.643109440803527832e-02,2.810191549360752106e-02,2.069481182843446732e-03,3.562408965080976486e-03,3.980131074786186218e-02,1.299013197422027588e-02,2.566865645349025726e-03,2.436610870063304901e-02,3.030999563634395599e-02,1.956610940396785736e-03,1.124387839809060097e-03,1.014148723334074020e-02,1.484385412186384201e-02,2.070998074486851692e-03,7.761861663311719894e-03,2.481753705069422722e-03,1.715103350579738617e-02,7.532782852649688721e-03,1.785041019320487976e-02,6.643170025199651718e-03,1.276460010558366776e-03,3.347055986523628235e-03,6.118215620517730713e-03,4.818296525627374649e-03,6.295844912528991699e-03,5.550948902964591980e-03,1.499816891737282276e-03,7.061935961246490479e-03
2.734002191573381424e-03,4.850346595048904419e-03,3.161230124533176422e-03,2.095909789204597473e-03,2.099751029163599014e-03,2.173299668356776237e-03,1.539270975627005100e-03,2.355009084567427635e-03,1.032880274578928947e-03,1.799340941943228245e-03,1.881385222077369690e-03,1.569496002048254013e-03,1.872552791610360146e-03,3.355236956849694252e-03,9.783989517018198967e-04,2.552786376327276230e-03,1.897935057058930397e-03,2.654683776199817657e-03,4.257496912032365799e-03,4.299647174775600433e-03,6.811382248997688293e-03,3.508716821670532227e-02,2.335029840469360352e-01,9.763646721839904785e-01,6.561480462551116943e-02,7.792782783508300781e-02,1.274196431040763855e-03,1.655339598655700684e-01,6.662086397409439087e-02,8.833888769149780273e-01,1.845842413604259491e-02,3.617104887962341309e-02,1.064926162362098694e-01,7.232633419334888458e-03,3.931144252419471741e-03,1.341219991445541382e-02,6.112865637987852097e-03,5.994988139718770981e-03,5.178955849260091782e-03,8.308801800012588501e-03,2.244063653051853180e-03,1.181607716716825962e-03,3.913834691047668457e-03,7.715802639722824097e-03,4.895811434835195541e-03,5.088790785521268845e-03,1.738630118779838085e-03,4.856578540056943893e-03,1.981985755264759064e-03,3.167237387970089912e-03,2.959179924800992012e-03,1.225178246386349201e-03,1.877232338301837444e-03,3.231475362554192543e-03,2.910537878051400185e-03,3.213880350813269615e-03,3.138048574328422546e-03,1.405587769113481045e-03,4.544920753687620163e-03
