4.593899648170918226e-04,3.511663898825645447e-02,2.686747014522552490e-01,4.906031116843223572e-02,6.737549602985382080e-02,2.840962074697017670e-02,6.452155858278274536e-02,2.356910333037376404e-02,2.814821340143680573e-02,1.451710704714059830e-02,1.995609886944293976e-02,1.405498851090669632e-02,1.078208535909652710e-02,4.142053425312042236e-02,7.205420173704624176e-03,1.934371888637542725e-02,7.140263449400663376e-03,7.446462288498878479e-03,3.848175052553415298e-03,3.878429299220442772e-03,3.310563741251826286e-03,2.668947679921984673e-03,1.625529490411281586e-03,4.181427881121635437e-03,5.071697756648063660e-03,6.586457137018442154e-03,3.822478698566555977e-03,3.825203282758593559e-03,2.821260131895542145e-03,3.052487969398498535e-03,1.432682503946125507e-03,2.670798916369676590e-03,2.615963574498891830e-03,2.476498018950223923e-03,1.868535182438790798e-03,6.682651583105325699e-03,5.137719679623842239e-03,2.106408821418881416e-03,1.949463388882577419e-03,1.000343170017004013e-02,4.770900588482618332e-03,1.206594868563115597e-03,4.220110364258289337e-03,8.976901881396770477e-03,3.363668452948331833e-03,4.585533402860164642e-03,2.122404519468545914e-03,4.861909896135330200e-03,6.094309035688638687e-03,5.858435761183500290e-03,4.402586724609136581e-03,3.665585536509752274e-03,3.879934782162308693e-03,3.135004313662648201e-03,1.387647725641727448e-02,7.713940925896167755e-03,7.332525216042995453e-03,3.143329173326492310e-03,8.542876690626144409e-03
3.511663898825645447e-02,2.142505021765828133e-03,3.661451935768127441e-01,3.593855723738670349e-02,1.297065019607543945e-01,7.680001202970743179e-03,9.023866802453994751e-02,3.490597009658813477e-02,1.573273167014122009e-02,6.936305668205022812e-03,2.504344843327999115e-02,7.382453884929418564e-03,8.627322502434253693e-03,1.661035045981407166e-02,4.384700674563646317e-03,1.179184205830097198e-02,2.578246640041470528e-03,5.008043255656957626e-03,3.046773141250014305e-03,3.107077442109584808e-03,3.869858104735612869e-03,3.198885358870029449e-03,2.149651991203427315e-03,3.193333046510815620e-03,8.602853864431381226e-03,1.471128314733505249e-02,1.037259120494127274e-02,2.704408718273043633e-03,2.677273005247116089e-03,2.590524731203913689e-03,3.119621425867080688e-03,3.111496800556778908e-03,2.854987280443310738e-03,2.500392962247133255e-03,3.146596951410174370e-03,7.118816021829843521e-03,1.231718063354492188e-02,1.896284637041389942e-03,2.976101823151111603e-03,1.463806163519620895e-02,2.181082498282194138e-03,1.509083784185349941e-03,4.897516686469316483e-03,6.797901820391416550e-03,3.850517561659216881e-03,4.674619529396295547e-03,2.069826936349272728e-03,2.851292025297880173e-03,6.176182068884372711e-03,6.367114372551441193e-03,2.389324828982353210e-03,2.025938592851161957e-03,4.638945218175649643e-03,5.685836542397737503e-03,7.216230966150760651e-03,1.026631984859704971e-02,4.784844815731048584e-03,4.117336589843034744e-03,1.547426450997591019e-02
2.686747014522552490e-01,3.661451935768127441e-01,6.377483904361724854e-02,3.586123511195182800e-02,2.117476314306259155e-01,4.114562645554542542e-02,5.839030444622039795e-02,1.631525345146656036e-02,1.577298715710639954e-02,4.101533908396959305e-03,1.595805026590824127e-02,5.076399073004722595e-03,2.441038005053997040e-02,1.466769259423017502e-02,7.060183677822351456e-03,1.036897394806146622e-02,5.170928779989480972e-03,8.106714114546775818e-03,9.381114505231380463e-03,3.550821449607610703e-03,3.041737014427781105e-03,3.218221710994839668e-03,1.653659506700932980e-03,2.798490691930055618e-03,8.432276546955108643e-03,7.119270972907543182e-03,2.320576692000031471e-03,5.390124861150979996e-03,2.353407675400376320e-03,2.284845802932977676e-03,1.147408154793083668e-03,2.254497259855270386e-03,2.325974870473146439e-03,2.213889732956886292e-03,1.683118054643273354e-03,5.261925049126148224e-03,4.851831123232841492e-03,1.613068976439535618e-03,2.456491114571690559e-03,1.333956141024827957e-02,2.534735016524791718e-03,1.557828392833471298e-03,4.838254768401384354e-03,5.300544667989015579e-03,3.602533135563135147e-03,3.333549713715910912e-03,2.147047314792871475e-03,3.294034395366907120e-03,4.021660424768924713e-03,5.225073080509901047e-03,3.222787752747535706e-03,1.905334764160215855e-03,2.927518216893076897e-03,4.112162627279758453e-03,7.524648215621709824e-03,5.202216561883687973e-03,5.995696410536766052e-03,2.442157594487071037e-03,1.110927667468786240e-02
4.906031116843223572e-02,3.593855723738670349e-02,3.586123511195182800e-02,7.248572073876857758e-03,1.011842265725135803e-01,2.013071626424789429e-02,5.760320276021957397e-02,9.922478199005126953e-01,1.480164676904678345e-01,1.166696287691593170e-02,6.081345677375793457e-02,8.080434054136276245e-03,1.618174649775028229e-02,1.566397212445735931e-02,8.739875629544258118e-03,6.264741066843271255e-03,2.811190206557512283e-03,4.875982180237770081e-03,3.750072559341788292e-03,5.370298400521278381e-03,5.421813577413558960e-03,3.836913267150521278e-03,1.983550144359469414e-03,3.326075850054621696e-03,1.073718909174203873e-02,4.604776389896869659e-03,4.149138927459716797e-03,2.852483885362744331e-03,3.297728020697832108e-03,1.678254338912665844e-03,1.336894812993705273e-03,2.123577287420630455e-03,3.141871187835931778e-03,2.054159995168447495e-03,4.836684558540582657e-03,2.072041155770421028e-03,3.079588990658521652e-03,1.961277797818183899e-03,1.899144961498677731e-03,3.372008679434657097e-03,1.989409560337662697e-03,1.772179733961820602e-03,2.160574542358517647e-03,5.215368699282407761e-03,6.069053895771503448e-03,2.613823395222425461e-03,1.258444041013717651e-03,2.237580483779311180e-03,5.091736558824777603e-03,2.252202946692705154e-03,4.963422659784555435e-03,1.891909865662455559e-03,2.338001737371087074e-03,2.686470979824662209e-03,3.610406536608934402e-03,4.438739269971847534e-03,1.018132828176021576e-02,3.807124448940157890e-03,6.747769191861152649e-03
6.737549602985382080e-02,1.297065019607543945e-01,2.117476314306259155e-01,1.011842265725135803e-01,8.786510676145553589e-03,5.954995751380920410e-02,9.007796645164489746e-01,5.149914622306823730e-01,1.739717088639736176e-02,1.141126826405525208e-02,5.586350709199905396e-02,3.417701227590441704e-03,1.954912953078746796e-02,5.820158403366804123e-03,5.881425458937883377e-03,7.058723829686641693e-03,3.479685401543974876e-03,4.341714084148406982e-03,6.862256675958633423e-03,2.633469179272651672e-03,2.426949795335531235e-03,3.851214423775672913e-03,2.343586180359125137e-03,2.570239594206213951e-03,7.698502857238054276e-03,7.609674241393804550e-03,4.500705748796463013e-03,3.774864599108695984e-03,3.082279581576585770e-03,1.811036723665893078e-03,1.138620777055621147e-03,3.377674845978617668e-03,2.673209412023425102e-03,2.081603510305285454e-03,4.352301359176635742e-03,4.624668974429368973e-03,5.380855407565832138e-03,1.800736528821289539e-03,2.665335312485694885e-03,4.871324636042118073e-03,3.847264684736728668e-03,1.311452360823750496e-03,4.488474223762750626e-03,1.841921010054647923e-03,2.432015258818864822e-03,2.421609591692686081e-03,1.714605605229735374e-03,1.461767475120723248e-03,2.694361377507448196e-03,2.436544746160507202e-03,2.769022714346647263e-03,1.719317398965358734e-03,6.739743053913116455e-03,3.599749412387609482e-03,3.203775966539978981e-03,3.517274744808673859e-03,3.260505618527531624e-03,3.520325990393757820e-03,6.548009347170591354e-03
2.840962074697017670e-02,7.680001202970743179e-03,4.114562645554542542e-02,2.013071626424789429e-02,5.954995751380920410e-02,1.623157598078250885e-02,1.127496827393770218e-02,6.896077841520309448e-02,6.605742126703262329e-02,1.699904166162014008e-02,8.991055190563201904e-02,7.975962013006210327e-03,7.093701045960187912e-03,2.772851474583148956e-02,1.506103854626417160e-02,7.972657680511474609e-03,1.059784833341836929e-02,1.044567767530679703e-02,1.381864771246910095e-02,6.018733140081167221e-03,6.444150581955909729e-03,1.381337177008390427e-02,5.613152403384447098e-03,3.764290595427155495e-03,4.862209316343069077e-03,7.298506796360015869e-03,2.444256329908967018e-03,2.587510272860527039e-03,3.391372039914131165e-03,6.267760880291461945e-03,1.858728472143411636e-03,2.204124815762042999e-03,2.867886563763022423e-03,2.557432278990745544e-03,3.911546897143125534e-03,3.441953565925359726e-03,4.646767862141132355e-03,4.101708997040987015e-03,2.029679948464035988e-03,4.182170610874891281e-03,4.482654854655265808e-03,1.877970411442220211e-03,3.257175441831350327e-03,3.111363621428608894e-03,3.612640779465436935e-03,5.451486911624670029e-03,4.312015604227781296e-03,1.657302025705575943e-03,3.991557750850915909e-03,3.979613538831472397e-03,2.679433207958936691e-03,2.611339325085282326e-03,2.381004625931382179e-03,4.655982833355665207e-03,3.108188277110457420e-03,5.005757790058851242e-03,4.383622668683528900e-03,3.773957258090376854e-03,7.069884799420833588e-03
6.452155858278274536e-02,9.023866802453994751e-02,5.839030444622039795e-02,5.760320276021957397e-02,9.007796645164489746e-01,1.127496827393770218e-02,2.832043450325727463e-03,2.714670449495315552e-02,2.559046447277069092e-02,2.277686260640621185e-02,3.276350442320108414e-03,4.506526980549097061e-03,3.411409258842468262e-02,4.706964828073978424e-03,6.614559330046176910e-03,9.767277166247367859e-03,4.638622049242258072e-03,1.381269004195928574e-02,1.688551157712936401e-02,6.988239008933305740e-03,6.450327113270759583e-03,7.458214182406663895e-03,3.301491495221853256e-03,7.654337212443351746e-03,1.667912676930427551e-02,6.720961537212133408e-03,1.401446876116096973e-03,2.323521766811609268e-03,2.283313777297735214e-03,1.820174395106732845e-03,2.042690990492701530e-03,3.083706833422183990e-03,2.196948975324630737e-03,1.532001304440200329e-03,4.906702786684036255e-03,5.056984256953001022e-03,9.716057218611240387e-03,2.208184916526079178e-03,3.417353611439466476e-03,3.180011175572872162e-03,4.025941248983144760e-03,1.905846293084323406e-03,5.507779773324728012e-03,4.108651075512170792e-03,2.097100950777530670e-03,4.640689119696617126e-03,1.997980754822492599e-03,3.414705861359834671e-03,3.568348241969943047e-03,2.623890526592731476e-03,1.990431221202015877e-03,1.288381870836019516e-03,2.397814299911260605e-03,4.900110885500907898e-03,3.742859233170747757e-03,7.108773104846477509e-03,4.935989622026681900e-03,3.519636578857898712e-03,1.128762215375900269e-02
2.356910333037376404e-02,3.490597009658813477e-02,1.631525345146656036e-02,9.922478199005126953e-01,5.149914622306823730e-01,6.896077841520309448e-02,2.714670449495315552e-02,2.293550875037908554e-03,3.599558025598526001e-02,5.013441666960716248e-02,2.068142220377922058e-02,1.750231720507144928e-03,1.778876036405563354e-02,1.068897731602191925e-02,1.230133138597011566e-02,1.358969695866107941e-02,1.162195205688476562e-02,1.130011864006519318e-02,1.019086129963397980e-02,6.269884761422872543e-03,8.200710639357566833e-03,4.737913608551025391e-03,6.812385283410549164e-03,2.770898165181279182e-03,6.300103385001420975e-03,6.785646546632051468e-03,2.460579620674252510e-03,1.980410423129796982e-03,3.143523354083299637e-03,1.939576235599815845e-03,1.178374630399048328e-03,1.810697838664054871e-03,1.964181894436478615e-03,1.909257145598530769e-03,3.192976349964737892e-03,3.409710247069597244e-03,5.465647205710411072e-03,2.121021505445241928e-03,2.260205335915088654e-03,8.040782995522022247e-03,4.321307409554719925e-03,1.394707709550857544e-03,2.165667247027158737e-03,7.613327354192733765e-03,2.429190557450056076e-03,3.399843815714120865e-03,1.984450966119766235e-03,2.929009264335036278e-03,2.261114073917269707e-03,3.172079799696803093e-03,2.495217602699995041e-03,2.457818947732448578e-03,2.046557376161217690e-03,3.028300125151872635e-03,2.346371766179800034e-03,2.357872202992439270e-03,2.498635789379477501e-03,1.953828847035765648e-03,5.556468386203050613e-03
2.814821340143680573e-02,1.573273167014122009e-02,1.577298715710639954e-02,1.480164676904678345e-01,1.739717088639736176e-02,6.605742126703262329e-02,2.559046447277069092e-02,3.599558025598526001e-02,2.903150394558906555e-02,1.907526887953281403e-02,2.287495881319046021e-02,3.951480239629745483e-02,3.106787800788879395e-03,7.373719941824674606e-03,3.556944802403450012e-02,8.111822418868541718e-03,2.228449136018753052e-01,1.618231646716594696e-02,3.191190958023071289e-02,1.252911388874053955e-01,7.226292788982391357e-02,9.308288805186748505e-03,2.759996801614761353e-03,1.303755911067128181e-03,2.286319155246019363e-03,2.168386243283748627e-03,1.103495946153998375e-03,2.468796679750084877e-03,3.637597197666764259e-03,1.204685657285153866e-03,2.146545797586441040e-03,1.506165834143757820e-03,2.096009440720081329e-03,3.777288133278489113e-03,3.974500577896833420e-03,1.606798032298684120e-03,2.451996784657239914e-03,4.678692668676376343e-03,1.860257005318999290e-03,1.534280949272215366e-03,1.412704214453697205e-02,5.003979429602622986e-03,1.337301684543490410e-03,2.066542627289891243e-03,1.104433462023735046e-02,2.947667380794882774e-03,3.656202228739857674e-03,2.598917577415704727e-03,2.903636777773499489e-03,1.976836938410997391e-03,2.631438663229346275e-03,7.297957316040992737e-03,2.118023112416267395e-03,1.806814223527908325e-03,1.393397455103695393e-03,1.740126172080636024e-03,5.332749336957931519e-03,3.452870529145002365e-03,5.158991552889347076e-03
1.451710704714059830e-02,6.936305668205022812e-03,4.101533908396959305e-03,1.166696287691593170e-02,1.141126826405525208e-02,1.699904166162014008e-02,2.277686260640621185e-02,5.013441666960716248e-02,1.907526887953281403e-02,2.494699321687221527e-02,8.185341209173202515e-02,2.134806066751480103e-01,2.984447479248046875e-01,4.658104106783866882e-02,6.026731058955192566e-02,1.785877160727977753e-02,1.548299044370651245e-01,2.318865060806274414e-02,2.663956955075263977e-02,2.093218266963958740e-01,1.797222532331943512e-02,6.276801694184541702e-03,5.934415385127067566e-03,2.373780356720089912e-03,3.213977906852960587e-03,2.215633634477853775e-03,1.677405321970582008e-03,2.558702370151877403e-03,2.182694617658853531e-03,1.343513606116175652e-03,2.040480729192495346e-03,1.648604520596563816e-03,2.763327211141586304e-03,2.058275509625673294e-03,4.633976146578788757e-03,2.866083057597279549e-03,3.876841627061367035e-03,4.582449793815612793e-03,1.666414085775613785e-03,2.058921847492456436e-03,5.187952890992164612e-03,2.923295600339770317e-03,9.392398060299456120e-04,2.739653224125504494e-03,3.481593914330005646e-03,3.026167163625359535e-03,2.958968980237841606e-03,2.004937501624226570e-03,3.482738975435495377e-03,1.323111355304718018e-03,2.177896676585078239e-03,4.151472356170415878e-03,1.613932312466204166e-03,2.212416613474488258e-03,1.908250502310693264e-03,2.125610364601016045e-03,3.136418992653489113e-03,2.276719780638813972e-03,2.570595359429717064e-03
1.995609886944293976e-02,2.504344843327999115e-02,1.595805026590824127e-02,6.081345677375793457e-02,5.586350709199905396e-02,8.991055190563201904e-02,3.276350442320108414e-03,2.068142220377922058e-02,2.287495881319046021e-02,8.185341209173202515e-02,6.807460449635982513e-04,1.510388497263193130e-02,2.469436377286911011e-01,8.691950142383575439e-02,6.808963418006896973e-02,1.617539487779140472e-02,2.870133705437183380e-02,1.415033172816038132e-02,6.294219940900802612e-02,9.169042110443115234e-03,7.126015610992908478e-03,2.333352575078606606e-03,2.855474594980478287e-03,2.688597654923796654e-03,3.255576826632022858e-03,1.952202059328556061e-03,2.897813916206359863e-03,1.635493128560483456e-03,1.522451289929449558e-03,1.555296010337769985e-03,2.202257048338651657e-03,1.364830415695905685e-03,2.118782140314579010e-03,1.614524866454303265e-03,7.770519237965345383e-03,2.147874794900417328e-03,4.095979034900665283e-02,4.116926342248916626e-03,2.453432884067296982e-03,8.274062536656856537e-03,6.298834923654794693e-03,2.080991398543119431e-03,5.334340501576662064e-03,5.586199928075075150e-03,9.089704602956771851e-03,4.441610071808099747e-03,1.388194737955927849e-03,1.251684501767158508e-03,2.926077926531434059e-03,4.648045636713504791e-03,1.740380423143506050e-03,2.078109886497259140e-03,4.053529351949691772e-03,3.456023754552006721e-03,1.765211578458547592e-03,4.060879815369844437e-03,3.288708161562681198e-03,1.568058156408369541e-03,3.584659891203045845e-03
1.405498851090669632e-02,7.382453884929418564e-03,5.076399073004722595e-03,8.080434054136276245e-03,3.417701227590441704e-03,7.975962013006210327e-03,4.506526980549097061e-03,1.750231720507144928e-03,3.951480239629745483e-02,2.134806066751480103e-01,1.510388497263193130e-02,5.319920834153890610e-03,1.191833429038524628e-02,7.330501824617385864e-02,1.910845935344696045e-01,5.406079441308975220e-02,6.894206255674362183e-02,3.277627751231193542e-02,7.472196221351623535e-02,4.129067063331604004e-02,2.040516957640647888e-02,1.517989300191402435e-02,5.667739082127809525e-03,2.234704792499542236e-03,3.873475128784775734e-03,3.168782452121376991e-03,1.595722977072000504e-03,2.450521802529692650e-03,4.160822834819555283e-03,1.982607413083314896e-03,2.510844729840755463e-03,2.646954730153083801e-03,3.752077464014291763e-03,3.884579753503203392e-03,3.851601853966712952e-03,3.348621539771556854e-03,2.787157427519559860e-03,6.372374948114156723e-03,1.971255755051970482e-03,2.583502791821956635e-03,6.840575952082872391e-03,4.872242454439401627e-03,2.099858829751610756e-03,2.798111410811543465e-03,1.149744074791669846e-02,4.766401369124650955e-03,5.436891689896583557e-03,3.387509612366557121e-03,3.468332812190055847e-03,1.986556220799684525e-03,2.976199612021446228e-03,4.685799125581979752e-03,2.147674560546875000e-03,2.568499417975544930e-03,1.913863117806613445e-03,2.426296705380082130e-03,4.431780893355607986e-03,2.939381403848528862e-03,5.810944363474845886e-03
1.078208535909652710e-02,8.627322502434253693e-03,2.441038005053997040e-02,1.618174649775028229e-02,1.954912953078746796e-02,7.093701045960187912e-03,3.411409258842468262e-02,1.778876036405563354e-02,3.106787800788879395e-03,2.984447479248046875e-01,2.469436377286911011e-01,1.191833429038524628e-02,6.063776090741157532e-04,4.423057660460472107e-02,5.817316100001335144e-02,2.071926295757293701e-01,6.945419590920209885e-03,1.940666325390338898e-02,5.693656951189041138e-02,1.702983304858207703e-02,1.005071308463811874e-02,9.339410811662673950e-03,5.555889103561639786e-03,1.200122758746147156e-03,3.359124995768070221e-03,1.375169842503964901e-03,1.318235998041927814e-03,2.268256386741995811e-03,2.101988298818469048e-03,2.790762111544609070e-03,2.257490530610084534e-03,2.976665273308753967e-03,1.510463887825608253e-03,3.292082808911800385e-03,5.368976388126611710e-03,3.260739613324403763e-03,3.054370637983083725e-03,5.870662163943052292e-03,2.362305764108896255e-03,5.767438560724258423e-03,5.380582530051469803e-03,2.101270249113440514e-03,2.797937253490090370e-03,2.789136953651905060e-03,8.334190584719181061e-03,3.522432642057538033e-03,1.981361536309123039e-03,5.238824058324098587e-03,2.934870775789022446e-03,5.297272466123104095e-03,2.756110858172178268e-03,2.991733374074101448e-03,6.302522029727697372e-03,3.389758989214897156e-03,3.192344913259148598e-03,5.126062780618667603e-03,2.537219785153865814e-03,3.324707038700580597e-03,7.258391939103603363e-03
4.142053425312042236e-02,1.661035045981407166e-02,1.466769259423017502e-02,1.566397212445735931e-02,5.820158403366804123e-03,2.772851474583148956e-02,4.706964828073978424e-03,1.068897731602191925e-02,7.373719941824674606e-03,4.658104106783866882e-02,8.691950142383575439e-02,7.330501824617385864e-02,4.423057660460472107e-02,1.690222183242440224e-03,2.127612940967082977e-02,2.625034749507904053e-01,5.411196965724229813e-03,2.940428815782070160e-02,2.204278670251369476e-02,6.664563436061143875e-03,2.114348812028765678e-03,3.231478622183203697e-03,1.939447014592587948e-03,1.669399556703865528e-03,6.851748563349246979e-03,6.231672596186399460e-03,3.143964102491736412e-03,2.429543994367122650e-03,2.433776389807462692e-03,2.627550624310970306e-03,2.104790648445487022e-03,1.491730217821896076e-03,2.976302988827228546e-03,5.230538547039031982e-03,3.681661328300833702e-03,3.564186859875917435e-03,9.682060219347476959e-03,5.330414976924657822e-03,2.505736192688345909e-03,3.807321656495332718e-03,7.185544352978467941e-03,2.676493953913450241e-03,4.735950846225023270e-03,2.679551206529140472e-02,1.370160561054944992e-02,1.118343416601419449e-02,2.985981525853276253e-03,1.794022507965564728e-03,5.775206256657838821e-03,4.189023282378911972e-03,2.134604612365365028e-03,2.703121863305568695e-03,6.519601680338382721e-03,2.087052445858716965e-03,1.999283675104379654e-03,2.937808167189359665e-03,3.275268478319048882e-03,2.169630955904722214e-03,4.503554664552211761e-03
7.205420173704624176e-03,4.384700674563646317e-03,7.060183677822351456e-03,8.739875629544258118e-03,5.881425458937883377e-03,1.506103854626417160e-02,6.614559330046176910e-03,1.230133138597011566e-02,3.556944802403450012e-02,6.026731058955192566e-02,6.808963418006896973e-02,1.910845935344696045e-01,5.817316100001335144e-02,2.127612940967082977e-02,9.032857418060302734e-02,1.863109879195690155e-02,3.140284717082977295e-01,9.600443765521049500e-03,1.903103291988372803e-02,7.402698509395122528e-03,1.306820195168256760e-02,2.953955205157399178e-03,4.977601114660501480e-03,8.813856402412056923e-04,2.045354107394814491e-03,1.364586642012000084e-03,1.077154651284217834e-03,2.585275331512093544e-03,2.386966487392783165e-03,1.522605656646192074e-03,2.429494401440024376e-03,1.237651566043496132e-03,1.906758057884871960e-03,5.026572383940219879e-03,5.712555255740880966e-03,6.159273441880941391e-03,4.856087733060121536e-03,1.551699358969926834e-02,7.926548831164836884e-03,3.388926386833190918e-03,1.268599741160869598e-02,1.085704844444990158e-02,2.303114859387278557e-03,5.755098536610603333e-03,8.780544623732566833e-03,1.006584893912076950e-02,4.832672420889139175e-03,1.610733103007078171e-03,3.711355151608586311e-03,1.625583739951252937e-03,2.968817017972469330e-03,5.167522467672824860e-03,3.251443617045879364e-03,1.792544848285615444e-03,1.786881592124700546e-03,2.349664457142353058e-03,3.682924201712012291e-03,1.836806535720825195e-03,3.392135957255959511e-03
1.934371888637542725e-02,1.179184205830097198e-02,1.036897394806146622e-02,6.264741066843271255e-03,7.058723829686641693e-03,7.972657680511474609e-03,9.767277166247367859e-03,1.358969695866107941e-02,8.111822418868541718e-03,1.785877160727977753e-02,1.617539487779140472e-02,5.406079441308975220e-02,2.071926295757293701e-01,2.625034749507904053e-01,1.863109879195690155e-02,6.022008601576089859e-04,1.457735896110534668e-02,5.618601441383361816e-01,1.464466005563735962e-01,5.240646190941333771e-03,8.819324895739555359e-03,5.395449697971343994e-03,2.877658465877175331e-03,1.626770594157278538e-03,5.528567358851432800e-03,1.917672576382756233e-03,2.458009403198957443e-03,2.230155514553189278e-03,2.038419246673583984e-03,4.126859828829765320e-03,1.683605951257050037e-03,6.166162900626659393e-03,5.235776305198669434e-03,3.671036567538976669e-03,5.711287725716829300e-03,4.207464866340160370e-03,1.370043959468603134e-02,3.690613433718681335e-03,3.023072844371199608e-03,7.754974998533725739e-03,6.236020475625991821e-03,1.466935966163873672e-03,6.161130033433437347e-03,3.655641106888651848e-03,1.240253634750843048e-02,7.106154691427946091e-03,2.104266081005334854e-03,4.104419611394405365e-03,3.232854884117841721e-03,2.124946098774671555e-03,2.481313422322273254e-03,1.653544488362967968e-03,1.948025892488658428e-03,3.228568937629461288e-03,3.892671549692749977e-03,3.531831083819270134e-03,1.546210492961108685e-03,1.626763609237968922e-03,3.532005706802010536e-03
7.140263449400663376e-03,2.578246640041470528e-03,5.170928779989480972e-03,2.811190206557512283e-03,3.479685401543974876e-03,1.059784833341836929e-02,4.638622049242258072e-03,1.162195205688476562e-02,2.228449136018753052e-01,1.548299044370651245e-01,2.870133705437183380e-02,6.894206255674362183e-02,6.945419590920209885e-03,5.411196965724229813e-03,3.140284717082977295e-01,1.457735896110534668e-02,2.520414628088474274e-02,3.422178700566291809e-02,1.739194244146347046e-01,1.864181086421012878e-02,2.179727517068386078e-02,9.928592480719089508e-03,3.342174692079424858e-03,1.141509623266756535e-03,1.267612562514841557e-03,1.367986784316599369e-03,2.829586854204535484e-03,3.287239000201225281e-03,6.647708825767040253e-03,2.674108371138572693e-03,2.916848054155707359e-03,3.254128852859139442e-03,7.914260029792785645e-03,5.526237189769744873e-03,8.554710075259208679e-03,3.558097174391150475e-03,4.038754850625991821e-03,1.202429924160242081e-02,2.052862197160720825e-03,1.778008183464407921e-03,5.401860456913709641e-03,6.218438968062400818e-03,1.545970444567501545e-03,2.860890235751867294e-03,1.817189343273639679e-02,4.173435736447572708e-03,8.166639134287834167e-03,3.140770597383379936e-03,3.483778564259409904e-03,1.667236210778355598e-03,3.583515528589487076e-03,5.900003015995025635e-03,1.187675865367054939e-03,2.377302385866641998e-03,2.449878258630633354e-03,2.133599249646067619e-03,5.331332795321941376e-03,3.939697518944740295e-03,1.783454790711402893e-03
7.446462288498878479e-03,5.008043255656957626e-03,8.106714114546775818e-03,4.875982180237770081e-03,4.341714084148406982e-03,1.044567767530679703e-02,1.381269004195928574e-02,1.130011864006519318e-02,1.618231646716594696e-02,2.318865060806274414e-02,1.415033172816038132e-02,3.277627751231193542e-02,1.940666325390338898e-02,2.940428815782070160e-02,9.600443765521049500e-03,5.618601441383361816e-01,3.422178700566291809e-02,1.750841736793518066e-03,7.225882261991500854e-02,9.572020918130874634e-02,6.309635937213897705e-03,1.050955355167388916e-01,4.594391211867332458e-03,4.706187639385461807e-03,3.283291822299361229e-03,1.152696670033037663e-03,5.831713788211345673e-03,4.004357382655143738e-03,8.372792974114418030e-03,2.471100538969039917e-03,4.442630801349878311e-03,3.984322771430015564e-03,4.068730864673852921e-03,6.824303884059190750e-03,9.235289879143238068e-03,3.304540179669857025e-03,7.518482860177755356e-03,9.613409638404846191e-03,2.133222762495279312e-03,5.012623500078916550e-03,5.322548095136880875e-03,2.123479265719652176e-03,1.655134605243802071e-03,4.725125618278980255e-03,5.224862135946750641e-03,3.614830086007714272e-03,2.844292903319001198e-03,2.793297870084643364e-03,2.856248756870627403e-03,2.420548815280199051e-03,3.008493455126881599e-03,2.390565117821097374e-03,2.496812026947736740e-03,2.320955274626612663e-03,2.560828346759080887e-03,2.053567674010992050e-03,4.491370636969804764e-03,1.203049905598163605e-03,2.193732885643839836e-03
3.848175052553415298e-03,3.046773141250014305e-03,9.381114505231380463e-03,3.750072559341788292e-03,6.862256675958633423e-03,1.381864771246910095e-02,1.688551157712936401e-02,1.019086129963397980e-02,3.191190958023071289e-02,2.663956955075263977e-02,6.294219940900802612e-02,7.472196221351623535e-02,5.693656951189041138e-02,2.204278670251369476e-02,1.903103291988372803e-02,1.464466005563735962e-01,1.739194244146347046e-01,7.225882261991500854e-02,1.887825317680835724e-03,2.925260551273822784e-02,1.429592967033386230e-01,4.012804478406906128e-03,1.016606227494776249e-03,2.517878892831504345e-04,2.436873037368059158e-03,2.275235019624233246e-03,9.975019842386245728e-03,2.311736578121781349e-03,4.347929265350103378e-03,3.452331991866230965e-03,5.225878208875656128e-03,4.856285639107227325e-03,6.859625224024057388e-03,7.498122751712799072e-03,1.859549432992935181e-02,4.128285218030214310e-03,9.555697441101074219e-03,1.789629645645618439e-02,2.510812599211931229e-03,3.014814807102084160e-03,2.293728291988372803e-02,7.606200873851776123e-03,4.466352984309196472e-03,3.317391499876976013e-03,3.460817504674196243e-03,3.764759050682187080e-03,4.704276099801063538e-03,1.716177561320364475e-03,2.060142112895846367e-03,1.481991261243820190e-03,2.156723989173769951e-03,2.053932286798954010e-03,1.400359557010233402e-03,1.652786624617874622e-03,8.856115746311843395e-04,1.395961502566933632e-03,2.426402643322944641e-03,1.454040757380425930e-03,2.686884952709078789e-03
3.878429299220442772e-03,3.107077442109584808e-03,3.550821449607610703e-03,5.370298400521278381e-03,2.633469179272651672e-03,6.018733140081167221e-03,6.988239008933305740e-03,6.269884761422872543e-03,1.252911388874053955e-01,2.093218266963958740e-01,9.169042110443115234e-03,4.129067063331604004e-02,1.702983304858207703e-02,6.664563436061143875e-03,7.402698509395122528e-03,5.240646190941333771e-03,1.864181086421012878e-02,9.572020918130874634e-02,2.925260551273822784e-02,2.053063921630382538e-02,3.263282030820846558e-02,3.962203487753868103e-02,3.156462917104363441e-03,2.701621968299150467e-03,2.336923032999038696e-03,3.670414211228489876e-03,3.250062465667724609e-03,5.956004839390516281e-03,1.749978959560394287e-02,3.959901630878448486e-03,8.802862837910652161e-03,5.900478456169366837e-03,8.393810130655765533e-03,9.089704602956771851e-03,1.251213904470205307e-02,2.506638644263148308e-03,4.078046884387731552e-03,1.567468792200088501e-02,2.531760139390826225e-03,1.287829712964594364e-03,9.562930092215538025e-03,6.723915226757526398e-03,2.077076816931366920e-03,2.542136237025260925e-03,9.070291183888912201e-03,3.783284220844507217e-03,6.521680392324924469e-03,3.043614327907562256e-03,3.721339395269751549e-03,1.608750550076365471e-03,4.664770793169736862e-03,5.403865128755569458e-03,1.471751485951244831e-03,2.108941087499260902e-03,1.646271441131830215e-03,2.235691528767347336e-03,3.765685716643929482e-03,2.376571064814925194e-03,3.438484389334917068e-03
3.310563741251826286e-03,3.869858104735612869e-03,3.041737014427781105e-03,5.421813577413558960e-03,2.426949795335531235e-03,6.444150581955909729e-03,6.450327113270759583e-03,8.200710639357566833e-03,7.226292788982391357e-02,1.797222532331943512e-02,7.126015610992908478e-03,2.040516957640647888e-02,1.005071308463811874e-02,2.114348812028765678e-03,1.306820195168256760e-02,8.819324895739555359e-03,2.179727517068386078e-02,6.309635937213897705e-03,1.429592967033386230e-01,3.263282030820846558e-02,3.715652739629149437e-03,4.081451334059238434e-03,6.609701085835695267e-03,4.860452318098396063e-04,7.780344691127538681e-03,5.581638542935252190e-04,3.597287461161613464e-03,6.450644694268703461e-03,2.024585939943790436e-02,2.451982581987977028e-03,1.597647368907928467e-02,1.411145739257335663e-02,5.375218391418457031e-02,5.434658378362655640e-02,4.869261384010314941e-02,4.519736394286155701e-03,1.028322335332632065e-02,1.519660204648971558e-01,6.040941923856735229e-03,5.038959905505180359e-03,4.262705519795417786e-02,1.019928231835365295e-02,2.461016178131103516e-03,2.749443985521793365e-03,1.548255514353513718e-02,4.636145662516355515e-03,4.374126438051462173e-03,2.075281692668795586e-03,2.660638187080621719e-03,1.367426593787968159e-03,4.177143331617116928e-03,3.531918162479996681e-03,1.319054048508405685e-03,1.432567951269447803e-03,1.417345134541392326e-03,1.916207373142242432e-03,1.837347866967320442e-03,1.536206225864589214e-03,2.251914935186505318e-03
2.668947679921984673e-03,3.198885358870029449e-03,3.218221710994839668e-03,3.836913267150521278e-03,3.851214423775672913e-03,1.381337177008390427e-02,7.458214182406663895e-03,4.737913608551025391e-03,9.308288805186748505e-03,6.276801694184541702e-03,2.333352575078606606e-03,1.517989300191402435e-02,9.339410811662673950e-03,3.231478622183203697e-03,2.953955205157399178e-03,5.395449697971343994e-03,9.928592480719089508e-03,1.050955355167388916e-01,4.012804478406906128e-03,3.962203487753868103e-02,4.081451334059238434e-03,2.732100896537303925e-03,1.933005750179290771e-01,2.108968421816825867e-02,1.359975636005401611e-01,1.211921591311693192e-02,1.906531490385532379e-02,7.189317047595977783e-02,1.442189812660217285e-01,3.013031743466854095e-02,2.449567988514900208e-02,2.715493738651275635e-01,4.039204493165016174e-02,7.756413426250219345e-03,1.583233848214149475e-02,2.053987002000212669e-03,3.197347279638051987e-03,4.003978800028562546e-03,4.582052119076251984e-03,1.483115018345415592e-03,4.692575894296169281e-03,2.733380999416112900e-03,1.397511805407702923e-03,1.227858825586736202e-03,2.039917511865496635e-03,3.671403042972087860e-03,1.949261175468564034e-03,2.043393906205892563e-03,1.769232447259128094e-03,1.367612858302891254e-03,1.760787446983158588e-03,1.791711547411978245e-03,2.088502747938036919e-03,3.972552716732025146e-03,1.529715023934841156e-03,1.278259325772523880e-03,4.023287910968065262e-03,1.919734408147633076e-03,3.439115127548575401e-03
1.625529490411281586e-03,2.149651991203427315e-03,1.653659506700932980e-03,1.983550144359469414e-03,2.343586180359125137e-03,5.613152403384447098e-03,3.301491495221853256e-03,6.812385283410549164e-03,2.759996801614761353e-03,5.934415385127067566e-03,2.855474594980478287e-03,5.667739082127809525e-03,5.555889103561639786e-03,1.939447014592587948e-03,4.977601114660501480e-03,2.877658465877175331e-03,3.342174692079424858e-03,4.594391211867332458e-03,1.016606227494776249e-03,3.156462917104363441e-03,6.609701085835695267e-03,1.933005750179290771e-01,1.891033840365707874e-03,1.333724055439233780e-02,5.052490904927253723e-02,3.419355023652315140e-03,1.865212619304656982e-01,1.590190082788467407e-01,3.963081836700439453e-01,1.395264863967895508e-01,3.664874434471130371e-01,1.404257863759994507e-01,8.129986375570297241e-02,3.059838339686393738e-02,1.543212868273258209e-02,1.181594841182231903e-02,5.808537825942039490e-03,6.430946290493011475e-02,9.700195863842964172e-03,2.409214386716485023e-03,3.942407667636871338e-03,4.008548799902200699e-03,1.788280438631772995e-03,2.763566561043262482e-03,3.036672947928309441e-03,2.629402093589305878e-03,1.714764861389994621e-03,1.845202757976949215e-03,2.284053480252623558e-03,1.271571032702922821e-03,2.506579970940947533e-03,6.415084004402160645e-03,2.651409711688756943e-03,2.213663421571254730e-03,1.307996455579996109e-03,1.007741899229586124e-03,1.973056700080633163e-03,1.950590871274471283e-03,2.234237035736441612e-03
4.181427881121635437e-03,3.193333046510815620e-03,2.798490691930055618e-03,3.326075850054621696e-03,2.570239594206213951e-03,3.764290595427155495e-03,7.654337212443351746e-03,2.770898165181279182e-03,1.303755911067128181e-03,2.373780356720089912e-03,2.688597654923796654e-03,2.234704792499542236e-03,1.200122758746147156e-03,1.669399556703865528e-03,8.813856402412056923e-04,1.626770594157278538e-03,1.141509623266756535e-03,4.706187639385461807e-03,2.517878892831504345e-04,2.701621968299150467e-03,4.860452318098396063e-04,2.108968421816825867e-02,1.333724055439233780e-02,2.218393143266439438e-03,2.886033989489078522e-02,2.232259511947631836e-01,9.877633452415466309e-01,3.767162859439849854e-01,2.545910775661468506e-01,6.941142082214355469e-01,4.164281189441680908e-01,5.129612684249877930e-01,2.247740924358367920e-01,4.221585113555192947e-03,7.977440953254699707e-03,7.048340514302253723e-03,6.787048187106847763e-03,2.964174142107367516e-03,1.705282367765903473e-03,4.191084764897823334e-03,2.095859032124280930e-03,1.289250212721526623e-03,1.644378295168280602e-03,3.375574480742216110e-03,7.544905412942171097e-03,3.819605335593223572e-03,1.466998946852982044e-03,4.641537554562091827e-03,3.679311135783791542e-03,3.377437125891447067e-03,2.107249805703759193e-03,1.723333960399031639e-03,2.120115328580141068e-03,3.999975975602865219e-03,2.837074687704443932e-03,4.301192704588174820e-03,2.367469482123851776e-03,1.683253445662558079e-03,3.196942852810025215e-03
5.071697756648063660e-03,8.602853864431381226e-03,8.432276546955108643e-03,1.073718909174203873e-02,7.698502857238054276e-03,4.862209316343069077e-03,1.667912676930427551e-02,6.300103385001420975e-03,2.286319155246019363e-03,3.213977906852960587e-03,3.255576826632022858e-03,3.873475128784775734e-03,3.359124995768070221e-03,6.851748563349246979e-03,2.045354107394814491e-03,5.528567358851432800e-03,1.267612562514841557e-03,3.283291822299361229e-03,2.436873037368059158e-03,2.336923032999038696e-03,7.780344691127538681e-03,1.359975636005401611e-01,5.052490904927253723e-02,2.886033989489078522e-02,1.442053471691906452e-03,9.412810951471328735e-02,9.606587141752243042e-02,6.830701231956481934e-02,4.609386995434761047e-02,1.953882351517677307e-02,2.381289005279541016e-02,3.867055475711822510e-02,1.475574914366006851e-02,6.747676525264978409e-03,4.165251273661851883e-03,8.271973580121994019e-03,6.644101813435554504e-03,3.263341262936592102e-03,4.954883363097906113e-03,3.840410616248846054e-03,3.492949763312935829e-03,1.520086545497179031e-03,2.211579121649265289e-03,6.116696633398532867e-03,3.655696520581841469e-03,4.317403305321931839e-03,1.509670168161392212e-03,5.064165219664573669e-03,3.758270991966128349e-03,4.938308615237474442e-03,4.828474950045347214e-03,1.868564286269247532e-03,3.666468663141131401e-03,6.361541803926229477e-03,4.120345227420330048e-03,3.789259120821952820e-03,3.413156606256961823e-03,3.318042494356632233e-03,3.721767105162143707e-03
6.586457137018442154e-03,1.471128314733505249e-02,7.119270972907543182e-03,4.604776389896869659e-03,7.609674241393804550e-03,7.298506796360015869e-03,6.720961537212133408e-03,6.785646546632051468e-03,2.168386243283748627e-03,2.215633634477853775e-03,1.952202059328556061e-03,3.168782452121376991e-03,1.375169842503964901e-03,6.231672596186399460e-03,1.364586642012000084e-03,1.917672576382756233e-03,1.367986784316599369e-03,1.152696670033037663e-03,2.275235019624233246e-03,3.670414211228489876e-03,5.581638542935252190e-04,1.211921591311693192e-02,3.419355023652315140e-03,2.232259511947631836e-01,9.412810951471328735e-02,2.665820764377713203e-03,2.473116368055343628e-01,3.264869749546051025e-01,1.587085612118244171e-02,1.271980106830596924e-01,1.163143198937177658e-02,5.145684257149696350e-02,4.329317808151245117e-02,2.377204131335020065e-03,4.658392164856195450e-03,1.066663675010204315e-02,5.389680154621601105e-03,1.964627765119075775e-03,8.667077869176864624e-03,9.467683732509613037e-03,1.438076375052332878e-03,1.052291365340352058e-03,5.670588463544845581e-03,1.107293274253606796e-02,2.312223659828305244e-03,4.188884049654006958e-03,1.388271339237689972e-03,1.496788114309310913e-02,6.405993830412626266e-03,3.110554441809654236e-02,5.686104297637939453e-03,1.908530364744365215e-03,4.014739301055669785e-03,7.372951600700616837e-03,4.282805602997541428e-03,7.600116077810525894e-03,4.879523534327745438e-03,2.932019997388124466e-03,7.012220099568367004e-03
3.822478698566555977e-03,1.037259120494127274e-02,2.320576692000031471e-03,4.149138927459716797e-03,4.500705748796463013e-03,2.444256329908967018e-03,1.401446876116096973e-03,2.460579620674252510e-03,1.103495946153998375e-03,1.677405321970582008e-03,2.897813916206359863e-03,1.595722977072000504e-03,1.318235998041927814e-03,3.143964102491736412e-03,1.077154651284217834e-03,2.458009403198957443e-03,2.829586854204535484e-03,5.831713788211345673e-03,9.975019842386245728e-03,3.250062465667724609e-03,3.597287461161613464e-03,1.906531490385532379e-02,1.865212619304656982e-01,9.877633452415466309e-01,9.606587141752243042e-02,2.473116368055343628e-01,9.233411401510238647e-04,9.324046969413757324e-02,7.217831164598464966e-02,9.386082887649536133e-01,3.542366251349449158e-02,3.183194249868392944e-02,1.642913371324539185e-02,1.226373016834259033e-02,2.762365387752652168e-03,6.279875524342060089e-03,5.287758074700832367e-03,2.832373371347784996e-03,4.547223448753356934e-03,7.645624689757823944e-03,9.213646990247070789e-04,1.248582615517079830e-03,1.748360693454742432e-03,3.417283762246370316e-03,3.153752768412232399e-03,3.822834463790059090e-03,9.458754211664199829e-04,2.852878766134381294e-03,2.498551504686474800e-03,8.656608872115612030e-03,3.370236838236451149e-03,1.481772516854107380e-03,4.547896794974803925e-03,3.501815721392631531e-03,4.084931686520576477e-03,2.743504242971539497e-03,2.351208589971065521e-03,1.782393082976341248e-03,4.280951339751482010e-03
