6.231106235645711422e-04,4.440945386886596680e-02,2.646811008453369141e-01,4.435054212808609009e-02,1.342769265174865723e-01,1.076759397983551025e-01,7.464132457971572876e-02,4.331908002495765686e-02,1.302550919353961945e-02,3.971430286765098572e-02,7.226098328828811646e-02,2.211789973080158234e-02,1.037649717181921005e-02,2.082685381174087524e-02,8.712360635399818420e-03,1.151040662080049515e-02,5.933540873229503632e-03,5.096637643873691559e-03,2.882852684706449509e-03,4.216182511299848557e-03,4.087409935891628265e-03,2.250737743452191353e-03,1.801127567887306213e-03,4.225792828947305679e-03,6.731445435434579849e-03,1.549718528985977173e-02,9.708344005048274994e-03,3.750749630853533745e-03,2.264318987727165222e-03,4.837532062083482742e-03,2.249313984066247940e-03,3.536549629643559456e-03,3.112613689154386520e-03,1.497175078839063644e-03,3.503524931147694588e-03,7.265965454280376434e-03,9.725912474095821381e-03,3.406420815736055374e-03,1.907281694002449512e-03,6.116618402302265167e-03,4.392974544316530228e-03,1.355368061922490597e-03,2.063237363472580910e-03,8.755786344408988953e-03,2.959718927741050720e-03,3.397366032004356384e-03,2.384891500696539879e-03,3.067129757255315781e-03,3.630119841545820236e-03,4.172556102275848389e-03,1.988278469070792198e-03,1.678356667980551720e-03,2.463792217895388603e-03,3.751448122784495354e-03,4.466832149773836136e-03,1.812533708289265633e-03,5.559022072702646255e-03,2.883699722588062286e-03,4.672851879149675369e-03
4.440945386886596680e-02,6.163054611533880234e-03,3.518309891223907471e-01,2.143611758947372437e-01,5.879012942314147949e-01,1.162955686450004578e-01,5.733476951718330383e-02,4.727745428681373596e-02,1.262248866260051727e-02,1.009223982691764832e-02,2.527724765241146088e-02,7.358065340667963028e-03,1.607498340308666229e-02,4.935928620398044586e-03,1.072377432137727737e-02,4.809175152331590652e-03,2.500770147889852524e-03,8.574047125875949860e-03,2.167148515582084656e-03,4.104922525584697723e-03,2.647610614076256752e-03,1.388453179970383644e-03,2.608474576845765114e-03,3.603818826377391815e-03,5.052470602095127106e-03,1.265313755720853806e-02,5.396091844886541367e-03,4.620480351150035858e-03,2.293571596965193748e-03,2.912519033998250961e-03,2.084023552015423775e-03,2.436717739328742027e-03,3.051727777346968651e-03,1.907935366034507751e-03,4.143550992012023926e-03,4.206662066280841827e-03,9.997492656111717224e-03,1.667232951149344444e-03,4.631058778613805771e-03,6.246451754122972488e-03,2.736114198341965675e-03,1.466880901716649532e-03,5.337205249816179276e-03,4.265608731657266617e-03,1.769498456269502640e-03,2.716292394325137138e-03,1.851441687904298306e-03,3.266292624175548553e-03,3.395195119082927704e-03,6.006536073982715607e-03,2.560645574703812599e-03,1.530232140794396400e-03,3.922646399587392807e-03,4.108334891498088837e-03,3.596145659685134888e-03,1.016482990235090256e-02,4.615573212504386902e-03,2.841179957613348961e-03,8.690733462572097778e-03
2.646811008453369141e-01,3.518309891223907471e-01,1.228368058800697327e-01,1.538735181093215942e-01,4.415500164031982422e-01,1.389497667551040649e-01,2.943183109164237976e-02,3.083350509405136108e-02,1.475271303206682205e-02,6.737310905009508133e-03,8.775014430284500122e-03,3.264832077547907829e-03,1.301133260130882263e-02,1.070030778646469116e-02,7.013183087110519409e-03,7.748197764158248901e-03,4.511186387389898300e-03,8.536041714251041412e-03,2.855511615052819252e-03,4.707751329988241196e-03,3.172936150804162025e-03,2.026794012635946274e-03,2.321848878636956215e-03,2.867296105250716209e-03,8.730697445571422577e-03,1.028086058795452118e-02,3.775573335587978363e-03,2.859435044229030609e-03,1.985933165997266769e-03,2.378229051828384399e-03,1.411105506122112274e-03,2.558892359957098961e-03,2.417464973405003548e-03,2.352426061406731606e-03,2.197262598201632500e-03,2.415005350485444069e-03,2.046079002320766449e-02,1.426504459232091904e-03,2.746910089626908302e-03,9.348561055958271027e-03,2.162513323128223419e-03,1.663150498643517494e-03,4.520950838923454285e-03,4.385422915220260620e-03,1.466549234464764595e-03,2.617895137518644333e-03,1.748137758113443851e-03,3.663172479718923569e-03,2.385481493547558784e-03,7.748732808977365494e-03,3.080528927966952324e-03,1.500819111242890358e-03,2.499665133655071259e-03,6.254434119910001755e-03,4.419190343469381332e-03,7.342621218413114548e-03,5.083580967038869858e-03,2.615087898448109627e-03,5.366168916225433350e-03
4.435054212808609009e-02,2.143611758947372437e-01,1.538735181093215942e-01,4.283476620912551880e-03,3.046930730342864990e-01,3.551294282078742981e-02,2.546002529561519623e-02,9.844257831573486328e-01,2.287962138652801514e-01,2.438096329569816589e-02,4.086896032094955444e-02,1.000393647700548172e-02,1.281493250280618668e-02,1.256229914724826813e-02,8.034289814531803131e-03,3.308206098154187202e-03,5.634439177811145782e-03,6.832696031779050827e-03,3.400905057787895203e-03,3.454834921285510063e-03,2.482894342392683029e-03,2.127146348357200623e-03,3.268548985943198204e-03,3.530584508553147316e-03,7.649290375411510468e-03,5.759621039032936096e-03,4.687961656600236893e-03,3.318063216283917427e-03,2.692362060770392418e-03,2.131531247869133949e-03,1.814916380681097507e-03,1.688916003331542015e-03,3.878232324495911598e-03,1.227508531883358955e-03,2.379433019086718559e-03,1.593552646227180958e-03,2.478592097759246826e-03,3.553516929969191551e-03,1.822968828491866589e-03,5.723494105041027069e-03,2.014082390815019608e-03,1.810658257454633713e-03,2.543251030147075653e-03,5.279265344142913818e-03,3.586707636713981628e-03,1.906423247419297695e-03,1.758512342348694801e-03,2.716999035328626633e-03,2.522369381040334702e-03,2.613864373415708542e-03,4.663717001676559448e-03,1.064814045093953609e-03,3.089834470301866531e-03,5.138884764164686203e-03,2.293406752869486809e-03,2.616722602397203445e-03,4.864101763814687729e-03,2.454695990309119225e-03,5.384005606174468994e-03
1.342769265174865723e-01,5.879012942314147949e-01,4.415500164031982422e-01,3.046930730342864990e-01,5.502376239746809006e-03,6.409345567226409912e-02,9.163519144058227539e-01,7.839276790618896484e-01,1.368788070976734161e-02,1.019475795328617096e-02,1.385632250458002090e-02,3.334532026201486588e-03,1.350743509829044342e-02,1.623981632292270660e-02,8.369024842977523804e-03,3.827791428193449974e-03,1.984653063118457794e-03,3.575634444132447243e-03,5.400080699473619461e-03,3.255150048062205315e-03,1.718787127174437046e-03,1.519889687187969685e-03,3.020647913217544556e-03,2.711205277591943741e-03,7.678689900785684586e-03,8.199290372431278229e-03,2.747797174379229546e-03,3.432277822867035866e-03,2.030610339716076851e-03,2.603698987513780594e-03,1.547636231407523155e-03,3.029840765520930290e-03,1.887530670501291752e-03,1.395839150063693523e-03,2.677167300134897232e-03,6.038649473339319229e-03,4.575533792376518250e-03,2.687253057956695557e-03,1.721577718853950500e-03,4.838971421122550964e-03,1.674641622230410576e-03,1.277167233638465405e-03,2.636054297909140587e-03,3.432585857808589935e-03,1.885207137092947960e-03,2.594422083348035812e-03,1.403229078277945518e-03,2.153014531359076500e-03,2.577516017481684685e-03,4.826855380088090897e-03,2.768977778032422066e-03,1.821112004108726978e-03,2.613250399008393288e-03,2.859870437532663345e-03,3.943001385778188705e-03,2.622061641886830330e-03,3.196275793015956879e-03,2.587994094938039780e-03,5.969698540866374969e-03
1.076759397983551025e-01,1.162955686450004578e-01,1.389497667551040649e-01,3.551294282078742981e-02,6.409345567226409912e-02,1.103010494261980057e-02,5.863404646515846252e-02,1.017946526408195496e-01,9.055193513631820679e-02,1.736747473478317261e-02,8.869270235300064087e-02,4.186825826764106750e-03,9.506667964160442352e-03,3.668604418635368347e-02,2.146378904581069946e-02,4.075408447533845901e-03,6.640376523137092590e-03,9.163269773125648499e-03,4.144409205764532089e-03,8.304488845169544220e-03,2.487571910023689270e-03,7.707220502197742462e-03,4.307591821998357773e-03,2.601761836558580399e-03,5.054827313870191574e-03,5.101122427731752396e-03,2.273156773298978806e-03,2.526085358113050461e-03,3.083957592025399208e-03,3.185343928635120392e-03,1.833600923418998718e-03,1.886103651486337185e-03,3.297300077974796295e-03,1.143679954111576080e-03,3.795649390667676926e-03,2.626806031912565231e-03,3.540920093655586243e-03,3.203290281817317009e-03,1.282328623346984386e-03,5.521734245121479034e-03,3.675560001283884048e-03,1.503965235315263271e-03,2.822670387104153633e-03,6.042302120476961136e-03,1.700788852758705616e-03,4.422497935593128204e-03,3.008247818797826767e-03,1.750975847244262695e-03,4.737182520329952240e-03,4.614057485014200211e-03,2.631258685141801834e-03,2.459697425365447998e-03,2.450691768899559975e-03,3.608741331845521927e-03,2.484970260411500931e-03,3.529316280037164688e-03,5.586882587522268295e-03,3.553263843059539795e-03,9.668176062405109406e-03
7.464132457971572876e-02,5.733476951718330383e-02,2.943183109164237976e-02,2.546002529561519623e-02,9.163519144058227539e-01,5.863404646515846252e-02,1.060076174326241016e-03,2.490419000387191772e-01,8.899375796318054199e-02,1.005227938294410706e-01,5.300675053149461746e-03,2.727401675656437874e-03,2.481021918356418610e-02,1.542048156261444092e-02,1.087312400341033936e-02,6.061732303351163864e-03,6.874252110719680786e-03,6.397522985935211182e-03,1.073646917939186096e-02,7.414438761770725250e-03,6.601493805646896362e-03,2.328172326087951660e-03,1.094645168632268906e-02,5.167005117982625961e-03,6.328187417238950729e-03,4.461262840777635574e-03,1.822683261707425117e-03,6.093405187129974365e-03,3.392087528482079506e-03,1.806505606509745121e-03,2.495246240869164467e-03,1.668977667577564716e-03,2.516341861337423325e-03,2.342057880014181137e-03,5.371778272092342377e-03,2.468127524480223656e-03,4.449239466339349747e-03,2.613291144371032715e-03,2.904687542468309402e-03,2.874258905649185181e-03,4.067629575729370117e-03,3.391099628061056137e-03,1.925277290865778923e-03,3.575724549591541290e-03,1.872388063929975033e-03,3.646763041615486145e-03,2.419921336695551872e-03,1.866818522103130817e-03,5.127341952174901962e-03,9.936856804415583611e-04,2.212212421000003815e-03,2.538317115977406502e-03,2.398097189143300056e-03,3.839281620457768440e-03,2.609869232401251793e-03,6.228480953723192215e-03,2.554677426815032959e-03,3.481674939393997192e-03,7.845073938369750977e-03
4.331908002495765686e-02,4.727745428681373596e-02,3.083350509405136108e-02,9.844257831573486328e-01,7.839276790618896484e-01,1.017946526408195496e-01,2.490419000387191772e-01,1.058713183738291264e-03,2.051164954900741577e-02,2.040380053222179413e-02,3.046067990362644196e-02,2.811361104249954224e-03,1.806578785181045532e-02,1.046731229871511459e-02,1.077632419764995575e-02,1.159444358199834824e-02,5.369213409721851349e-03,1.124864351004362106e-02,8.076017722487449646e-03,6.066416855901479721e-03,6.159792654216289520e-03,2.778430702164769173e-03,5.742936860769987106e-03,2.290843054652214050e-03,5.817336495965719223e-03,4.023743327707052231e-03,1.438517472706735134e-03,2.193550113588571548e-03,1.755116507411003113e-03,2.332593547180294991e-03,8.766910177655518055e-04,1.458633923903107643e-03,1.897933310829102993e-03,1.280985190533101559e-03,4.685563500970602036e-03,2.370929578319191933e-03,3.417964326217770576e-03,3.038359573110938072e-03,1.423941925168037415e-03,7.390788756310939789e-03,3.093018895015120506e-03,1.833075541071593761e-03,1.608285703696310520e-03,3.895469941198825836e-03,2.581089502200484276e-03,2.704335376620292664e-03,2.003310481086373329e-03,2.573403995484113693e-03,5.012407433241605759e-03,3.270251909270882607e-03,3.234210191294550896e-03,4.484161734580993652e-03,4.172320012003183365e-03,3.602478420361876488e-03,2.585256705060601234e-03,2.984953811392188072e-03,2.565335016697645187e-03,2.606887370347976685e-03,5.811024457216262817e-03
1.302550919353961945e-02,1.262248866260051727e-02,1.475271303206682205e-02,2.287962138652801514e-01,1.368788070976734161e-02,9.055193513631820679e-02,8.899375796318054199e-02,2.051164954900741577e-02,3.719278424978256226e-02,1.785224080085754395e-01,2.529496327042579651e-02,2.842180244624614716e-02,1.212006434798240662e-03,2.669296925887465477e-03,2.970979921519756317e-02,2.496302826330065727e-03,3.434950858354568481e-02,1.122348010540008545e-02,1.692573167383670807e-02,3.345480933785438538e-02,4.934253171086311340e-02,2.258039545267820358e-03,7.577144075185060501e-03,2.032096032053232193e-03,2.481576753780245781e-03,2.138328272849321365e-03,1.116834231652319431e-03,2.185848774388432503e-03,3.013750072568655014e-03,1.408777199685573578e-03,5.137655884027481079e-03,1.165960798971354961e-03,2.193422755226492882e-03,5.210949573665857315e-03,5.533162038773298264e-03,1.854744623415172100e-03,2.611180301755666733e-03,1.762579381465911865e-02,2.447003033012151718e-03,1.742805354297161102e-03,1.549680065363645554e-02,9.486958384513854980e-03,1.718680839985609055e-03,4.118167795240879059e-03,8.114205673336982727e-03,4.361676052212715149e-03,4.466202110052108765e-03,1.697609899565577507e-03,3.459748812019824982e-03,1.761017017997801304e-03,2.394624985754489899e-03,5.240795202553272247e-03,2.548554912209510803e-03,1.525664352811872959e-03,1.870645675808191299e-03,2.450397005304694176e-03,3.918132744729518890e-03,7.379473652690649033e-03,5.348453298211097717e-03
3.971430286765098572e-02,1.009223982691764832e-02,6.737310905009508133e-03,2.438096329569816589e-02,1.019475795328617096e-02,1.736747473478317261e-02,1.005227938294410706e-01,2.040380053222179413e-02,1.785224080085754395e-01,3.264202550053596497e-02,2.162024229764938354e-01,1.677314639091491699e-01,2.514167129993438721e-01,4.608687758445739746e-02,3.995525464415550232e-02,1.544189732521772385e-02,5.768801271915435791e-02,1.299527939409017563e-02,3.289508400484919548e-03,5.598669126629829407e-02,9.379683993756771088e-03,2.312991535291075706e-03,6.195223890244960785e-03,2.253483748063445091e-03,2.003090223297476768e-03,2.174366032704710960e-03,2.012900076806545258e-03,1.454468583688139915e-03,2.306430600583553314e-03,1.346174511127173901e-03,3.498296719044446945e-03,1.805356238037347794e-03,2.222005743533372879e-03,2.919292543083429337e-03,3.801056649535894394e-03,2.255739644169807434e-03,1.947467797435820103e-03,8.490392006933689117e-03,2.163645578548312187e-03,1.434104284271597862e-03,3.523666411638259888e-03,5.563592072576284409e-03,1.567348488606512547e-03,4.155140835791826248e-03,3.385085845366120338e-03,2.342382213100790977e-03,3.848705207929015160e-03,2.248557517305016518e-03,3.380423877388238907e-03,1.304569886997342110e-03,2.249711891636252403e-03,1.829313812777400017e-03,1.860397751443088055e-03,2.390122739598155022e-03,1.920959097333252430e-03,2.635200740769505501e-03,2.231740392744541168e-03,4.934678319841623306e-03,3.857825649902224541e-03
7.226098328828811646e-02,2.527724765241146088e-02,8.775014430284500122e-03,4.086896032094955444e-02,1.385632250458002090e-02,8.869270235300064087e-02,5.300675053149461746e-03,3.046067990362644196e-02,2.529496327042579651e-02,2.162024229764938354e-01,9.006196050904691219e-04,2.202792838215827942e-02,1.155085861682891846e-01,1.001862287521362305e-01,1.073808148503303528e-01,6.201786547899246216e-02,1.168407499790191650e-02,1.237223669886589050e-02,1.501515600830316544e-02,7.371091749519109726e-03,8.749444968998432159e-03,3.478942904621362686e-03,4.361903760582208633e-03,1.707230927422642708e-03,3.502448089420795441e-03,1.561997691169381142e-03,2.138740383088588715e-03,2.406484913080930710e-03,1.333781401626765728e-03,1.615073066204786301e-03,1.687021343968808651e-03,9.405557648278772831e-04,1.834761118516325951e-03,2.286538016051054001e-03,4.764852579683065414e-03,2.910511568188667297e-03,1.502840779721736908e-02,6.418175995349884033e-03,1.480453764088451862e-03,4.558145068585872650e-03,1.121917925775051117e-02,2.093871124088764191e-03,4.501956049352884293e-03,5.089652724564075470e-03,4.671785049140453339e-03,2.958598779514431953e-03,2.273577498272061348e-03,2.875636797398328781e-03,5.312990862876176834e-03,4.346792120486497879e-03,3.597073722630739212e-03,2.155806869268417358e-03,2.588540781289339066e-03,3.714352147653698921e-03,2.127399435266852379e-03,3.117125248536467552e-03,2.209808910265564919e-03,2.695950446650385857e-03,4.904597997665405273e-03
2.211789973080158234e-02,7.358065340667963028e-03,3.264832077547907829e-03,1.000393647700548172e-02,3.334532026201486588e-03,4.186825826764106750e-03,2.727401675656437874e-03,2.811361104249954224e-03,2.842180244624614716e-02,1.677314639091491699e-01,2.202792838215827942e-02,1.433768402785062790e-02,1.793668791651725769e-02,6.032261252403259277e-02,2.177696228027343750e-01,1.574343256652355194e-02,1.747289896011352539e-01,2.005472779273986816e-02,6.982210278511047363e-02,3.475672006607055664e-02,2.184210717678070068e-02,5.196883808821439743e-03,5.748627707362174988e-03,2.478435169905424118e-03,4.740846343338489532e-03,2.814303850755095482e-03,2.290200209245085716e-03,3.007917199283838272e-03,4.320895299315452576e-03,1.955201616510748863e-03,4.386687185615301132e-03,1.549718435853719711e-03,4.940907936543226242e-03,5.695204716175794601e-03,6.081826984882354736e-03,2.546601695939898491e-03,3.868468338623642921e-03,5.862380843609571457e-03,1.868618652224540710e-03,1.770636881701648235e-03,6.224530283361673355e-03,7.150834891945123672e-03,1.216921140439808369e-03,2.029641298577189445e-03,1.039505191147327423e-02,5.721030291169881821e-03,4.399095661938190460e-03,2.601927611976861954e-03,4.503330215811729431e-03,1.951502636075019836e-03,3.586527192965149879e-03,5.191850475966930389e-03,1.867166953161358833e-03,2.805587137117981911e-03,2.877381863072514534e-03,3.998401574790477753e-03,3.079963847994804382e-03,3.322503762319684029e-03,4.288048949092626572e-03
1.037649717181921005e-02,1.607498340308666229e-02,1.301133260130882263e-02,1.281493250280618668e-02,1.350743509829044342e-02,9.506667964160442352e-03,2.481021918356418610e-02,1.806578785181045532e-02,1.212006434798240662e-03,2.514167129993438721e-01,1.155085861682891846e-01,1.793668791651725769e-02,7.168765878304839134e-04,9.225054830312728882e-02,7.673577964305877686e-02,3.222185075283050537e-01,4.171590507030487061e-02,2.930404804646968842e-02,5.316502973437309265e-02,1.741514541208744049e-02,9.029674343764781952e-03,2.585676265880465508e-03,4.373260308057069778e-03,1.523755956441164017e-03,5.841098725795745850e-03,2.696375129744410515e-03,1.119986758567392826e-03,3.414608770981431007e-03,2.961468184366822243e-03,2.499934053048491478e-03,1.504042535088956356e-03,2.081440994516015053e-03,2.837584819644689560e-03,3.785286564379930496e-03,4.315093625336885452e-03,2.595694735646247864e-03,9.590696543455123901e-03,6.005565170198678970e-03,2.296460559591650963e-03,2.427657833322882652e-03,4.318573512136936188e-03,2.440415555611252785e-03,3.013443434610962868e-03,4.483071621507406235e-03,3.447215771302580833e-03,3.134738886728882790e-03,2.170537365600466728e-03,3.199484432116150856e-03,5.242764018476009369e-03,2.999111311510205269e-03,2.307279966771602631e-03,1.943112001754343510e-03,2.438237657770514488e-03,2.912697615101933479e-03,2.888508141040802002e-03,6.661805789917707443e-03,4.036821890622377396e-03,4.007751122117042542e-03,7.164040114730596542e-03
2.082685381174087524e-02,4.935928620398044586e-03,1.070030778646469116e-02,1.256229914724826813e-02,1.623981632292270660e-02,3.668604418635368347e-02,1.542048156261444092e-02,1.046731229871511459e-02,2.669296925887465477e-03,4.608687758445739746e-02,1.001862287521362305e-01,6.032261252403259277e-02,9.225054830312728882e-02,4.169678315520286560e-03,7.486708462238311768e-02,7.280675172805786133e-01,1.731706224381923676e-02,1.054207980632781982e-02,2.314068935811519623e-02,1.583205536007881165e-02,1.174111268483102322e-03,1.389457844197750092e-03,2.279576612636446953e-03,1.823045080527663231e-03,2.370850648730993271e-03,3.628778038546442986e-03,2.150342334061861038e-03,3.502699546515941620e-03,3.024258650839328766e-03,2.436392009258270264e-03,2.130163600668311119e-03,1.897133071906864643e-03,4.303114954382181168e-03,3.734863130375742912e-03,3.562373341992497444e-03,2.898053731769323349e-03,7.128427736461162567e-03,4.970633890479803085e-03,2.483614953234791756e-03,2.482432406395673752e-03,4.507806617766618729e-03,3.792087780311703682e-03,5.811503622680902481e-03,4.723654594272375107e-03,6.104718893766403198e-03,8.403578773140907288e-03,2.924354746937751770e-03,3.185772337019443512e-03,6.286609452217817307e-03,3.877002280205488205e-03,2.504138508811593056e-03,3.283224534243345261e-03,3.977361135184764862e-03,2.432677894830703735e-03,2.403814578428864479e-03,3.745813621208071709e-03,3.800336271524429321e-03,3.296770621091127396e-03,3.097764449194073677e-03
8.712360635399818420e-03,1.072377432137727737e-02,7.013183087110519409e-03,8.034289814531803131e-03,8.369024842977523804e-03,2.146378904581069946e-02,1.087312400341033936e-02,1.077632419764995575e-02,2.970979921519756317e-02,3.995525464415550232e-02,1.073808148503303528e-01,2.177696228027343750e-01,7.673577964305877686e-02,7.486708462238311768e-02,1.192899122834205627e-01,1.805162057280540466e-02,1.894313842058181763e-01,6.260082125663757324e-02,1.412380114197731018e-02,5.774439126253128052e-02,7.215404883027076721e-03,2.263176254928112030e-03,4.186879843473434448e-03,9.406185126863420010e-04,2.428001957014203072e-03,1.088421209715306759e-03,1.219557481817901134e-03,2.284209942445158958e-03,2.181854564696550369e-03,1.270572305656969547e-03,2.021178603172302246e-03,1.681425841525197029e-03,2.660039579495787621e-03,5.787049420177936554e-03,6.216008681803941727e-03,4.371676594018936157e-03,3.089192789047956467e-03,1.183754298835992813e-02,4.075851757079362869e-03,2.000914188101887703e-03,9.357189759612083435e-03,9.700951166450977325e-03,2.473874716088175774e-03,4.559535998851060867e-03,2.090770052745938301e-03,3.862552577629685402e-03,2.710385248064994812e-03,1.525150146335363388e-03,5.471373442560434341e-03,1.837336458265781403e-03,3.322907956317067146e-03,2.549869241192936897e-03,2.780314069241285324e-03,2.790991682559251785e-03,1.141085056588053703e-03,2.466524252668023109e-03,2.518813358619809151e-03,2.094685332849621773e-03,3.014507936313748360e-03
1.151040662080049515e-02,4.809175152331590652e-03,7.748197764158248901e-03,3.308206098154187202e-03,3.827791428193449974e-03,4.075408447533845901e-03,6.061732303351163864e-03,1.159444358199834824e-02,2.496302826330065727e-03,1.544189732521772385e-02,6.201786547899246216e-02,1.574343256652355194e-02,3.222185075283050537e-01,7.280675172805786133e-01,1.805162057280540466e-02,1.776361837983131409e-03,9.405749849975109100e-03,5.296535491943359375e-01,9.205565601587295532e-02,5.494055803865194321e-03,4.375555552542209625e-03,4.232787061482667923e-03,3.259112825617194176e-03,1.705717528238892555e-03,5.013720598071813583e-03,5.775732453912496567e-03,2.674960531294345856e-03,2.923042513430118561e-03,2.654959214851260185e-03,3.075637388974428177e-03,1.049273647367954254e-03,8.413291536271572113e-03,3.802766790613532066e-03,3.108626930043101311e-03,3.594794543460011482e-03,6.142235826700925827e-03,1.019839197397232056e-02,3.086691256612539291e-03,1.800354337319731712e-03,3.702697576954960823e-03,2.844758098945021629e-03,3.492417046800255775e-03,2.836674218997359276e-03,9.673039428889751434e-03,6.799363531172275543e-03,3.450274001806974411e-03,1.973557285964488983e-03,3.589899512007832527e-03,6.435864139348268509e-03,3.109884914010763168e-03,2.995230024680495262e-03,1.655168482102453709e-03,4.307761322706937790e-03,4.138568416237831116e-03,2.978406380861997604e-03,1.203485112637281418e-02,3.705069655552506447e-03,3.515192540362477303e-03,1.097930222749710083e-02
5.933540873229503632e-03,2.500770147889852524e-03,4.511186387389898300e-03,5.634439177811145782e-03,1.984653063118457794e-03,6.640376523137092590e-03,6.874252110719680786e-03,5.369213409721851349e-03,3.434950858354568481e-02,5.768801271915435791e-02,1.168407499790191650e-02,1.747289896011352539e-01,4.171590507030487061e-02,1.731706224381923676e-02,1.894313842058181763e-01,9.405749849975109100e-03,1.067382469773292542e-02,7.904406636953353882e-02,2.405785620212554932e-01,1.556974947452545166e-01,3.589631989598274231e-02,5.174776073545217514e-03,2.688217908143997192e-03,2.331289928406476974e-03,2.284383866935968399e-03,1.439374522306025028e-03,1.426094910129904747e-03,2.457824768498539925e-03,4.702818579971790314e-03,2.207647077739238739e-03,2.168474951758980751e-03,2.737571951001882553e-03,7.915487512946128845e-03,4.863111767917871475e-03,1.240696478635072708e-02,2.384740859270095825e-03,3.318995470181107521e-03,1.545348763465881348e-02,1.520410063676536083e-03,1.419115229509770870e-03,5.762669257819652557e-03,8.138184435665607452e-03,2.017515478655695915e-03,2.133932430297136307e-03,4.792080260813236237e-03,8.338822051882743835e-03,6.280333269387483597e-03,4.146735649555921555e-03,9.685833007097244263e-03,1.720489701256155968e-03,3.704840550199151039e-03,4.237621556967496872e-03,2.436416223645210266e-03,2.128575928509235382e-03,2.063627121970057487e-03,2.518025226891040802e-03,3.070385660976171494e-03,3.396269865334033966e-03,4.060798790305852890e-03
5.096637643873691559e-03,8.574047125875949860e-03,8.536041714251041412e-03,6.832696031779050827e-03,3.575634444132447243e-03,9.163269773125648499e-03,6.397522985935211182e-03,1.124864351004362106e-02,1.122348010540008545e-02,1.299527939409017563e-02,1.237223669886589050e-02,2.005472779273986816e-02,2.930404804646968842e-02,1.054207980632781982e-02,6.260082125663757324e-02,5.296535491943359375e-01,7.904406636953353882e-02,9.782139677554368973e-04,7.637841254472732544e-02,2.253505140542984009e-01,6.004034075886011124e-03,7.795260101556777954e-02,3.393072867766022682e-03,2.500243019312620163e-03,9.237379767000675201e-03,4.751214291900396347e-03,1.235684379935264587e-03,3.714847844094038010e-03,7.397322449833154678e-03,1.832417096011340618e-03,2.239259891211986542e-03,5.902859382331371307e-03,5.626864731311798096e-03,1.641286723315715790e-02,1.151932310312986374e-02,7.905930280685424805e-03,3.605363657698035240e-03,8.601137436926364899e-03,4.972745198756456375e-03,3.042413620278239250e-03,2.527728211134672165e-03,2.745214849710464478e-03,3.721109358593821526e-03,2.040732186287641525e-03,2.671125344932079315e-03,2.460235496982932091e-03,2.779674250632524490e-03,1.561292796395719051e-03,7.187347393482923508e-03,1.835046685300767422e-03,3.359744790941476822e-03,2.403061138466000557e-03,2.591129625216126442e-03,2.484596800059080124e-03,3.243267768993973732e-03,1.442935317754745483e-03,1.654486288316547871e-03,2.618592465296387672e-03,4.226073622703552246e-03
2.882852684706449509e-03,2.167148515582084656e-03,2.855511615052819252e-03,3.400905057787895203e-03,5.400080699473619461e-03,4.144409205764532089e-03,1.073646917939186096e-02,8.076017722487449646e-03,1.692573167383670807e-02,3.289508400484919548e-03,1.501515600830316544e-02,6.982210278511047363e-02,5.316502973437309265e-02,2.314068935811519623e-02,1.412380114197731018e-02,9.205565601587295532e-02,2.405785620212554932e-01,7.637841254472732544e-02,2.270645927637815475e-03,1.880195550620555878e-02,1.113390251994132996e-01,4.529270343482494354e-03,2.031498355790972710e-03,2.636115241330116987e-04,6.405278109014034271e-04,6.767451413907110691e-04,4.753237124532461166e-03,1.134216552600264549e-03,3.263745922595262527e-03,8.232005871832370758e-03,4.021327570080757141e-02,4.260066896677017212e-03,7.491837255656719208e-03,1.987048611044883728e-02,1.838742010295391083e-02,5.090106278657913208e-03,1.471462287008762360e-02,4.332145303487777710e-02,6.550804711878299713e-03,4.231882747262716293e-03,1.467986125499010086e-02,1.696350798010826111e-02,2.205752069130539894e-03,7.061083801090717316e-03,9.094881825149059296e-03,5.046965088695287704e-03,6.007592193782329559e-03,2.317120553925633430e-03,8.902931585907936096e-03,1.575174508616328239e-03,4.741420038044452667e-03,3.116840729489922523e-03,2.618906088173389435e-03,1.900400849990546703e-03,1.198593061417341232e-03,1.602076808921992779e-03,1.650386257097125053e-03,1.881791744381189346e-03,2.650668378919363022e-03
4.216182511299848557e-03,4.104922525584697723e-03,4.707751329988241196e-03,3.454834921285510063e-03,3.255150048062205315e-03,8.304488845169544220e-03,7.414438761770725250e-03,6.066416855901479721e-03,3.345480933785438538e-02,5.598669126629829407e-02,7.371091749519109726e-03,3.475672006607055664e-02,1.741514541208744049e-02,1.583205536007881165e-02,5.774439126253128052e-02,5.494055803865194321e-03,1.556974947452545166e-01,2.253505140542984009e-01,1.880195550620555878e-02,5.237135337665677071e-04,3.108970820903778076e-02,3.206811472773551941e-02,2.487753983587026596e-03,2.154617337509989738e-03,1.449091243557631969e-03,1.956610940396785736e-03,3.184055676683783531e-03,4.533613100647926331e-03,1.942227222025394440e-02,3.320236923173069954e-03,7.388574536889791489e-03,1.011582929641008377e-02,1.619944348931312561e-02,1.580352149903774261e-02,3.366832062602043152e-02,4.111014772206544876e-03,2.992134541273117065e-03,2.133102715015411377e-02,4.588422365486621857e-03,1.330044353380799294e-03,3.520553233101963997e-03,9.428123943507671356e-03,2.242493443191051483e-03,1.952871214598417282e-03,1.070017646998167038e-02,3.877184353768825531e-03,3.896004986017942429e-03,3.403579583391547203e-03,5.842302925884723663e-03,1.584633137099444866e-03,4.333118908107280731e-03,2.005918649956583977e-03,1.571926986798644066e-03,1.919205533340573311e-03,2.169671002775430679e-03,1.930518075823783875e-03,5.178997758775949478e-03,2.431059721857309341e-03,3.747792914509773254e-03
4.087409935891628265e-03,2.647610614076256752e-03,3.172936150804162025e-03,2.482894342392683029e-03,1.718787127174437046e-03,2.487571910023689270e-03,6.601493805646896362e-03,6.159792654216289520e-03,4.934253171086311340e-02,9.379683993756771088e-03,8.749444968998432159e-03,2.184210717678070068e-02,9.029674343764781952e-03,1.174111268483102322e-03,7.215404883027076721e-03,4.375555552542209625e-03,3.589631989598274231e-02,6.004034075886011124e-03,1.113390251994132996e-01,3.108970820903778076e-02,1.847644802182912827e-03,6.294773891568183899e-03,8.551268838346004486e-03,4.779210721608251333e-04,1.591418520547449589e-03,6.487611099146306515e-04,2.116881543770432472e-03,4.511015024036169052e-03,3.604675084352493286e-02,1.158456876873970032e-02,1.122366935014724731e-01,4.298730939626693726e-02,1.740391999483108521e-01,1.737839579582214355e-01,5.782800540328025818e-02,4.359802231192588806e-03,5.697681102901697159e-03,1.133308634161949158e-01,8.635225705802440643e-03,2.944602631032466888e-03,1.584604568779468536e-02,7.687975186854600906e-03,3.435892518609762192e-03,2.666627056896686554e-03,2.260348014533519745e-02,6.461432203650474548e-03,4.157141782343387604e-03,3.341869451105594635e-03,3.079256741330027580e-03,1.021136296913027763e-03,4.385250154882669449e-03,1.848295796662569046e-03,1.373046543449163437e-03,1.224432140588760376e-03,1.277994597330689430e-03,1.496108248829841614e-03,1.321423798799514771e-03,4.906609188765287399e-03,4.697701428085565567e-03
2.250737743452191353e-03,1.388453179970383644e-03,2.026794012635946274e-03,2.127146348357200623e-03,1.519889687187969685e-03,7.707220502197742462e-03,2.328172326087951660e-03,2.778430702164769173e-03,2.258039545267820358e-03,2.312991535291075706e-03,3.478942904621362686e-03,5.196883808821439743e-03,2.585676265880465508e-03,1.389457844197750092e-03,2.263176254928112030e-03,4.232787061482667923e-03,5.174776073545217514e-03,7.795260101556777954e-02,4.529270343482494354e-03,3.206811472773551941e-02,6.294773891568183899e-03,1.774645526893436909e-03,8.233583718538284302e-02,2.172327414155006409e-02,8.689980208873748779e-02,1.466054189950227737e-02,1.192565914243459702e-02,3.534188494086265564e-02,8.677997440099716187e-02,4.343144223093986511e-02,2.486393749713897705e-01,9.997588992118835449e-01,1.718536764383316040e-01,1.277177128940820694e-02,1.142075005918741226e-02,1.039189379662275314e-02,2.655556425452232361e-03,3.624019445851445198e-03,7.785592228174209595e-03,1.543007092550396919e-03,2.040636958554387093e-03,2.544353483244776726e-03,2.198495436459779739e-03,1.544752740301191807e-03,1.664205454289913177e-03,4.744033329188823700e-03,3.373693209141492844e-03,3.718396881595253944e-03,1.459817867726087570e-03,1.262877718545496464e-03,3.422848880290985107e-03,1.224741223268210888e-03,1.164042041637003422e-03,4.347157198935747147e-03,1.115476479753851891e-03,1.146258786320686340e-03,2.873720368370413780e-03,1.846700673922896385e-03,2.149438252672553062e-03
1.801127567887306213e-03,2.608474576845765114e-03,2.321848878636956215e-03,3.268548985943198204e-03,3.020647913217544556e-03,4.307591821998357773e-03,1.094645168632268906e-02,5.742936860769987106e-03,7.577144075185060501e-03,6.195223890244960785e-03,4.361903760582208633e-03,5.748627707362174988e-03,4.373260308057069778e-03,2.279576612636446953e-03,4.186879843473434448e-03,3.259112825617194176e-03,2.688217908143997192e-03,3.393072867766022682e-03,2.031498355790972710e-03,2.487753983587026596e-03,8.551268838346004486e-03,8.233583718538284302e-02,1.677275169640779495e-03,4.315245430916547775e-03,4.463424161076545715e-02,2.407999942079186440e-03,2.628727853298187256e-01,1.187179163098335266e-01,7.500833868980407715e-01,2.278070896863937378e-01,8.542484045028686523e-01,1.296594142913818359e-01,4.444256052374839783e-02,1.224765926599502563e-02,8.076254278421401978e-03,4.622437059879302979e-03,2.597464248538017273e-03,9.917274117469787598e-03,3.567746607586741447e-03,1.181099098175764084e-03,2.528822515159845352e-03,3.529123496264219284e-03,1.535997842438519001e-03,1.869502943009138107e-03,4.286595620214939117e-03,3.936919849365949631e-03,2.210932085290551186e-03,3.049700288102030754e-03,3.247844753786921501e-03,1.265483326278626919e-03,4.282807931303977966e-03,6.858932785689830780e-03,1.667920500040054321e-03,3.574333153665065765e-03,2.208282705396413803e-03,1.396558480337262154e-03,1.967114396393299103e-03,1.977331703528761864e-03,2.159123541787266731e-03
4.225792828947305679e-03,3.603818826377391815e-03,2.867296105250716209e-03,3.530584508553147316e-03,2.711205277591943741e-03,2.601761836558580399e-03,5.167005117982625961e-03,2.290843054652214050e-03,2.032096032053232193e-03,2.253483748063445091e-03,1.707230927422642708e-03,2.478435169905424118e-03,1.523755956441164017e-03,1.823045080527663231e-03,9.406185126863420010e-04,1.705717528238892555e-03,2.331289928406476974e-03,2.500243019312620163e-03,2.636115241330116987e-04,2.154617337509989738e-03,4.779210721608251333e-04,2.172327414155006409e-02,4.315245430916547775e-03,2.543091541156172752e-03,1.767115481197834015e-02,4.052539169788360596e-01,8.420203924179077148e-01,1.961117833852767944e-01,4.821842312812805176e-01,8.607353568077087402e-01,5.799008011817932129e-01,3.428931534290313721e-01,1.683364063501358032e-01,4.965174943208694458e-03,5.938636604696512222e-03,7.446321658790111542e-03,3.143338020890951157e-03,2.544527640566229820e-03,4.861447960138320923e-03,2.844629576429724693e-03,1.665284857153892517e-03,1.359652727842330933e-03,1.998611260205507278e-03,1.917174202390015125e-03,7.670820690691471100e-03,3.068150486797094345e-03,3.182262880727648735e-03,5.747938062995672226e-03,3.901977092027664185e-03,6.045925896614789963e-03,3.833900205790996552e-03,1.760893734171986580e-03,2.339019440114498138e-03,3.760080086067318916e-03,5.292404908686876297e-03,3.220784710720181465e-03,4.430514294654130936e-03,2.663126913830637932e-03,4.451740998774766922e-03
6.731445435434579849e-03,5.052470602095127106e-03,8.730697445571422577e-03,7.649290375411510468e-03,7.678689900785684586e-03,5.054827313870191574e-03,6.328187417238950729e-03,5.817336495965719223e-03,2.481576753780245781e-03,2.003090223297476768e-03,3.502448089420795441e-03,4.740846343338489532e-03,5.841098725795745850e-03,2.370850648730993271e-03,2.428001957014203072e-03,5.013720598071813583e-03,2.284383866935968399e-03,9.237379767000675201e-03,6.405278109014034271e-04,1.449091243557631969e-03,1.591418520547449589e-03,8.689980208873748779e-02,4.463424161076545715e-02,1.767115481197834015e-02,1.064880518242716789e-03,7.357644289731979370e-02,7.790586352348327637e-02,2.631945312023162842e-01,5.432679653167724609e-01,2.571737170219421387e-01,2.442499250173568726e-02,6.213754415512084961e-02,1.432937104254961014e-02,5.253209266811609268e-03,3.579724114388227463e-03,5.592878907918930054e-03,3.040489275008440018e-03,1.972617348656058311e-03,3.108390839770436287e-03,3.008760977536439896e-03,1.183042535558342934e-03,1.408431096933782101e-03,2.017956227064132690e-03,3.059403039515018463e-03,4.375152289867401123e-03,4.269225522875785828e-03,2.501018578186631203e-03,7.324088830500841141e-03,3.766091773286461830e-03,6.332605145871639252e-03,8.066023699939250946e-03,1.473221695050597191e-03,3.927402198314666748e-03,8.302945643663406372e-03,4.082047846168279648e-03,3.897383576259016991e-03,3.163629444316029549e-03,4.905040375888347626e-03,4.606217145919799805e-03
1.549718528985977173e-02,1.265313755720853806e-02,1.028086058795452118e-02,5.759621039032936096e-03,8.199290372431278229e-03,5.101122427731752396e-03,4.461262840777635574e-03,4.023743327707052231e-03,2.138328272849321365e-03,2.174366032704710960e-03,1.561997691169381142e-03,2.814303850755095482e-03,2.696375129744410515e-03,3.628778038546442986e-03,1.088421209715306759e-03,5.775732453912496567e-03,1.439374522306025028e-03,4.751214291900396347e-03,6.767451413907110691e-04,1.956610940396785736e-03,6.487611099146306515e-04,1.466054189950227737e-02,2.407999942079186440e-03,4.052539169788360596e-01,7.357644289731979370e-02,1.796622877009212971e-03,1.048271656036376953e-01,5.782597064971923828e-01,5.674672499299049377e-02,3.885772526264190674e-01,7.268559653311967850e-03,6.250070035457611084e-02,1.049187313765287399e-02,1.611100393347442150e-03,2.814189996570348740e-03,1.020141039043664932e-02,4.345939960330724716e-03,1.760120270773768425e-03,4.419788252562284470e-03,1.045354176312685013e-02,1.741026761010289192e-03,9.810092160478234291e-04,4.892945755273103714e-03,3.774993820115923882e-03,3.494928590953350067e-03,6.384184584021568298e-03,3.841580357402563095e-03,2.418608218431472778e-02,2.429074840620160103e-03,1.628163829445838928e-02,6.416853517293930054e-03,2.088628010824322701e-03,7.419725414365530014e-03,6.163828540593385696e-03,6.830220576375722885e-03,6.511252839118242264e-03,6.869065109640359879e-03,2.092330483719706535e-03,5.001508630812168121e-03
9.708344005048274994e-03,5.396091844886541367e-03,3.775573335587978363e-03,4.687961656600236893e-03,2.747797174379229546e-03,2.273156773298978806e-03,1.822683261707425117e-03,1.438517472706735134e-03,1.116834231652319431e-03,2.012900076806545258e-03,2.138740383088588715e-03,2.290200209245085716e-03,1.119986758567392826e-03,2.150342334061861038e-03,1.219557481817901134e-03,2.674960531294345856e-03,1.426094910129904747e-03,1.235684379935264587e-03,4.753237124532461166e-03,3.184055676683783531e-03,2.116881543770432472e-03,1.192565914243459702e-02,2.628727853298187256e-01,8.420203924179077148e-01,7.790586352348327637e-02,1.048271656036376953e-01,1.157152233645319939e-03,2.904551327228546143e-01,2.593251168727874756e-01,9.774246215820312500e-01,6.155681237578392029e-02,7.587183266878128052e-02,5.115311965346336365e-02,4.284994211047887802e-03,2.059012185782194138e-03,3.875326365232467651e-03,3.694853512570261955e-03,2.333849901333451271e-03,4.857806954532861710e-03,4.010613076388835907e-03,1.106891781091690063e-03,1.051049446687102318e-03,3.425492672249674797e-03,1.679973793216049671e-03,2.646828768774867058e-03,3.623619908466935158e-03,1.908883685246109962e-03,4.754092078655958176e-03,3.035158850252628326e-03,1.206052675843238831e-02,7.931087166070938110e-03,1.959968823939561844e-03,2.313400851562619209e-03,4.188623744994401932e-03,5.497117992490530014e-03,3.439492778852581978e-03,3.231195965781807899e-03,2.367404056712985039e-03,6.941050291061401367e-03
