7.060586358420550823e-04,1.108922362327575684e-01,2.894555330276489258e-01,1.737909466028213501e-01,2.276643961668014526e-01,3.867655619978904724e-02,7.974438369274139404e-02,5.741367861628532410e-02,2.885266393423080444e-02,1.598860882222652435e-02,5.333888530731201172e-02,9.473033249378204346e-03,6.948675960302352905e-03,1.462091784924268723e-02,1.071600243449211121e-02,8.122545666992664337e-03,5.201084073632955551e-03,1.068755425512790680e-02,2.782913157716393471e-03,3.466958412900567055e-03,2.437675138935446739e-03,2.543816110119223595e-03,1.787380082532763481e-03,3.862932324409484863e-03,8.579505607485771179e-03,1.262502651661634445e-02,7.729465141892433167e-03,3.603327320888638496e-03,2.963020233437418938e-03,3.580986522138118744e-03,1.565136713907122612e-03,3.072279272601008415e-03,1.991565339267253876e-03,8.939539548009634018e-04,2.830312354490160942e-03,3.417798550799489021e-03,4.613328259438276291e-03,1.748810987919569016e-03,1.694970298558473587e-03,7.302193902432918549e-03,4.229257348924875259e-03,1.056724577210843563e-03,3.107179421931505203e-03,8.071285672485828400e-03,4.618205130100250244e-03,5.486619658768177032e-03,1.820806181058287621e-03,3.993971738964319229e-03,4.730995278805494308e-03,5.782729946076869965e-03,2.105537801980972290e-03,1.944295130670070648e-03,3.318921197205781937e-03,5.475233308970928192e-03,6.934177596122026443e-03,5.595913156867027283e-03,4.459528718143701553e-03,3.039775416254997253e-03,4.178674891591072083e-03
1.108922362327575684e-01,1.364680007100105286e-02,2.809166014194488525e-01,1.562433987855911255e-01,3.298701047897338867e-01,1.413889508694410324e-02,7.033888995647430420e-02,3.008827008306980133e-02,1.136566791683435440e-02,7.255860604345798492e-03,2.892996370792388916e-02,6.382128223776817322e-03,2.949497289955615997e-02,6.814321503043174744e-03,9.756242856383323669e-03,1.626347191631793976e-02,4.003640264272689819e-03,7.672123610973358154e-03,2.274569589644670486e-03,3.017184790223836899e-03,2.277745632454752922e-03,1.946994336321949959e-03,3.542840015143156052e-03,2.849669894203543663e-03,6.109389942139387131e-03,9.772375226020812988e-03,5.190887022763490677e-03,4.122311715036630630e-03,3.223651554435491562e-03,2.327328315004706383e-03,1.554199843667447567e-03,3.381587332114577293e-03,1.963294111192226410e-03,1.997290644794702530e-03,1.511879847384989262e-03,5.277344956994056702e-03,1.017353683710098267e-02,1.861398573964834213e-03,3.927536774426698685e-03,5.977747961878776550e-03,4.153783433139324188e-03,1.376396161504089832e-03,7.079484872519969940e-03,4.056219477206468582e-03,2.198427449911832809e-03,4.710386507213115692e-03,2.117905067279934883e-03,3.705069655552506447e-03,3.178784158080816269e-03,8.432451635599136353e-03,3.128372598439455032e-03,1.655380357988178730e-03,3.990771248936653137e-03,6.135885138064622879e-03,4.932117182761430740e-03,5.604535341262817383e-03,3.071860177442431450e-03,3.897098824381828308e-03,5.706437863409519196e-03
2.894555330276489258e-01,2.809166014194488525e-01,2.711292728781700134e-02,9.520225226879119873e-02,4.034130573272705078e-01,7.165435701608657837e-02,2.393358014523983002e-02,9.830775856971740723e-02,2.004635520279407501e-02,7.121108006685972214e-03,2.529727481305599213e-02,7.141771260648965836e-03,7.228570524603128433e-03,1.654045842587947845e-02,5.547085776925086975e-03,1.179533824324607849e-02,4.505010787397623062e-03,7.275571580976247787e-03,2.250532153993844986e-03,3.563560312613844872e-03,2.907862886786460876e-03,2.441194606944918633e-03,3.120665671303868294e-03,4.924807231873273849e-03,7.188630755990743637e-03,2.026748284697532654e-02,3.993429243564605713e-03,4.116343799978494644e-03,1.736830105073750019e-03,2.283215988427400589e-03,1.082567265257239342e-03,2.125718630850315094e-03,2.201848430559039116e-03,1.803042832762002945e-03,2.397563308477401733e-03,5.853350274264812469e-03,1.979878544807434082e-02,1.743087428621947765e-03,2.197396242991089821e-03,6.666433531790971756e-03,2.490088576450943947e-03,1.442620065063238144e-03,5.923328921198844910e-03,4.095292184501886368e-03,1.833251793868839741e-03,3.492667805403470993e-03,1.542934332974255085e-03,3.428127849474549294e-03,2.760813338682055473e-03,9.621090255677700043e-03,2.432329580187797546e-03,1.856443937867879868e-03,1.900341943837702274e-03,6.019583437591791153e-03,2.887920476496219635e-03,2.645570319145917892e-03,6.511036772280931473e-03,2.765893237665295601e-03,4.429487977176904678e-03
1.737909466028213501e-01,1.562433987855911255e-01,9.520225226879119873e-02,4.755822941660881042e-03,6.460376977920532227e-01,1.142516657710075378e-01,7.411995530128479004e-02,9.203813672065734863e-01,3.008233904838562012e-01,9.554185904562473297e-03,5.309237912297248840e-02,2.701611723750829697e-03,1.979055069386959076e-02,1.632171310484409332e-02,9.461577050387859344e-03,8.865843527019023895e-03,3.417283762246370316e-03,1.250809151679277420e-02,2.915065269917249680e-03,2.541749272495508194e-03,2.374279312789440155e-03,2.982515608891844749e-03,2.373471856117248535e-03,2.293111057952046394e-03,8.429812267422676086e-03,5.350277759134769440e-03,3.014122601598501205e-03,3.931700717657804489e-03,3.158004023134708405e-03,1.616075867787003517e-03,9.632435394451022148e-04,2.947754226624965668e-03,2.149303210899233818e-03,9.386815945617854595e-04,3.190755145624279976e-03,2.270598430186510086e-03,3.887034486979246140e-03,1.576558803208172321e-03,2.338702557608485222e-03,4.406626801937818527e-03,2.603157889097929001e-03,1.874187146313488483e-03,2.943848026916384697e-03,5.116512533277273178e-03,2.285668859258294106e-03,3.064788877964019775e-03,1.349637983366847038e-03,2.577338134869933128e-03,1.947618089616298676e-03,2.051905961707234383e-03,4.008455667644739151e-03,1.650623511523008347e-03,3.122296184301376343e-03,1.390275079756975174e-03,2.346655121073126793e-03,2.465623198077082634e-03,7.930888794362545013e-03,2.044128952547907829e-03,5.128405056893825531e-03
2.276643961668014526e-01,3.298701047897338867e-01,4.034130573272705078e-01,6.460376977920532227e-01,5.614600144326686859e-03,4.218767583370208740e-02,7.305873036384582520e-01,5.546194911003112793e-01,5.702169612050056458e-03,1.137113478034734726e-02,1.016432698816061020e-02,2.552065299823880196e-03,3.264372795820236206e-02,9.767185896635055542e-03,4.938533529639244080e-03,8.127748966217041016e-03,2.816938795149326324e-03,4.154063295572996140e-03,5.273646675050258636e-03,2.122012665495276451e-03,3.074881853535771370e-03,3.796308999881148338e-03,2.828123513609170914e-03,2.757790265604853630e-03,7.411042228341102600e-03,7.709616795182228088e-03,2.559861168265342712e-03,3.519066609442234039e-03,2.541646594181656837e-03,3.202425548806786537e-03,1.213093870319426060e-03,3.529160283505916595e-03,1.987274736166000366e-03,1.089540543034672737e-03,3.295595524832606316e-03,4.070056602358818054e-03,3.853087779134511948e-03,1.701664179563522339e-03,1.558115356601774693e-03,4.484393633902072906e-03,1.647456083446741104e-03,1.209785579703748226e-03,3.279960481449961662e-03,4.654442891478538513e-03,2.097018063068389893e-03,2.614303259178996086e-03,1.751194242388010025e-03,2.512812614440917969e-03,2.532110782340168953e-03,6.951039656996726990e-03,2.176461042836308479e-03,2.386845881119370461e-03,5.310285836458206177e-03,3.994115628302097321e-03,3.418961772695183754e-03,2.329000970348715782e-03,3.012356115505099297e-03,2.456675749272108078e-03,7.848162204027175903e-03
3.867655619978904724e-02,1.413889508694410324e-02,7.165435701608657837e-02,1.142516657710075378e-01,4.218767583370208740e-02,8.271504193544387817e-03,4.754611477255821228e-02,2.513106465339660645e-01,2.839113026857376099e-02,1.319181080907583237e-02,9.638584405183792114e-02,9.540582075715065002e-03,6.307618692517280579e-03,3.832723572850227356e-02,3.589552640914916992e-02,1.052577327936887741e-02,8.571222424507141113e-03,1.254879590123891830e-02,5.160195752978324890e-03,6.791108753532171249e-03,2.894988050684332848e-03,9.805302135646343231e-03,3.478290047496557236e-03,3.012793138623237610e-03,5.653517320752143860e-03,7.727888878434896469e-03,2.303243149071931839e-03,2.236781176179647446e-03,2.924919361248612404e-03,3.469061572104692459e-03,1.404027105309069157e-03,3.198786638677120209e-03,2.244371920824050903e-03,1.373199513182044029e-03,3.424259135499596596e-03,3.259834833443164825e-03,3.683140967041254044e-03,2.106702420860528946e-03,1.658219029195606709e-03,5.087482277303934097e-03,3.124480368569493294e-03,1.926530967466533184e-03,4.537329077720642090e-03,6.062507629394531250e-03,2.103231847286224365e-03,7.127415388822555542e-03,2.310091862455010414e-03,2.110809320583939552e-03,3.854515496641397476e-03,6.494152359664440155e-03,3.249634290114045143e-03,2.477793022990226746e-03,3.137686289846897125e-03,3.782127052545547485e-03,2.500670030713081360e-03,3.673573490232229233e-03,5.155326798558235168e-03,2.749742008745670319e-03,4.607412964105606079e-03
7.974438369274139404e-02,7.033888995647430420e-02,2.393358014523983002e-02,7.411995530128479004e-02,7.305873036384582520e-01,4.754611477255821228e-02,2.676927717402577400e-03,1.488203555345535278e-01,3.554810956120491028e-02,2.462882176041603088e-02,3.984146751463413239e-03,7.389585487544536591e-03,3.863454237580299377e-02,6.370270624756813049e-03,7.483637426048517227e-03,5.146344657987356186e-03,5.376927088946104050e-03,9.193863719701766968e-03,4.286833573132753372e-03,2.641117898747324944e-03,4.780562128871679306e-03,2.875032601878046989e-03,6.208448670804500580e-03,4.766035359352827072e-03,4.616396967321634293e-03,7.664964534342288971e-03,2.537339460104703903e-03,6.181449629366397858e-03,2.621857449412345886e-03,2.238684799522161484e-03,1.564131118357181549e-03,2.590535674244165421e-03,2.171263564378023148e-03,1.757166930474340916e-03,4.439943004399538040e-03,2.651389455422759056e-03,3.448421834036707878e-03,1.692090765573084354e-03,3.853567643091082573e-03,2.269954653456807137e-03,4.489695187658071518e-03,2.644351450726389885e-03,2.939876168966293335e-03,3.582970937713980675e-03,2.292589750140905380e-03,4.091157577931880951e-03,3.560173790901899338e-03,2.099812962114810944e-03,3.812443232163786888e-03,2.571070799604058266e-03,3.426687791943550110e-03,4.044407047331333160e-03,6.010896526277065277e-03,5.918030161410570145e-03,5.801618564873933792e-03,6.973879411816596985e-03,5.483701359480619431e-03,3.031176282092928886e-03,1.424954645335674286e-02
5.741367861628532410e-02,3.008827008306980133e-02,9.830775856971740723e-02,9.203813672065734863e-01,5.546194911003112793e-01,2.513106465339660645e-01,1.488203555345535278e-01,1.455409335903823376e-03,9.629158303141593933e-03,2.304179780185222626e-02,1.515888515859842300e-02,1.725665293633937836e-03,1.510723959654569626e-02,9.352629072964191437e-03,1.219448354095220566e-02,1.898167654871940613e-02,7.325420156121253967e-03,1.256236992776393890e-02,1.317604072391986847e-02,6.157930940389633179e-03,4.961774218827486038e-03,4.798975307494401932e-03,4.867729265242815018e-03,2.599848434329032898e-03,4.599278792738914490e-03,8.052970282733440399e-03,2.780232112854719162e-03,3.867875086143612862e-03,2.230508020147681236e-03,2.706518629565834999e-03,1.539753284305334091e-03,3.259058576077222824e-03,1.656529842875897884e-03,1.043578260578215122e-03,2.112948801368474960e-03,6.050225347280502319e-03,4.255453590303659439e-03,1.700037624686956406e-03,2.658042823895812035e-03,6.850278936326503754e-03,2.888940973207354546e-03,1.699036103673279285e-03,1.078291214071214199e-03,3.490005154162645340e-03,2.220928668975830078e-03,3.065707162022590637e-03,1.234620227478444576e-03,3.639394650235772133e-03,2.604947658255696297e-03,6.359775550663471222e-03,2.772013423964381218e-03,4.607832990586757660e-03,3.369932528585195541e-03,3.216282464563846588e-03,2.205899916589260101e-03,2.918146317824721336e-03,2.106355736032128334e-03,1.719333813525736332e-03,5.038777831941843033e-03
2.885266393423080444e-02,1.136566791683435440e-02,2.004635520279407501e-02,3.008233904838562012e-01,5.702169612050056458e-03,2.839113026857376099e-02,3.554810956120491028e-02,9.629158303141593933e-03,1.452578883618116379e-02,2.620787173509597778e-02,1.056769788265228271e-01,1.793409883975982666e-01,3.534223185852169991e-03,1.935248635709285736e-02,3.322277963161468506e-02,7.981437258422374725e-03,1.184366419911384583e-01,7.863132283091545105e-03,2.705690823495388031e-02,3.799015656113624573e-02,2.523884736001491547e-02,3.937317989766597748e-03,3.616621252149343491e-03,1.756487064994871616e-03,1.932115526869893074e-03,1.900907489471137524e-03,1.106235664337873459e-03,1.759344595484435558e-03,3.434493439272046089e-03,1.636084984056651592e-03,3.719417843967676163e-03,1.321045565418899059e-03,2.009905874729156494e-03,2.552494872361421585e-03,3.055522451177239418e-03,1.373555860482156277e-03,1.840858720242977142e-03,8.474226109683513641e-03,2.478825394064188004e-03,1.846156665123999119e-03,6.328532006591558456e-03,1.070011127740144730e-02,2.445343649014830589e-03,2.614254830405116081e-03,6.221272051334381104e-03,3.901630407199263573e-03,8.578024804592132568e-03,2.620370127260684967e-03,3.235264914110302925e-03,1.866419799625873566e-03,2.764886012300848961e-03,7.969323545694351196e-03,2.861957065761089325e-03,1.901678391732275486e-03,2.167531056329607964e-03,2.006483729928731918e-03,5.479095038026571274e-03,5.495778284966945648e-03,3.625221550464630127e-03
1.598860882222652435e-02,7.255860604345798492e-03,7.121108006685972214e-03,9.554185904562473297e-03,1.137113478034734726e-02,1.319181080907583237e-02,2.462882176041603088e-02,2.304179780185222626e-02,2.620787173509597778e-02,1.641845703125000000e-02,1.020602583885192871e-01,2.237822413444519043e-01,3.107254505157470703e-01,2.668465115129947662e-02,1.000351458787918091e-01,2.742590941488742828e-02,9.354983270168304443e-02,1.392405945807695389e-02,8.165615610778331757e-03,8.232870697975158691e-02,1.399872824549674988e-02,3.994675353169441223e-03,4.304260946810245514e-03,2.117087133228778839e-03,2.756602363660931587e-03,1.985234906896948814e-03,1.566478633321821690e-03,3.022202057763934135e-03,3.190576331689953804e-03,1.729574869386851788e-03,1.553062931634485722e-03,1.719764317385852337e-03,2.316454891115427017e-03,4.835322033613920212e-03,3.737747203558683395e-03,3.034359542652964592e-03,3.749050199985504150e-03,6.948587484657764435e-03,2.700263168662786484e-03,2.197218593209981918e-03,3.750795964151620865e-03,2.878473838791251183e-03,1.475352910347282887e-03,3.197518875822424889e-03,3.604779485613107681e-03,2.614097902551293373e-03,4.111184272915124893e-03,2.387328539043664932e-03,4.154142457991838455e-03,3.135706065222620964e-03,1.477166893891990185e-03,3.490894101560115814e-03,2.194132423028349876e-03,2.118677366524934769e-03,2.488089026883244514e-03,1.560197561047971249e-03,2.214992884546518326e-03,5.068349651992321014e-03,5.921459291130304337e-03
5.333888530731201172e-02,2.892996370792388916e-02,2.529727481305599213e-02,5.309237912297248840e-02,1.016432698816061020e-02,9.638584405183792114e-02,3.984146751463413239e-03,1.515888515859842300e-02,1.056769788265228271e-01,1.020602583885192871e-01,7.989267469383776188e-04,2.489047497510910034e-02,6.134215593338012695e-01,8.371196687221527100e-02,1.474466472864151001e-01,2.155190333724021912e-02,1.656557805836200714e-02,1.372603140771389008e-02,8.316569030284881592e-03,4.927179310470819473e-03,3.809279296547174454e-03,1.830806839279830456e-03,4.866706207394599915e-03,2.315663732588291168e-03,2.964423736557364464e-03,2.215693704783916473e-03,2.547504147514700890e-03,1.931110862642526627e-03,1.824140548706054688e-03,2.243577735498547554e-03,5.936272209510207176e-04,1.810612622648477554e-03,1.663308008573949337e-03,1.145637128502130508e-03,6.106593646109104156e-03,4.179403185844421387e-03,1.251015253365039825e-02,3.285219660028815269e-03,2.244232222437858582e-03,3.203491214662790298e-03,8.287235163152217865e-03,2.178075024858117104e-03,3.238354343920946121e-03,3.065502969548106194e-03,7.172127254307270050e-03,3.098344663158059120e-03,2.735691610723733902e-03,2.427290659397840500e-03,4.348005633801221848e-03,6.807976868003606796e-03,3.483270062133669853e-03,2.264168113470077515e-03,3.281656885519623756e-03,2.978057833388447762e-03,2.361723687499761581e-03,2.872915705665946007e-03,2.530199009925127029e-03,2.430952154099941254e-03,6.783240009099245071e-03
9.473033249378204346e-03,6.382128223776817322e-03,7.141771260648965836e-03,2.701611723750829697e-03,2.552065299823880196e-03,9.540582075715065002e-03,7.389585487544536591e-03,1.725665293633937836e-03,1.793409883975982666e-01,2.237822413444519043e-01,2.489047497510910034e-02,1.740217581391334534e-02,2.181193605065345764e-02,5.221490189433097839e-02,7.005333900451660156e-01,3.708314895629882812e-02,4.984395503997802734e-01,4.039772227406501770e-02,4.168010130524635315e-02,5.957847461104393005e-02,2.074647881090641022e-02,5.326235201209783554e-03,5.750900600105524063e-03,2.967606298625469208e-03,2.307653194293379784e-03,1.868199789896607399e-03,1.597812050022184849e-03,2.137596951797604561e-03,4.190034233033657074e-03,1.833755290135741234e-03,2.535727573558688164e-03,2.179887378588318825e-03,3.448721487075090408e-03,3.041896037757396698e-03,3.726348979398608208e-03,2.810902893543243408e-03,2.853120211511850357e-03,5.764393601566553116e-03,1.751259202137589455e-03,2.057001460343599319e-03,4.983423277735710144e-03,5.157535430043935776e-03,1.392617356032133102e-03,2.277243882417678833e-03,6.638983264565467834e-03,4.234767053276300430e-03,3.314156085252761841e-03,2.428766572847962379e-03,3.357233945280313492e-03,2.336686244234442711e-03,2.885761437937617302e-03,3.303875913843512535e-03,1.801087171770632267e-03,1.861108001321554184e-03,1.849175663664937019e-03,2.934721531346440315e-03,2.900482621043920517e-03,2.575461054220795631e-03,3.341967938467860222e-03
6.948675960302352905e-03,2.949497289955615997e-02,7.228570524603128433e-03,1.979055069386959076e-02,3.264372795820236206e-02,6.307618692517280579e-03,3.863454237580299377e-02,1.510723959654569626e-02,3.534223185852169991e-03,3.107254505157470703e-01,6.134215593338012695e-01,2.181193605065345764e-02,1.185051747597754002e-03,1.391969472169876099e-01,7.791531831026077271e-02,1.153222173452377319e-01,1.822213083505630493e-02,3.301065787672996521e-02,1.254588924348354340e-02,9.077557362616062164e-03,6.567073054611682892e-03,1.122224726714193821e-03,2.981572644785046577e-03,1.127091352827847004e-03,8.788778446614742279e-03,4.050606396049261093e-03,1.373239443637430668e-03,4.562792368233203888e-03,2.744519384577870369e-03,2.980489749461412430e-03,3.097583074122667313e-03,2.375340089201927185e-03,2.167707541957497597e-03,1.932098995894193649e-03,5.006962455809116364e-03,3.054921049624681473e-03,4.900768864899873734e-03,5.675171501934528351e-03,2.293245168402791023e-03,2.558710984885692596e-03,3.356919623911380768e-03,2.236204454675316811e-03,2.061148174107074738e-03,3.616332774981856346e-03,4.706493578851222992e-03,3.832099493592977524e-03,1.674639992415904999e-03,4.832573700696229935e-03,3.588059451431035995e-03,3.238352714106440544e-03,3.742896486073732376e-03,1.814815332181751728e-03,2.524907002225518227e-03,2.531343605369329453e-03,2.494731219485402107e-03,5.092096514999866486e-03,4.246566444635391235e-03,3.778748912736773491e-03,6.268090568482875824e-03
1.462091784924268723e-02,6.814321503043174744e-03,1.654045842587947845e-02,1.632171310484409332e-02,9.767185896635055542e-03,3.832723572850227356e-02,6.370270624756813049e-03,9.352629072964191437e-03,1.935248635709285736e-02,2.668465115129947662e-02,8.371196687221527100e-02,5.221490189433097839e-02,1.391969472169876099e-01,6.218560039997100830e-03,4.221326857805252075e-02,1.425692886114120483e-01,1.397565286606550217e-02,9.971657767891883850e-03,5.387479439377784729e-03,5.221529863774776459e-03,7.043979130685329437e-04,3.129490884020924568e-03,2.517558401450514793e-03,3.285589627921581268e-03,3.056597197428345680e-03,2.698021940886974335e-03,3.443501191213726997e-03,2.235329011455178261e-03,4.623051732778549194e-03,3.055472858250141144e-03,2.172368112951517105e-03,3.348455997183918953e-03,3.664253279566764832e-03,2.715616719797253609e-03,3.131447592750191689e-03,4.462643992155790329e-03,4.962706472724676132e-03,3.204120323061943054e-03,3.694028826430439949e-03,3.121683141216635704e-03,5.504317581653594971e-03,3.801338374614715576e-03,9.759311564266681671e-03,5.388253834098577499e-03,7.810144685208797455e-03,9.099209681153297424e-03,2.560316585004329681e-03,3.171817399561405182e-03,7.257540244609117508e-03,6.331087555736303329e-03,3.570154542103409767e-03,2.631258685141801834e-03,4.375632386654615402e-03,2.818472683429718018e-03,3.037306480109691620e-03,2.922707470133900642e-03,3.983858972787857056e-03,3.478962928056716919e-03,9.294474497437477112e-03
1.071600243449211121e-02,9.756242856383323669e-03,5.547085776925086975e-03,9.461577050387859344e-03,4.938533529639244080e-03,3.589552640914916992e-02,7.483637426048517227e-03,1.219448354095220566e-02,3.322277963161468506e-02,1.000351458787918091e-01,1.474466472864151001e-01,7.005333900451660156e-01,7.791531831026077271e-02,4.221326857805252075e-02,8.930697292089462280e-02,1.543207019567489624e-01,2.613452672958374023e-01,6.638508290052413940e-02,5.682921037077903748e-03,1.928914338350296021e-02,2.484563505277037621e-03,1.440529245883226395e-03,5.192337557673454285e-03,1.204916392453014851e-03,1.723338849842548370e-03,1.400669687427580357e-03,1.387222670018672943e-03,2.160425530746579170e-03,2.234950428828597069e-03,1.432265155017375946e-03,1.418928033672273159e-03,1.856840797699987888e-03,1.788951340131461620e-03,3.956243395805358887e-03,5.975496023893356323e-03,2.200873102992773056e-03,2.210892038419842720e-03,7.731707300990819931e-03,7.737716659903526306e-03,2.311927732080221176e-03,1.062683667987585068e-02,8.081198669970035553e-03,1.623626914806663990e-03,3.171977354213595390e-03,4.506554920226335526e-03,3.107220632955431938e-03,3.435577265918254852e-03,1.933981198817491531e-03,2.387611428275704384e-03,1.406344235874712467e-03,2.524832496419548988e-03,2.352430252358317375e-03,3.530096495524048805e-03,2.704461337998509407e-03,1.643657451495528221e-03,2.016011625528335571e-03,3.062993288040161133e-03,2.178295748308300972e-03,3.517341567203402519e-03
8.122545666992664337e-03,1.626347191631793976e-02,1.179533824324607849e-02,8.865843527019023895e-03,8.127748966217041016e-03,1.052577327936887741e-02,5.146344657987356186e-03,1.898167654871940613e-02,7.981437258422374725e-03,2.742590941488742828e-02,2.155190333724021912e-02,3.708314895629882812e-02,1.153222173452377319e-01,1.425692886114120483e-01,1.543207019567489624e-01,1.476752106100320816e-03,8.238473907113075256e-03,6.349261999130249023e-01,3.614242002367973328e-02,7.275784853845834732e-03,1.728276954963803291e-03,5.250503774732351303e-03,2.112104557454586029e-03,3.720188513398170471e-03,4.223241470754146576e-03,4.435967188328504562e-03,1.848057494498789310e-03,3.543256083503365517e-03,2.178261522203683853e-03,3.342003095895051956e-03,1.150640775449573994e-03,3.957981709390878677e-03,3.515286138281226158e-03,3.602712880820035934e-03,4.193739965558052063e-03,7.426143623888492584e-03,1.081681624054908752e-02,2.454691333696246147e-03,2.513205632567405701e-03,4.389893263578414917e-03,3.300097072497010231e-03,2.062583575025200844e-03,5.698896478861570358e-03,6.118044722825288773e-03,5.443700589239597321e-03,6.250084843486547470e-03,2.056248020380735397e-03,3.975812345743179321e-03,3.795016324147582054e-03,2.329910639673471451e-03,3.155414480715990067e-03,1.172876683995127678e-03,3.682065522298216820e-03,2.995104761794209480e-03,5.455990321934223175e-03,6.004697177559137344e-03,2.566008362919092178e-03,2.399634337052702904e-03,7.212112657725811005e-03
5.201084073632955551e-03,4.003640264272689819e-03,4.505010787397623062e-03,3.417283762246370316e-03,2.816938795149326324e-03,8.571222424507141113e-03,5.376927088946104050e-03,7.325420156121253967e-03,1.184366419911384583e-01,9.354983270168304443e-02,1.656557805836200714e-02,4.984395503997802734e-01,1.822213083505630493e-02,1.397565286606550217e-02,2.613452672958374023e-01,8.238473907113075256e-03,1.073787808418273926e-01,2.659408375620841980e-02,9.200114756822586060e-02,1.026039347052574158e-01,9.766876697540283203e-03,2.371811540797352791e-03,4.931775853037834167e-03,1.749240676872432232e-03,1.412861514836549759e-03,1.541057135909795761e-03,1.406024908646941185e-03,2.503445139154791832e-03,5.044978577643632889e-03,2.019340638071298599e-03,3.155636601150035858e-03,3.009934211149811745e-03,5.386299453675746918e-03,7.344721350818872452e-03,1.235972810536623001e-02,1.901672920212149620e-03,4.068960901349782944e-03,1.874049194157123566e-02,1.825345098040997982e-03,1.310148392803966999e-03,5.710169672966003418e-03,1.528742164373397827e-02,1.461827312596142292e-03,2.137705683708190918e-03,9.998724795877933502e-03,5.144274793565273285e-03,5.090084392577409744e-03,3.346707671880722046e-03,5.645443685352802277e-03,2.184979617595672607e-03,2.620163373649120331e-03,3.499486949294805527e-03,1.856716000474989414e-03,2.114500850439071655e-03,2.775978529825806618e-03,1.903371652588248253e-03,3.007541177794337273e-03,2.799751237034797668e-03,2.492842730134725571e-03
1.068755425512790680e-02,7.672123610973358154e-03,7.275571580976247787e-03,1.250809151679277420e-02,4.154063295572996140e-03,1.254879590123891830e-02,9.193863719701766968e-03,1.256236992776393890e-02,7.863132283091545105e-03,1.392405945807695389e-02,1.372603140771389008e-02,4.039772227406501770e-02,3.301065787672996521e-02,9.971657767891883850e-03,6.638508290052413940e-02,6.349261999130249023e-01,2.659408375620841980e-02,6.345459260046482086e-04,7.880762219429016113e-03,2.636074423789978027e-01,5.009645130485296249e-03,4.092665612697601318e-01,2.022252418100833893e-03,6.282208487391471863e-03,2.680670702829957008e-03,1.553252222947776318e-03,1.517460797913372517e-03,4.085665103048086166e-03,7.505265530198812485e-03,2.958282362669706345e-03,3.290505846962332726e-03,9.170194156467914581e-03,5.175127182155847549e-03,1.026131119579076767e-02,1.031760592013597488e-02,6.019315216690301895e-03,6.551406811922788620e-03,8.623998612165451050e-03,5.166519898921251297e-03,2.613910241052508354e-03,3.185212146490812302e-03,3.279411699622869492e-03,3.200657432898879051e-03,2.762261545285582542e-03,3.969307057559490204e-03,3.220498329028487206e-03,2.638378413394093513e-03,2.500614151358604431e-03,4.846430849283933640e-03,2.351380884647369385e-03,2.446332480758428574e-03,1.795839634723961353e-03,1.574321300722658634e-03,2.333409152925014496e-03,1.653205254115164280e-03,1.460942206904292107e-03,2.312539378181099892e-03,1.849644002504646778e-03,3.456120379269123077e-03
2.782913157716393471e-03,2.274569589644670486e-03,2.250532153993844986e-03,2.915065269917249680e-03,5.273646675050258636e-03,5.160195752978324890e-03,4.286833573132753372e-03,1.317604072391986847e-02,2.705690823495388031e-02,8.165615610778331757e-03,8.316569030284881592e-03,4.168010130524635315e-02,1.254588924348354340e-02,5.387479439377784729e-03,5.682921037077903748e-03,3.614242002367973328e-02,9.200114756822586060e-02,7.880762219429016113e-03,1.335406559519469738e-03,3.131508454680442810e-02,5.184662938117980957e-01,4.914048593491315842e-03,2.728892490267753601e-03,5.798799684271216393e-04,6.638643681071698666e-04,6.334160570986568928e-04,8.947281166911125183e-03,3.026829101145267487e-03,1.844088546931743622e-03,7.276322226971387863e-03,1.965473778545856476e-02,1.267050858587026596e-02,1.850909180939197540e-02,4.549884796142578125e-02,5.211550369858741760e-02,1.299429498612880707e-02,2.482082881033420563e-02,1.093021333217620850e-01,6.584426853805780411e-03,4.242413211613893509e-03,2.819892205297946930e-02,9.859235957264900208e-03,3.003013553097844124e-03,1.047421991825103760e-02,1.174796652048826218e-02,2.460426418110728264e-03,3.538553602993488312e-03,2.510817488655447960e-03,5.665533244609832764e-03,1.747888978570699692e-03,5.493454169481992722e-03,1.946426462382078171e-03,1.796571654267609119e-03,1.281428150832653046e-03,1.043893513269722462e-03,2.144657075405120850e-03,1.676026964560151100e-03,2.198312431573867798e-03,2.759014023467898369e-03
3.466958412900567055e-03,3.017184790223836899e-03,3.563560312613844872e-03,2.541749272495508194e-03,2.122012665495276451e-03,6.791108753532171249e-03,2.641117898747324944e-03,6.157930940389633179e-03,3.799015656113624573e-02,8.232870697975158691e-02,4.927179310470819473e-03,5.957847461104393005e-02,9.077557362616062164e-03,5.221529863774776459e-03,1.928914338350296021e-02,7.275784853845834732e-03,1.026039347052574158e-01,2.636074423789978027e-01,3.131508454680442810e-02,4.588468000292778015e-02,4.436635971069335938e-02,2.615420334041118622e-02,4.146643448621034622e-03,2.597632352262735367e-03,9.291940950788557529e-04,2.166714519262313843e-03,3.819610690698027611e-03,5.439248867332935333e-03,3.126749023795127869e-02,4.924047738313674927e-03,1.003635209053754807e-02,7.250363472849130630e-03,2.829535305500030518e-02,1.377885043621063232e-02,2.483164705336093903e-02,3.637605812400579453e-03,5.371854640543460846e-03,3.650086745619773865e-02,5.580563098192214966e-03,1.046783523634076118e-03,4.431376699358224869e-03,8.814333006739616394e-03,1.540264929644763470e-03,1.603766926564276218e-03,8.558221161365509033e-03,3.568131476640701294e-03,3.160399384796619415e-03,2.534320345148444176e-03,3.567493986338376999e-03,2.115008886903524399e-03,2.283187583088874817e-03,2.822845010086894035e-03,1.193577772937715054e-03,1.410004682838916779e-03,1.866780454292893410e-03,1.320560579188168049e-03,3.574098926037549973e-03,2.950559835880994797e-03,4.129282664507627487e-03
2.437675138935446739e-03,2.277745632454752922e-03,2.907862886786460876e-03,2.374279312789440155e-03,3.074881853535771370e-03,2.894988050684332848e-03,4.780562128871679306e-03,4.961774218827486038e-03,2.523884736001491547e-02,1.399872824549674988e-02,3.809279296547174454e-03,2.074647881090641022e-02,6.567073054611682892e-03,7.043979130685329437e-04,2.484563505277037621e-03,1.728276954963803291e-03,9.766876697540283203e-03,5.009645130485296249e-03,5.184662938117980957e-01,4.436635971069335938e-02,3.931659739464521408e-03,2.209875034168362617e-03,6.367755681276321411e-02,5.797387566417455673e-04,8.318000473082065582e-04,3.203853266313672066e-04,4.091581329703330994e-03,3.829638939350843430e-03,1.779188588261604309e-02,8.165179751813411713e-03,2.008577287197113037e-01,4.568485543131828308e-03,2.210448980331420898e-01,4.399181902408599854e-01,9.357140213251113892e-02,6.738414987921714783e-03,1.671114191412925720e-02,3.667467534542083740e-01,1.002742070704698563e-02,2.696051727980375290e-03,1.957615092396736145e-02,2.035458944737911224e-02,3.645671531558036804e-03,4.730589222162961960e-03,1.759893074631690979e-02,4.538580309599637985e-03,3.692854661494493484e-03,1.881343079730868340e-03,2.544444054365158081e-03,1.114106504246592522e-03,3.567793872207403183e-03,3.140470711514353752e-03,1.566477119922637939e-03,1.207199529744684696e-03,1.369811943732202053e-03,1.059912610799074173e-03,1.514123054221272469e-03,3.188729519024491310e-03,3.310828469693660736e-03
2.543816110119223595e-03,1.946994336321949959e-03,2.441194606944918633e-03,2.982515608891844749e-03,3.796308999881148338e-03,9.805302135646343231e-03,2.875032601878046989e-03,4.798975307494401932e-03,3.937317989766597748e-03,3.994675353169441223e-03,1.830806839279830456e-03,5.326235201209783554e-03,1.122224726714193821e-03,3.129490884020924568e-03,1.440529245883226395e-03,5.250503774732351303e-03,2.371811540797352791e-03,4.092665612697601318e-01,4.914048593491315842e-03,2.615420334041118622e-02,2.209875034168362617e-03,3.544511971995234489e-03,4.898741468787193298e-02,2.807962894439697266e-02,2.053520083427429199e-02,6.045037414878606796e-03,2.247292734682559967e-02,3.482368215918540955e-02,8.203575015068054199e-02,6.418710947036743164e-02,1.467788368463516235e-01,7.395099997520446777e-01,2.925396263599395752e-01,1.749197021126747131e-02,4.056849330663681030e-02,3.215939179062843323e-02,3.114164574071764946e-03,7.860272191464900970e-03,1.225312333554029465e-02,2.271996578201651573e-03,2.428936306387186050e-03,2.885145368054509163e-03,3.889664541929960251e-03,3.063026582822203636e-03,1.713009085506200790e-03,4.075590055435895920e-03,1.350500737316906452e-03,3.295937087386846542e-03,1.652061357162892818e-03,2.072192961350083351e-03,1.660328125581145287e-03,1.514544826932251453e-03,1.031580730341374874e-03,4.694828297942876816e-03,1.158624188974499702e-03,1.336687244474887848e-03,1.846338738687336445e-03,1.805146574042737484e-03,2.787829376757144928e-03
1.787380082532763481e-03,3.542840015143156052e-03,3.120665671303868294e-03,2.373471856117248535e-03,2.828123513609170914e-03,3.478290047496557236e-03,6.208448670804500580e-03,4.867729265242815018e-03,3.616621252149343491e-03,4.304260946810245514e-03,4.866706207394599915e-03,5.750900600105524063e-03,2.981572644785046577e-03,2.517558401450514793e-03,5.192337557673454285e-03,2.112104557454586029e-03,4.931775853037834167e-03,2.022252418100833893e-03,2.728892490267753601e-03,4.146643448621034622e-03,6.367755681276321411e-02,4.898741468787193298e-02,1.093564322218298912e-03,4.451696295291185379e-03,7.336908578872680664e-02,2.143218647688627243e-03,6.179153174161911011e-02,6.594505310058593750e-01,2.335840016603469849e-01,2.589538693428039551e-01,7.336322069168090820e-01,7.700745761394500732e-02,7.702876627445220947e-02,2.628077939152717590e-02,1.186886988580226898e-02,7.109405472874641418e-03,5.313066765666007996e-03,1.993376202881336212e-02,7.569320965558290482e-03,1.561673474498093128e-03,3.518415847793221474e-03,5.350160878151655197e-03,1.336841261945664883e-03,1.764268963597714901e-03,2.993439324200153351e-03,1.897704903967678547e-03,2.063117455691099167e-03,1.634146668948233128e-03,1.312440028414130211e-03,1.080722315236926079e-03,3.613619366660714149e-03,7.676815614104270935e-03,2.748592989519238472e-03,5.048759281635284424e-03,1.554069691337645054e-03,1.130196847952902317e-03,1.849637017585337162e-03,1.528452616184949875e-03,2.264985814690589905e-03
3.862932324409484863e-03,2.849669894203543663e-03,4.924807231873273849e-03,2.293111057952046394e-03,2.757790265604853630e-03,3.012793138623237610e-03,4.766035359352827072e-03,2.599848434329032898e-03,1.756487064994871616e-03,2.117087133228778839e-03,2.315663732588291168e-03,2.967606298625469208e-03,1.127091352827847004e-03,3.285589627921581268e-03,1.204916392453014851e-03,3.720188513398170471e-03,1.749240676872432232e-03,6.282208487391471863e-03,5.798799684271216393e-04,2.597632352262735367e-03,5.797387566417455673e-04,2.807962894439697266e-02,4.451696295291185379e-03,1.896282890811562538e-03,2.151611447334289551e-02,1.196261718869209290e-01,9.595416784286499023e-01,1.726744025945663452e-01,3.264114856719970703e-01,9.315603971481323242e-01,3.186687082052230835e-02,7.695354819297790527e-01,1.455814540386199951e-01,3.353607608005404472e-03,1.054597459733486176e-02,9.926343336701393127e-03,3.445013426244258881e-03,1.975505147129297256e-03,3.495486686006188393e-03,2.685998566448688507e-03,1.858466654084622860e-03,1.655356027185916901e-03,2.033982658758759499e-03,3.340564435347914696e-03,5.204349290579557419e-03,5.020802374929189682e-03,2.073828596621751785e-03,4.604280460625886917e-03,5.757508333772420883e-03,5.588737782090902328e-03,2.618758007884025574e-03,1.687383512035012245e-03,2.186222234740853310e-03,5.004086066037416458e-03,3.606297308579087257e-03,3.473074641078710556e-03,2.622114261612296104e-03,1.744037726894021034e-03,2.679158002138137817e-03
8.579505607485771179e-03,6.109389942139387131e-03,7.188630755990743637e-03,8.429812267422676086e-03,7.411042228341102600e-03,5.653517320752143860e-03,4.616396967321634293e-03,4.599278792738914490e-03,1.932115526869893074e-03,2.756602363660931587e-03,2.964423736557364464e-03,2.307653194293379784e-03,8.788778446614742279e-03,3.056597197428345680e-03,1.723338849842548370e-03,4.223241470754146576e-03,1.412861514836549759e-03,2.680670702829957008e-03,6.638643681071698666e-04,9.291940950788557529e-04,8.318000473082065582e-04,2.053520083427429199e-02,7.336908578872680664e-02,2.151611447334289551e-02,3.980899346061050892e-04,7.511501759290695190e-02,1.503654867410659790e-01,4.983701407909393311e-01,8.908636868000030518e-02,1.705787330865859985e-01,2.833889983594417572e-02,6.337270140647888184e-02,3.907218575477600098e-02,1.024335995316505432e-02,1.174154039472341537e-02,1.005167141556739807e-02,9.600901976227760315e-03,4.074729047715663910e-03,5.471982527524232864e-03,5.219897720962762833e-03,3.107818774878978729e-03,1.433153985999524593e-03,3.410142613574862480e-03,7.115463260561227798e-03,2.314879558980464935e-03,5.651541519910097122e-03,1.850980101153254509e-03,5.158954765647649765e-03,3.550065681338310242e-03,7.046265061944723129e-03,6.786684505641460419e-03,1.269522821530699730e-03,3.210664726793766022e-03,1.227055862545967102e-02,2.377385040745139122e-03,2.808646066114306450e-03,3.023018129169940948e-03,4.060879815369844437e-03,3.662960371002554893e-03
1.262502651661634445e-02,9.772375226020812988e-03,2.026748284697532654e-02,5.350277759134769440e-03,7.709616795182228088e-03,7.727888878434896469e-03,7.664964534342288971e-03,8.052970282733440399e-03,1.900907489471137524e-03,1.985234906896948814e-03,2.215693704783916473e-03,1.868199789896607399e-03,4.050606396049261093e-03,2.698021940886974335e-03,1.400669687427580357e-03,4.435967188328504562e-03,1.541057135909795761e-03,1.553252222947776318e-03,6.334160570986568928e-04,2.166714519262313843e-03,3.203853266313672066e-04,6.045037414878606796e-03,2.143218647688627243e-03,1.196261718869209290e-01,7.511501759290695190e-02,1.073244959115982056e-03,3.084252178668975830e-01,4.196758270263671875e-01,6.617083400487899780e-02,3.330706954002380371e-01,8.853558450937271118e-03,7.948620617389678955e-02,2.984630130231380463e-02,2.141163684427738190e-03,7.633571978658437729e-03,1.156793162226676941e-02,7.889617234468460083e-03,1.688809948973357677e-03,5.012274254113435745e-03,1.878825388848781586e-02,2.003758447244763374e-03,1.052588573656976223e-03,9.694211184978485107e-03,6.591157522052526474e-03,1.636924804188311100e-03,6.103052292019128799e-03,2.203200245276093483e-03,5.868475418537855148e-03,6.566370371729135513e-03,3.171994164586067200e-02,5.901048891246318817e-03,1.348629361018538475e-03,5.630929954349994659e-03,5.626494530588388443e-03,4.000878427177667618e-03,3.944805357605218887e-03,5.924707744270563126e-03,1.956333406269550323e-03,6.327045150101184845e-03
7.729465141892433167e-03,5.190887022763490677e-03,3.993429243564605713e-03,3.014122601598501205e-03,2.559861168265342712e-03,2.303243149071931839e-03,2.537339460104703903e-03,2.780232112854719162e-03,1.106235664337873459e-03,1.566478633321821690e-03,2.547504147514700890e-03,1.597812050022184849e-03,1.373239443637430668e-03,3.443501191213726997e-03,1.387222670018672943e-03,1.848057494498789310e-03,1.406024908646941185e-03,1.517460797913372517e-03,8.947281166911125183e-03,3.819610690698027611e-03,4.091581329703330994e-03,2.247292734682559967e-02,6.179153174161911011e-02,9.595416784286499023e-01,1.503654867410659790e-01,3.084252178668975830e-01,1.610759878531098366e-03,9.412192553281784058e-02,1.195080578327178955e-01,9.635035991668701172e-01,5.209188908338546753e-02,8.286076784133911133e-02,7.148993015289306641e-02,3.407060401514172554e-03,3.673231229186058044e-03,7.514737080782651901e-03,3.134414320811629295e-03,1.266411854885518551e-03,1.000780519098043442e-02,4.597803112119436264e-03,1.349667552858591080e-03,1.527357031591236591e-03,1.412863028235733509e-03,3.045556601136922836e-03,2.183931879699230194e-03,3.225093707442283630e-03,1.531339948996901512e-03,4.752443172037601471e-03,2.594898454844951630e-03,1.699129678308963776e-02,3.649680176749825478e-03,1.872673281468451023e-03,2.741550561040639877e-03,3.038319060578942299e-03,3.431188408285379410e-03,2.772429957985877991e-03,1.838919008150696754e-03,1.198267680592834949e-03,4.727963358163833618e-03
