4.173485795035958290e-04,6.264539808034896851e-02,1.596227139234542847e-01,7.116081565618515015e-02,8.404788374900817871e-02,6.004369631409645081e-02,1.021064370870590210e-01,3.575549274682998657e-02,3.281654790043830872e-02,3.102636523544788361e-02,3.861773014068603516e-02,1.695881038904190063e-02,1.233384571969509125e-02,2.634966373443603516e-02,8.578653447329998016e-03,1.215314492583274841e-02,4.697371274232864380e-03,1.214465778321027756e-02,2.374775242060422897e-03,3.103164257481694221e-03,3.522810526192188263e-03,3.263457678258419037e-03,2.340015489608049393e-03,3.262254176661372185e-03,6.354038137942552567e-03,6.671373266726732254e-03,5.283503793179988861e-03,3.034071298316121101e-03,2.685057232156395912e-03,3.545524552464485168e-03,1.224335283041000366e-03,3.369258251041173935e-03,3.326168982312083244e-03,1.906460383906960487e-03,4.319045227020978928e-03,7.185616064816713333e-03,7.507699541747570038e-03,2.953467890620231628e-03,1.688457676209509373e-03,1.034552790224552155e-02,3.465221030637621880e-03,1.766167930327355862e-03,2.767358906567096710e-03,9.307176806032657623e-03,3.229930531233549118e-03,2.910939278081059456e-03,1.744124107062816620e-03,3.984680399298667908e-03,4.116257652640342712e-03,4.547659307718276978e-03,2.620097249746322632e-03,1.592062530107796192e-03,2.481457311660051346e-03,5.263243336230516434e-03,4.273595754057168961e-03,4.520931746810674667e-03,5.673662293702363968e-03,4.766874480992555618e-03,5.679324734956026077e-03
6.264539808034896851e-02,1.499771978706121445e-02,4.107916951179504395e-01,3.388937115669250488e-01,3.133233189582824707e-01,3.539952635765075684e-02,1.452439278364181519e-01,1.335606575012207031e-01,8.120686747133731842e-03,9.372455999255180359e-03,2.567743323743343353e-02,8.758286945521831512e-03,1.932090334594249725e-02,1.522970106452703476e-02,3.382876282557845116e-03,8.883488364517688751e-03,2.558024832978844643e-03,4.730788990855216980e-03,2.277156105265021324e-03,3.015157300978899002e-03,1.433895318768918514e-03,2.240475965663790703e-03,1.997529994696378708e-03,3.108803182840347290e-03,7.298406679183244705e-03,6.272487808018922806e-03,3.623690921813249588e-03,4.024402238428592682e-03,2.126835519447922707e-03,2.526678843423724174e-03,1.439919462427496910e-03,1.870223786681890488e-03,2.965858671814203262e-03,1.263860845938324928e-03,4.058198537677526474e-03,8.331676013767719269e-03,9.732330217957496643e-03,1.207340974360704422e-03,4.581988789141178131e-03,4.810442216694355011e-03,2.557721920311450958e-03,1.555026625283062458e-03,4.338769707828760147e-03,1.357673946768045425e-02,2.845990704372525215e-03,2.884597983211278915e-03,1.475766650401055813e-03,2.823478542268276215e-03,2.712177345529198647e-03,5.136391147971153259e-03,3.002188634127378464e-03,1.475702621974050999e-03,2.993554575368762016e-03,3.859234973788261414e-03,4.256021697074174881e-03,5.638661794364452362e-03,5.224321968853473663e-03,3.150880336761474609e-03,2.016581967473030090e-02
1.596227139234542847e-01,4.107916951179504395e-01,1.157554388046264648e-01,2.369076460599899292e-01,3.182198405265808105e-01,6.491649150848388672e-02,4.528320208191871643e-02,8.080638945102691650e-02,9.775517508387565613e-03,5.654291715472936630e-03,1.718682236969470978e-02,6.553455721586942673e-03,6.372444331645965576e-03,9.871700778603553772e-03,5.364829674363136292e-03,9.605500847101211548e-03,3.189273877069354057e-03,4.743605852127075195e-03,2.024241490289568901e-03,2.811739686876535416e-03,2.346022287383675575e-03,1.731124240905046463e-03,1.565410289913415909e-03,4.242761526256799698e-03,5.318495444953441620e-03,7.194891571998596191e-03,2.845868933945894241e-03,4.994678776711225510e-03,1.600854564458131790e-03,1.757566002197563648e-03,1.367409015074372292e-03,2.715137787163257599e-03,2.426332328468561172e-03,2.211829414591193199e-03,2.917906269431114197e-03,6.029242649674415588e-03,6.974418181926012039e-03,1.265023020096123219e-03,4.143966361880302429e-03,7.317601703107357025e-03,3.341313684359192848e-03,1.476326724514365196e-03,5.069241859018802643e-03,6.956528406590223312e-03,3.551894566044211388e-03,3.522045677527785301e-03,1.771723385900259018e-03,3.511253045871853828e-03,3.026185790076851845e-03,4.886339884251356125e-03,3.132489975541830063e-03,1.742528984323143959e-03,3.882093355059623718e-03,7.930045016109943390e-03,4.379063379019498825e-03,6.329927127808332443e-03,4.775607958436012268e-03,3.465685294941067696e-03,7.979429326951503754e-03
7.116081565618515015e-02,3.388937115669250488e-01,2.369076460599899292e-01,4.653756041079759598e-03,4.101006984710693359e-01,1.136859282851219177e-01,4.649221152067184448e-02,2.909358143806457520e-01,2.166140377521514893e-01,9.978552348911762238e-03,1.971354484558105469e-01,1.607954688370227814e-02,3.038431890308856964e-02,1.362762134522199631e-02,9.244574233889579773e-03,5.568696651607751846e-03,2.883892040699720383e-03,8.150641806423664093e-03,8.824711665511131287e-03,2.025816123932600021e-03,3.234382718801498413e-03,2.120248507708311081e-03,2.039329381659626961e-03,2.120490651577711105e-03,7.322185672819614410e-03,4.297081846743822098e-03,4.525167867541313171e-03,2.653045579791069031e-03,2.456825459375977516e-03,1.373359700664877892e-03,8.580572321079671383e-04,3.263335209339857101e-03,2.004803856834769249e-03,8.799909846857190132e-04,3.631742903962731361e-03,2.814836334437131882e-03,5.494418088346719742e-03,1.645335112698376179e-03,2.717598574236035347e-03,3.869754727929830551e-03,2.564321272075176239e-03,2.319886814802885056e-03,2.194015542045235634e-03,3.217170713469386101e-03,3.881495911628007889e-03,2.101252088323235512e-03,1.320335664786398411e-03,2.612980548292398453e-03,1.989235170185565948e-03,1.760333194397389889e-03,2.888552146032452583e-03,1.381004811264574528e-03,3.506101435050368309e-03,4.016352351754903793e-03,4.139161668717861176e-03,2.179108560085296631e-03,6.167161744087934494e-03,2.971963258460164070e-03,8.779780939221382141e-03
8.404788374900817871e-02,3.133233189582824707e-01,3.182198405265808105e-01,4.101006984710693359e-01,1.722013577818870544e-02,8.102011680603027344e-02,5.038890242576599121e-01,5.239706635475158691e-01,4.249120131134986877e-02,5.223439540714025497e-03,7.886849343776702881e-03,1.825020182877779007e-03,2.525870874524116516e-02,9.896530769765377045e-03,6.229162681847810745e-03,3.930509556084871292e-03,1.396725419908761978e-03,4.348073620349168777e-03,3.349398262798786163e-03,3.323267912492156029e-03,2.435723319649696350e-03,2.150011947378516197e-03,3.454033751040697098e-03,3.234558040276169777e-03,9.811711497604846954e-03,7.500858511775732040e-03,1.897188252769410610e-03,2.680908888578414917e-03,2.237569773569703102e-03,2.621075604110956192e-03,1.263660495169460773e-03,4.285380709916353226e-03,1.765471999533474445e-03,1.373928156681358814e-03,2.735000802204012871e-03,6.687482818961143494e-03,8.655565790832042694e-03,1.390382414683699608e-03,2.071473281830549240e-03,4.472070373594760895e-03,2.378083067014813423e-03,1.166537404060363770e-03,3.840047866106033325e-03,1.366642885841429234e-03,2.059223596006631851e-03,2.794430823996663094e-03,1.115194871090352535e-03,2.906629815697669983e-03,4.694872535765171051e-03,6.167650688439607620e-03,3.200458129867911339e-03,1.885853358544409275e-03,6.137492600828409195e-03,4.305182956159114838e-03,6.181323435157537460e-03,4.050548654049634933e-03,4.371788352727890015e-03,3.386223455891013145e-03,1.181361079216003418e-02
6.004369631409645081e-02,3.539952635765075684e-02,6.491649150848388672e-02,1.136859282851219177e-01,8.102011680603027344e-02,1.255783345550298691e-02,1.007011607289314270e-01,2.609030008316040039e-01,9.005133062601089478e-02,5.220222286880016327e-03,9.270205348730087280e-02,6.624156609177589417e-03,4.029453266412019730e-03,2.203087136149406433e-02,1.138983108103275299e-02,6.062726490199565887e-03,6.766298785805702209e-03,1.138607785105705261e-02,3.786953864619135857e-03,6.436424795538187027e-03,3.039366565644741058e-03,6.653615739196538925e-03,2.210149308666586876e-03,2.317367354407906532e-03,3.409632481634616852e-03,4.103018436580896378e-03,2.217269502580165863e-03,2.450926229357719421e-03,2.465875586494803429e-03,2.249356824904680252e-03,1.227398635819554329e-03,3.446339629590511322e-03,2.179075265303254128e-03,1.798295415937900543e-03,3.273321781307458878e-03,4.831361118704080582e-03,3.723179921507835388e-03,2.185957040637731552e-03,1.226556603796780109e-03,5.862272810190916061e-03,3.320846008136868477e-03,1.826690509915351868e-03,2.606497844681143761e-03,4.862973466515541077e-03,2.612437587231397629e-03,5.429298616945743561e-03,3.137959167361259460e-03,1.642072224058210850e-03,4.247524309903383255e-03,2.669546985998749733e-03,3.072302555665373802e-03,2.454425208270549774e-03,7.317948155105113983e-03,5.660901311784982681e-03,4.890494514256715775e-03,6.337759550660848618e-03,7.173274643719196320e-03,4.951692186295986176e-03,1.107148639857769012e-02
1.021064370870590210e-01,1.452439278364181519e-01,4.528320208191871643e-02,4.649221152067184448e-02,5.038890242576599121e-01,1.007011607289314270e-01,2.029831521213054657e-03,2.338796705007553101e-01,7.601512223482131958e-02,2.106915973126888275e-02,2.198358299210667610e-03,4.510249011218547821e-03,1.533566229045391083e-02,5.463861394673585892e-03,6.660511717200279236e-03,9.406221099197864532e-03,6.089222151786088943e-03,4.732513800263404846e-03,1.182223670184612274e-02,4.179198760539293289e-03,2.902613952755928040e-03,2.117003547027707100e-03,3.623730037361383438e-03,4.303153604269027710e-03,5.134915001690387726e-03,3.677124856039881706e-03,1.686032046563923359e-03,5.112703423947095871e-03,1.792939146980643272e-03,1.971199410036206245e-03,1.538479584269225597e-03,2.560985274612903595e-03,2.466150093823671341e-03,1.542398240417242050e-03,3.257071832194924355e-03,3.196377540007233620e-03,6.036113481968641281e-03,2.059373771771788597e-03,4.312445409595966339e-03,3.490656847134232521e-03,3.771340940147638321e-03,2.808885183185338974e-03,2.729419386014342308e-03,3.390002297237515450e-03,3.306986531242728233e-03,3.903399454429745674e-03,2.560267923399806023e-03,1.993201905861496925e-03,4.813513252884149551e-03,2.194750588387250900e-03,3.772249445319175720e-03,1.615179819054901600e-03,6.086129229515790939e-03,6.885097362101078033e-03,5.218293517827987671e-03,1.515077240765094757e-02,9.824571199715137482e-03,4.578545223921537399e-03,1.462927367538213730e-02
3.575549274682998657e-02,1.335606575012207031e-01,8.080638945102691650e-02,2.909358143806457520e-01,5.239706635475158691e-01,2.609030008316040039e-01,2.338796705007553101e-01,1.987380674108862877e-03,1.249034050852060318e-02,2.346609905362129211e-02,3.391934335231781006e-01,2.276253886520862579e-03,1.123166922479867935e-02,4.521391354501247406e-03,8.052635937929153442e-03,3.953765705227851868e-02,4.406810738146305084e-03,5.293702706694602966e-03,6.386671680957078934e-03,4.978840705007314682e-03,3.248866880312561989e-03,3.896987764164805412e-03,4.160257987678050995e-03,2.175032394006848335e-03,6.225692573934793472e-03,4.222236573696136475e-03,2.330068033188581467e-03,2.537153428420424461e-03,2.196499379351735115e-03,2.287742448970675468e-03,1.141332904808223248e-03,3.338900860399007797e-03,1.748020411469042301e-03,1.220984850078821182e-03,3.084004390984773636e-03,5.203549284487962723e-03,4.108672495931386948e-03,2.112556714564561844e-03,1.890530809760093689e-03,9.996152482926845551e-03,3.240566933527588844e-03,1.359607325866818428e-03,1.619497663341462612e-03,3.611907828599214554e-03,2.639392623677849770e-03,2.859784755855798721e-03,1.099635730497539043e-03,3.365105716511607170e-03,3.826793283224105835e-03,3.728690091520547867e-03,3.051642095670104027e-03,6.280672736465930939e-03,8.017744868993759155e-03,4.032374359667301178e-03,2.845821436494588852e-03,2.647269284352660179e-03,2.380083780735731125e-03,2.808003919199109077e-03,4.809344187378883362e-03
3.281654790043830872e-02,8.120686747133731842e-03,9.775517508387565613e-03,2.166140377521514893e-01,4.249120131134986877e-02,9.005133062601089478e-02,7.601512223482131958e-02,1.249034050852060318e-02,1.550286263227462769e-01,2.722670510411262512e-02,8.637282997369766235e-02,1.158984843641519547e-02,4.108692053705453873e-03,3.462167922407388687e-03,7.210536301136016846e-02,6.547041703015565872e-03,1.944583952426910400e-01,5.759754683822393417e-03,2.035938762128353119e-02,4.573864117264747620e-02,1.981484703719615936e-02,3.687931690365076065e-03,3.708891104906797409e-03,1.406592666171491146e-03,2.159082563593983650e-03,2.227687975391745567e-03,1.623133895918726921e-03,2.307756338268518448e-03,3.529021283611655235e-03,9.106194484047591686e-04,2.216173568740487099e-03,9.888916974887251854e-04,1.866156817413866520e-03,3.628014586865901947e-03,3.061154624447226524e-03,1.206492539495229721e-03,1.949494937434792519e-03,6.846289616078138351e-03,1.490578753873705864e-03,1.584440818987786770e-03,6.355480756610631943e-03,7.243598345667123795e-03,1.836760202422738075e-03,2.199969720095396042e-03,1.139768306165933609e-02,3.424606053158640862e-03,4.806971177458763123e-03,1.546345185488462448e-03,3.341585397720336914e-03,1.919196220114827156e-03,2.880163257941603661e-03,7.556994445621967316e-03,3.313304390758275986e-03,2.027201931923627853e-03,1.976753119379281998e-03,3.059888724237680435e-03,7.458920590579509735e-03,7.601023185998201370e-03,4.909611307084560394e-03
3.102636523544788361e-02,9.372455999255180359e-03,5.654291715472936630e-03,9.978552348911762238e-03,5.223439540714025497e-03,5.220222286880016327e-03,2.106915973126888275e-02,2.346609905362129211e-02,2.722670510411262512e-02,1.778936944901943207e-02,3.759579733014106750e-02,1.025023311376571655e-01,9.138625860214233398e-02,3.325911238789558411e-02,1.271902173757553101e-01,2.687397599220275879e-02,1.770122051239013672e-01,1.868879236280918121e-02,1.213622931391000748e-02,4.726823046803474426e-02,7.539622951298952103e-03,2.615511883050203323e-03,2.199108479544520378e-03,2.993124770000576973e-03,2.849202370271086693e-03,1.392216770909726620e-03,1.729709794744849205e-03,2.102230209857225418e-03,2.789285266771912575e-03,1.529935630969703197e-03,3.714604303240776062e-03,1.966307638213038445e-03,3.593493020161986351e-03,3.060172544792294502e-03,3.847356420010328293e-03,2.467705868184566498e-03,3.541290061548352242e-03,8.535851724445819855e-03,2.493221079930663109e-03,1.950407051481306553e-03,2.981514669954776764e-03,3.603510558605194092e-03,2.244411502033472061e-03,2.464339602738618851e-03,5.892861634492874146e-03,3.002404002472758293e-03,4.347235895693302155e-03,2.194521948695182800e-03,5.582505371421575546e-03,2.662715269252657890e-03,2.128695370629429817e-03,3.366713412106037140e-03,3.039632458239793777e-03,3.275461727753281593e-03,3.853834699839353561e-03,4.460775759071111679e-03,6.014666520059108734e-03,5.813603755086660385e-03,5.971772596240043640e-03
3.861773014068603516e-02,2.567743323743343353e-02,1.718682236969470978e-02,1.971354484558105469e-01,7.886849343776702881e-03,9.270205348730087280e-02,2.198358299210667610e-03,3.391934335231781006e-01,8.637282997369766235e-02,3.759579733014106750e-02,1.078052446246147156e-03,2.922446839511394501e-02,2.533947825431823730e-01,1.527604609727859497e-01,6.466199457645416260e-02,3.876003250479698181e-02,1.873880065977573395e-02,2.142853662371635437e-02,6.265358533710241318e-03,6.119442638009786606e-03,2.709423890337347984e-03,3.260186407715082169e-03,2.083064988255500793e-03,1.943357056006789207e-03,2.996583236381411552e-03,1.854753470979630947e-03,5.586822051554918289e-03,1.651682308875024319e-03,1.032351981848478317e-03,1.484596519730985165e-03,1.139392261393368244e-03,1.014347188174724579e-03,1.885923324152827263e-03,1.092253951355814934e-03,4.700000397861003876e-03,4.430781584233045578e-03,1.228191982954740524e-02,4.249878693372011185e-03,2.068074420094490051e-03,5.083699245005846024e-03,5.935901310294866562e-03,2.031822223216295242e-03,7.484009023755788803e-03,4.720604512840509415e-03,4.355532117187976837e-03,2.170461928471922874e-03,1.286332961171865463e-03,2.155200811102986336e-03,4.250526428222656250e-03,4.981359932571649551e-03,3.482758766040205956e-03,2.368259010836482048e-03,2.641956787556409836e-03,5.383216775953769684e-03,2.228038851171731949e-03,4.695614799857139587e-03,2.281259279698133469e-03,3.139872103929519653e-03,3.031762549653649330e-03
1.695881038904190063e-02,8.758286945521831512e-03,6.553455721586942673e-03,1.607954688370227814e-02,1.825020182877779007e-03,6.624156609177589417e-03,4.510249011218547821e-03,2.276253886520862579e-03,1.158984843641519547e-02,1.025023311376571655e-01,2.922446839511394501e-02,1.203313842415809631e-02,4.007863253355026245e-02,5.187003687024116516e-02,6.211541891098022461e-01,3.699785098433494568e-02,1.603175997734069824e-01,3.034220077097415924e-02,5.413080751895904541e-02,3.635415434837341309e-02,8.823940530419349670e-03,6.290087010711431503e-03,5.988771561533212662e-03,1.939213485457003117e-03,2.860032021999359131e-03,1.915257307700812817e-03,2.259956905618309975e-03,2.513016806915402412e-03,2.741470932960510254e-03,1.748304115608334541e-03,2.306830137968063354e-03,1.888912054710090160e-03,4.750760737806558609e-03,4.079658538103103638e-03,5.098717752844095230e-03,2.736255060881376266e-03,3.899983828887343407e-03,5.342905875295400620e-03,1.512900926172733307e-03,2.889020601287484169e-03,5.666911602020263672e-03,4.359783604741096497e-03,2.409203909337520599e-03,2.164888428524136543e-03,8.372998796403408051e-03,4.839678760617971420e-03,2.833154518157243729e-03,1.605831319466233253e-03,5.187364760786294937e-03,3.125181188806891441e-03,3.633651882410049438e-03,3.522351849824190140e-03,2.739494200795888901e-03,2.497578272596001625e-03,3.005534410476684570e-03,4.478811286389827728e-03,4.395067226141691208e-03,3.871812485158443451e-03,4.386025015264749527e-03
1.233384571969509125e-02,1.932090334594249725e-02,6.372444331645965576e-03,3.038431890308856964e-02,2.525870874524116516e-02,4.029453266412019730e-03,1.533566229045391083e-02,1.123166922479867935e-02,4.108692053705453873e-03,9.138625860214233398e-02,2.533947825431823730e-01,4.007863253355026245e-02,7.762245368212461472e-04,1.505586057901382446e-01,7.392916828393936157e-02,1.256279498338699341e-01,2.324265986680984497e-02,6.673090904951095581e-02,2.044401876628398895e-02,2.722498029470443726e-02,6.297805346548557281e-03,5.466279573738574982e-03,3.887413069605827332e-03,1.839160802774131298e-03,1.051856484264135361e-02,3.615958383306860924e-03,2.455067355185747147e-03,5.228682886809110641e-03,1.872847089543938637e-03,2.648390131071209908e-03,2.861066022887825966e-03,2.283712383359670639e-03,4.023530986160039902e-03,2.156854374334216118e-03,4.044115077704191208e-03,3.040221752598881721e-03,9.402479976415634155e-03,8.607544004917144775e-03,1.733122044242918491e-03,2.298515290021896362e-03,4.091684240847826004e-03,1.760834362357854843e-03,2.006525639444589615e-03,2.431262051686644554e-03,4.774490371346473694e-03,2.716723829507827759e-03,1.421643886715173721e-03,3.826211905106902122e-03,3.693830454722046852e-03,3.309407504275441170e-03,1.653338200412690639e-03,1.158727449364960194e-03,4.050523508340120316e-03,4.390208050608634949e-03,1.953471684828400612e-03,6.097507197409868240e-03,3.152540419250726700e-03,3.619562834501266479e-03,4.144359845668077469e-03
2.634966373443603516e-02,1.522970106452703476e-02,9.871700778603553772e-03,1.362762134522199631e-02,9.896530769765377045e-03,2.203087136149406433e-02,5.463861394673585892e-03,4.521391354501247406e-03,3.462167922407388687e-03,3.325911238789558411e-02,1.527604609727859497e-01,5.187003687024116516e-02,1.505586057901382446e-01,5.321765784174203873e-03,3.757368400692939758e-02,6.167369484901428223e-01,1.153587922453880310e-02,1.237297616899013519e-02,2.203521318733692169e-02,1.109625119715929031e-02,9.024874889291822910e-04,1.673492486588656902e-03,1.434104866348206997e-03,1.768411486409604549e-03,1.122153829783201218e-02,1.894723973236978054e-03,2.607472473755478859e-03,2.696382580325007439e-03,2.292408607900142670e-03,1.688357326202094555e-03,2.151418942958116531e-03,2.181834774091839790e-03,4.692558199167251587e-03,4.685532301664352417e-03,3.087677527219057083e-03,4.557275213301181793e-03,3.377957269549369812e-03,4.083415027707815170e-03,2.646305132657289505e-03,3.357444424182176590e-03,5.652112420648336411e-03,3.833643160760402679e-03,8.372595533728599548e-03,4.872295539826154709e-03,5.819777492433786392e-03,8.065454661846160889e-03,1.811005640774965286e-03,3.486108500510454178e-03,5.190929397940635681e-03,4.470909014344215393e-03,2.117478055879473686e-03,3.551668720319867134e-03,6.204660981893539429e-03,3.191419644281268120e-03,2.779801143333315849e-03,4.233528859913349152e-03,3.274255199357867241e-03,6.040681619197130203e-03,9.334827773272991180e-03
8.578653447329998016e-03,3.382876282557845116e-03,5.364829674363136292e-03,9.244574233889579773e-03,6.229162681847810745e-03,1.138983108103275299e-02,6.660511717200279236e-03,8.052635937929153442e-03,7.210536301136016846e-02,1.271902173757553101e-01,6.466199457645416260e-02,6.211541891098022461e-01,7.392916828393936157e-02,3.757368400692939758e-02,9.843070805072784424e-02,2.907203510403633118e-02,2.023254185914993286e-01,9.001420438289642334e-02,1.205015089362859726e-02,1.880662143230438232e-02,2.333872253075242043e-03,3.022384364157915115e-03,6.853559520095586777e-03,8.629966760054230690e-04,2.086488297209143639e-03,1.304240082390606403e-03,1.192110357806086540e-03,2.183404983952641487e-03,1.884954283013939857e-03,1.065910677425563335e-03,2.709887688979506493e-03,1.143625471740961075e-03,2.009327290579676628e-03,7.347850594669580460e-03,4.638366401195526123e-03,2.168741077184677124e-03,3.813548013567924500e-03,8.432539179921150208e-03,3.876624163240194321e-03,1.881669973954558372e-03,1.074948813766241074e-02,8.238976821303367615e-03,2.229317557066679001e-03,4.094697069376707077e-03,5.507769528776407242e-03,3.026201855391263962e-03,2.808833261951804161e-03,1.288641942664980888e-03,3.875306108966469765e-03,1.907686586491763592e-03,2.356174634769558907e-03,4.430308472365140915e-03,3.850765991955995560e-03,4.843377508223056793e-03,1.558612450025975704e-03,4.015528596937656403e-03,5.402198992669582367e-03,2.544804709032177925e-03,3.849325235933065414e-03
1.215314492583274841e-02,8.883488364517688751e-03,9.605500847101211548e-03,5.568696651607751846e-03,3.930509556084871292e-03,6.062726490199565887e-03,9.406221099197864532e-03,3.953765705227851868e-02,6.547041703015565872e-03,2.687397599220275879e-02,3.876003250479698181e-02,3.699785098433494568e-02,1.256279498338699341e-01,6.167369484901428223e-01,2.907203510403633118e-02,1.148822717368602753e-03,2.452939748764038086e-02,1.232110559940338135e-01,2.956892736256122589e-02,4.329591989517211914e-03,2.112862421199679375e-03,5.938971880823373795e-03,3.337990259751677513e-03,1.511639333330094814e-03,5.488178692758083344e-03,5.587778054177761078e-03,1.608365331776440144e-03,2.245533047243952751e-03,1.862744917161762714e-03,3.268143627792596817e-03,2.200457500293850899e-03,6.123254075646400452e-03,3.470840398222208023e-03,3.250026609748601913e-03,5.578226875513792038e-03,5.566281266510486603e-03,1.951398700475692749e-02,2.634661737829446793e-03,3.441866720095276833e-03,2.710367320105433464e-03,3.177904756739735603e-03,1.995201455429196358e-03,2.744459314271807671e-03,8.607658557593822479e-03,8.001396432518959045e-03,3.193011274561285973e-03,1.826273277401924133e-03,5.820163991302251816e-03,3.852921538054943085e-03,2.735476940870285034e-03,1.533948001451790333e-03,2.220471156761050224e-03,4.374273587018251419e-03,3.456066595390439034e-03,5.109490361064672470e-03,7.162575144320726395e-03,3.309272462502121925e-03,3.261965932324528694e-03,1.284665986895561218e-02
4.697371274232864380e-03,2.558024832978844643e-03,3.189273877069354057e-03,2.883892040699720383e-03,1.396725419908761978e-03,6.766298785805702209e-03,6.089222151786088943e-03,4.406810738146305084e-03,1.944583952426910400e-01,1.770122051239013672e-01,1.873880065977573395e-02,1.603175997734069824e-01,2.324265986680984497e-02,1.153587922453880310e-02,2.023254185914993286e-01,2.452939748764038086e-02,1.404465083032846451e-02,7.221149653196334839e-02,1.310123801231384277e-01,2.080331742763519287e-01,1.101443357765674591e-02,1.051515061408281326e-02,3.220504615455865860e-03,1.480696839280426502e-03,1.281122444197535515e-03,1.593433436937630177e-03,2.097463235259056091e-03,2.239017980173230171e-03,4.504174459725618362e-03,2.651958260685205460e-03,3.179492894560098648e-03,2.403873018920421600e-03,7.442347239702939987e-03,5.337531678378582001e-03,1.441157236695289612e-02,2.699092263355851173e-03,4.612675402313470840e-03,1.547841913998126984e-02,2.327295253053307533e-03,1.055338769219815731e-03,6.799186579883098602e-03,6.705447565764188766e-03,1.284472644329071045e-03,1.916420762427151203e-03,9.844951331615447998e-03,2.524130046367645264e-03,6.455380003899335861e-03,2.671087160706520081e-03,4.442559555172920227e-03,1.943062990903854370e-03,3.382886061444878578e-03,4.315278027206659317e-03,1.546086859889328480e-03,3.104503965005278587e-03,2.124439459294080734e-03,2.980808727443218231e-03,4.424797371029853821e-03,4.312760662287473679e-03,3.265545936301350594e-03
1.214465778321027756e-02,4.730788990855216980e-03,4.743605852127075195e-03,8.150641806423664093e-03,4.348073620349168777e-03,1.138607785105705261e-02,4.732513800263404846e-03,5.293702706694602966e-03,5.759754683822393417e-03,1.868879236280918121e-02,2.142853662371635437e-02,3.034220077097415924e-02,6.673090904951095581e-02,1.237297616899013519e-02,9.001420438289642334e-02,1.232110559940338135e-01,7.221149653196334839e-02,6.417040713131427765e-04,2.020494453608989716e-02,9.278992563486099243e-02,4.561887122690677643e-03,3.814260959625244141e-01,4.600276704877614975e-03,2.102886559441685677e-03,7.060491945594549179e-03,1.047028927132487297e-03,2.258809981867671013e-03,5.589670501649379730e-03,8.536921814084053040e-03,2.807717071846127510e-03,7.216327358037233353e-03,4.638404119759798050e-03,9.415515698492527008e-03,6.055022124201059341e-03,2.262778207659721375e-02,5.575289018452167511e-03,1.099451538175344467e-02,8.419794030487537384e-03,3.812407376244664192e-03,2.826655516400933266e-03,6.621107459068298340e-03,1.830823370255529881e-03,3.392026526853442192e-03,2.647504908964037895e-03,4.302877932786941528e-03,2.472452586516737938e-03,1.952521735802292824e-03,2.254765480756759644e-03,2.969830529764294624e-03,2.050224458798766136e-03,2.739111194387078285e-03,1.849424908868968487e-03,3.614967223256826401e-03,2.261801622807979584e-03,4.775118082761764526e-03,1.863935845904052258e-03,2.163437427952885628e-03,1.825389452278614044e-03,3.348067635670304298e-03
2.374775242060422897e-03,2.277156105265021324e-03,2.024241490289568901e-03,8.824711665511131287e-03,3.349398262798786163e-03,3.786953864619135857e-03,1.182223670184612274e-02,6.386671680957078934e-03,2.035938762128353119e-02,1.213622931391000748e-02,6.265358533710241318e-03,5.413080751895904541e-02,2.044401876628398895e-02,2.203521318733692169e-02,1.205015089362859726e-02,2.956892736256122589e-02,1.310123801231384277e-01,2.020494453608989716e-02,1.816315576434135437e-03,1.812078431248664856e-02,3.631031811237335205e-01,7.157269865274429321e-03,2.063944470137357712e-03,1.921122602652758360e-04,3.767253365367650986e-04,5.439026281237602234e-04,3.450782271102070808e-03,2.233760897070169449e-03,3.492295974865555763e-03,4.608841147273778915e-03,4.899657145142555237e-02,7.530608214437961578e-03,1.584699004888534546e-02,3.812431171536445618e-02,1.762010529637336731e-02,1.059732399880886078e-02,1.838003657758235931e-02,5.320891365408897400e-02,5.198545753955841064e-03,4.332073498517274857e-03,3.443614393472671509e-02,1.561011280864477158e-02,3.094201209023594856e-03,7.667492609471082687e-03,1.535944826900959015e-02,3.518621902912855148e-03,2.670096466317772865e-03,2.212714636698365211e-03,5.538738332688808441e-03,1.667723641730844975e-03,3.913444001227617264e-03,3.236067947000265121e-03,2.434467896819114685e-03,1.733924844302237034e-03,1.649272628128528595e-03,2.325164852663874626e-03,1.964401686564087868e-03,1.884634955786168575e-03,3.041116520762443542e-03
3.103164257481694221e-03,3.015157300978899002e-03,2.811739686876535416e-03,2.025816123932600021e-03,3.323267912492156029e-03,6.436424795538187027e-03,4.179198760539293289e-03,4.978840705007314682e-03,4.573864117264747620e-02,4.726823046803474426e-02,6.119442638009786606e-03,3.635415434837341309e-02,2.722498029470443726e-02,1.109625119715929031e-02,1.880662143230438232e-02,4.329591989517211914e-03,2.080331742763519287e-01,9.278992563486099243e-02,1.812078431248664856e-02,1.739797741174697876e-02,2.982877939939498901e-02,2.378579527139663696e-01,1.299317344091832638e-03,2.123527973890304565e-02,1.354412524960935116e-03,1.201244653202593327e-03,5.542997270822525024e-03,4.004541784524917603e-03,1.174931135028600693e-02,5.843801889568567276e-03,4.984487313777208328e-03,1.931746862828731537e-02,2.787009626626968384e-02,1.435871701687574387e-02,2.650207281112670898e-02,2.966040745377540588e-03,3.221100196242332458e-03,1.599343307316303253e-02,2.511002589017152786e-03,1.398660824634134769e-03,2.516078762710094452e-03,3.446102142333984375e-03,1.611085841432213783e-03,1.340732094831764698e-03,5.135957617312669754e-03,4.943979904055595398e-03,5.174550227820873260e-03,2.808236284181475639e-03,2.902538049966096878e-03,1.753558986820280552e-03,2.551975427195429802e-03,3.999178297817707062e-03,1.886325422674417496e-03,2.334292978048324585e-03,2.330971648916602135e-03,2.635565353557467461e-03,4.597140010446310043e-03,3.014803398400545120e-03,4.025033209472894669e-03
3.522810526192188263e-03,1.433895318768918514e-03,2.346022287383675575e-03,3.234382718801498413e-03,2.435723319649696350e-03,3.039366565644741058e-03,2.902613952755928040e-03,3.248866880312561989e-03,1.981484703719615936e-02,7.539622951298952103e-03,2.709423890337347984e-03,8.823940530419349670e-03,6.297805346548557281e-03,9.024874889291822910e-04,2.333872253075242043e-03,2.112862421199679375e-03,1.101443357765674591e-02,4.561887122690677643e-03,3.631031811237335205e-01,2.982877939939498901e-02,5.706605035811662674e-03,5.727783311158418655e-03,9.636568836867809296e-03,3.337617672514170408e-04,6.776945665478706360e-04,2.237181906821206212e-04,3.199659520760178566e-03,4.848236218094825745e-03,3.683774545788764954e-02,4.532597493380308151e-03,4.461846947669982910e-01,3.492163494229316711e-02,3.987820148468017578e-01,6.164810657501220703e-01,2.018240839242935181e-01,8.194995112717151642e-03,9.735194034874439240e-03,3.254785835742950439e-01,1.013563014566898346e-02,2.730721374973654747e-03,3.006464429199695587e-02,2.625015750527381897e-02,2.267993288114666939e-03,2.716251183301210403e-03,2.295881509780883789e-02,5.273386370390653610e-03,3.242617705836892128e-03,1.970356330275535583e-03,2.271519973874092102e-03,1.477743848226964474e-03,2.351577859371900558e-03,5.178268067538738251e-03,1.330664032138884068e-03,1.027332618832588196e-03,2.284566406160593033e-03,1.541606849059462547e-03,1.435545738786458969e-03,3.235635580494999886e-03,1.990109216421842575e-03
3.263457678258419037e-03,2.240475965663790703e-03,1.731124240905046463e-03,2.120248507708311081e-03,2.150011947378516197e-03,6.653615739196538925e-03,2.117003547027707100e-03,3.896987764164805412e-03,3.687931690365076065e-03,2.615511883050203323e-03,3.260186407715082169e-03,6.290087010711431503e-03,5.466279573738574982e-03,1.673492486588656902e-03,3.022384364157915115e-03,5.938971880823373795e-03,1.051515061408281326e-02,3.814260959625244141e-01,7.157269865274429321e-03,2.378579527139663696e-01,5.727783311158418655e-03,6.275909952819347382e-03,7.011807709932327271e-02,1.157010812312364578e-02,9.524154476821422577e-03,4.601684864610433578e-03,6.824080832302570343e-03,2.181649580597877502e-02,6.524251401424407959e-02,2.117740921676158905e-02,1.981609165668487549e-01,9.997410178184509277e-01,5.493959411978721619e-02,1.099899597465991974e-02,2.509241364896297455e-02,1.502374932169914246e-02,3.612432861700654030e-03,4.186426289379596710e-03,2.431708620861172676e-03,1.384178758598864079e-03,3.068398451432585716e-03,2.240661298856139183e-03,2.100174548104405403e-03,1.301902579143643379e-03,1.869846368208527565e-03,3.369586309418082237e-03,1.713560312055051327e-03,2.420378383249044418e-03,1.408069627359509468e-03,2.025858731940388680e-03,2.022198401391506195e-03,1.157888327725231647e-03,1.227174769155681133e-03,4.296661820262670517e-03,1.215822179801762104e-03,1.150304451584815979e-03,1.735364203341305256e-03,1.566053484566509724e-03,1.689988072030246258e-03
2.340015489608049393e-03,1.997529994696378708e-03,1.565410289913415909e-03,2.039329381659626961e-03,3.454033751040697098e-03,2.210149308666586876e-03,3.623730037361383438e-03,4.160257987678050995e-03,3.708891104906797409e-03,2.199108479544520378e-03,2.083064988255500793e-03,5.988771561533212662e-03,3.887413069605827332e-03,1.434104866348206997e-03,6.853559520095586777e-03,3.337990259751677513e-03,3.220504615455865860e-03,4.600276704877614975e-03,2.063944470137357712e-03,1.299317344091832638e-03,9.636568836867809296e-03,7.011807709932327271e-02,2.104105660691857338e-03,3.030313178896903992e-03,5.439860746264457703e-02,9.624594822525978088e-03,7.613871246576309204e-02,7.681825011968612671e-02,6.365092396736145020e-01,1.604267954826354980e-01,7.595917582511901855e-01,1.053997427225112915e-01,8.182109892368316650e-02,4.720599576830863953e-02,1.793153956532478333e-02,8.794524706900119781e-03,7.947161793708801270e-03,4.022935405373573303e-02,3.860597265884280205e-03,1.184799009934067726e-03,7.665711455047130585e-03,4.943320527672767639e-03,1.723438268527388573e-03,1.953798811882734299e-03,6.616953294724225998e-03,2.777578542008996010e-03,2.317554783076047897e-03,2.128077670931816101e-03,2.680187579244375229e-03,1.416114741005003452e-03,2.992373658344149590e-03,1.257496234029531479e-02,4.407350905239582062e-03,2.729040104895830154e-03,2.009927062317728996e-03,1.470020855776965618e-03,2.171489875763654709e-03,1.703676767647266388e-03,1.407032134011387825e-03
3.262254176661372185e-03,3.108803182840347290e-03,4.242761526256799698e-03,2.120490651577711105e-03,3.234558040276169777e-03,2.317367354407906532e-03,4.303153604269027710e-03,2.175032394006848335e-03,1.406592666171491146e-03,2.993124770000576973e-03,1.943357056006789207e-03,1.939213485457003117e-03,1.839160802774131298e-03,1.768411486409604549e-03,8.629966760054230690e-04,1.511639333330094814e-03,1.480696839280426502e-03,2.102886559441685677e-03,1.921122602652758360e-04,2.123527973890304565e-02,3.337617672514170408e-04,1.157010812312364578e-02,3.030313178896903992e-03,1.527981017716228962e-03,1.348900236189365387e-02,3.641413748264312744e-01,8.047131896018981934e-01,1.655076742172241211e-01,6.176671385765075684e-01,9.973515272140502930e-01,4.938748180866241455e-01,3.163222372531890869e-01,2.405800074338912964e-01,6.617251317948102951e-03,4.129785113036632538e-03,1.274494733661413193e-02,4.177807830274105072e-03,2.208483405411243439e-03,2.589130308479070663e-03,2.411024644970893860e-03,2.317151287570595741e-03,1.185587025247514248e-03,2.071389462798833847e-03,1.745450426824390888e-03,1.464442349970340729e-02,7.990281097590923309e-03,2.512237755581736565e-03,4.624234512448310852e-03,4.568452946841716766e-03,4.370956216007471085e-03,2.476583933457732201e-03,1.442599459551274776e-03,3.035121364519000053e-03,2.409647684544324875e-03,4.233131185173988342e-03,2.562230452895164490e-03,2.414040500298142433e-03,1.188402879051864147e-03,2.645430620759725571e-03
6.354038137942552567e-03,7.298406679183244705e-03,5.318495444953441620e-03,7.322185672819614410e-03,9.811711497604846954e-03,3.409632481634616852e-03,5.134915001690387726e-03,6.225692573934793472e-03,2.159082563593983650e-03,2.849202370271086693e-03,2.996583236381411552e-03,2.860032021999359131e-03,1.051856484264135361e-02,1.122153829783201218e-02,2.086488297209143639e-03,5.488178692758083344e-03,1.281122444197535515e-03,7.060491945594549179e-03,3.767253365367650986e-04,1.354412524960935116e-03,6.776945665478706360e-04,9.524154476821422577e-03,5.439860746264457703e-02,1.348900236189365387e-02,1.841774675995111465e-03,5.782870575785636902e-02,1.161260008811950684e-01,2.179628014564514160e-01,2.077357620000839233e-01,3.185934126377105713e-01,1.497421041131019592e-02,4.268937930464744568e-02,6.577705498784780502e-03,6.331861484795808792e-03,8.808735758066177368e-03,5.174229387193918228e-03,4.137125797569751740e-03,3.958694636821746826e-03,3.150237957015633583e-03,5.987619049847126007e-03,3.333966480568051338e-03,1.500962185673415661e-03,2.005420392379164696e-03,3.186196321621537209e-03,6.396216806024312973e-03,6.537301000207662582e-03,2.747002523392438889e-03,1.019116956740617752e-02,4.396143835037946701e-03,8.296512998640537262e-03,5.692812614142894745e-03,3.466999856755137444e-03,7.258804515004158020e-03,9.320362471044063568e-03,3.363764146342873573e-03,2.419603522866964340e-03,3.409214550629258156e-03,4.928367212414741516e-03,3.660354297608137131e-03
6.671373266726732254e-03,6.272487808018922806e-03,7.194891571998596191e-03,4.297081846743822098e-03,7.500858511775732040e-03,4.103018436580896378e-03,3.677124856039881706e-03,4.222236573696136475e-03,2.227687975391745567e-03,1.392216770909726620e-03,1.854753470979630947e-03,1.915257307700812817e-03,3.615958383306860924e-03,1.894723973236978054e-03,1.304240082390606403e-03,5.587778054177761078e-03,1.593433436937630177e-03,1.047028927132487297e-03,5.439026281237602234e-04,1.201244653202593327e-03,2.237181906821206212e-04,4.601684864610433578e-03,9.624594822525978088e-03,3.641413748264312744e-01,5.782870575785636902e-02,2.377758268266916275e-03,2.665343582630157471e-01,2.739361524581909180e-01,1.705248951911926270e-01,6.006208062171936035e-01,1.114345621317625046e-02,2.684841454029083252e-01,1.350487582385540009e-02,2.746724523603916168e-03,2.966896630823612213e-03,9.458601474761962891e-03,7.323073223233222961e-03,1.304065575823187828e-03,5.654176697134971619e-03,1.165696606040000916e-02,1.486745546571910381e-03,1.605714438483119011e-03,4.305225796997547150e-03,5.837488919496536255e-03,2.304184483364224434e-03,4.785903263837099075e-03,3.461618674919009209e-03,2.114799246191978455e-02,7.086634635925292969e-03,3.737899288535118103e-02,1.086888927966356277e-02,1.486971275880932808e-03,9.098234586417675018e-03,5.248452071100473404e-03,4.945847205817699432e-03,3.911208827048540115e-03,6.349761039018630981e-03,2.306710463017225266e-03,5.821179132908582687e-03
5.283503793179988861e-03,3.623690921813249588e-03,2.845868933945894241e-03,4.525167867541313171e-03,1.897188252769410610e-03,2.217269502580165863e-03,1.686032046563923359e-03,2.330068033188581467e-03,1.623133895918726921e-03,1.729709794744849205e-03,5.586822051554918289e-03,2.259956905618309975e-03,2.455067355185747147e-03,2.607472473755478859e-03,1.192110357806086540e-03,1.608365331776440144e-03,2.097463235259056091e-03,2.258809981867671013e-03,3.450782271102070808e-03,5.542997270822525024e-03,3.199659520760178566e-03,6.824080832302570343e-03,7.613871246576309204e-02,8.047131896018981934e-01,1.161260008811950684e-01,2.665343582630157471e-01,1.682767178863286972e-03,1.937061101198196411e-01,2.261618971824645996e-01,9.404475688934326172e-01,4.559391364455223083e-02,2.917450666427612305e-01,3.103213571012020111e-02,4.190969280898571014e-03,2.442395547404885292e-03,3.618187271058559418e-03,2.959171310067176819e-03,2.066224114969372749e-03,4.571878351271152496e-03,6.808924488723278046e-03,1.890530809760093689e-03,1.769550843164324760e-03,1.629933365620672703e-03,2.077477052807807922e-03,4.049192648380994797e-03,4.145180340856313705e-03,1.972110476344823837e-03,6.149176042526960373e-03,2.680134028196334839e-03,1.836916059255599976e-02,3.008559346199035645e-03,1.928854850120842457e-03,2.004857407882809639e-03,3.709719516336917877e-03,4.650834482163190842e-03,2.702075522392988205e-03,1.487996196374297142e-03,2.613685326650738716e-03,5.708287935703992844e-03
