6.727559957653284073e-03,1.085033118724822998e-01,2.317374348640441895e-01,8.054040372371673584e-03,1.301214993000030518e-01,8.920510299503803253e-03,5.341972410678863525e-02,5.162293463945388794e-02,9.776713326573371887e-03,1.089879125356674194e-02,9.972392581403255463e-03,1.468515209853649139e-02,4.815857391804456711e-03,6.429391447454690933e-03,5.590248387306928635e-03,1.577915437519550323e-02,3.273533424362540245e-03,5.629440303891897202e-03,7.566946558654308319e-03,2.936111530289053917e-03,2.534530125558376312e-03,2.705491846427321434e-03,1.646224292926490307e-03,5.260472651571035385e-03,4.239016212522983551e-03,5.180194042623043060e-03,3.879623254761099815e-03,3.499290905892848969e-03,2.666706917807459831e-03,3.281956305727362633e-03,3.452662145718932152e-03,5.076064262539148331e-03,4.688653629273176193e-03,2.886614762246608734e-03,4.470637533813714981e-03,6.443980149924755096e-03,6.548006553202867508e-03,2.931980881839990616e-03,3.963171504437923431e-03,7.669571787118911743e-03,5.685534793883562088e-03,1.125992974266409874e-03,5.428096279501914978e-03,1.462177652865648270e-02,3.271873574703931808e-03,5.333804059773683548e-03,3.289311192929744720e-03,5.106662400066852570e-03,5.715472623705863953e-03,4.790311213582754135e-03,5.312895402312278748e-03,3.824738087132573128e-03,2.609097398817539215e-03,6.733469665050506592e-03,3.027184400707483292e-03,1.977607049047946930e-02,3.667940851300954819e-03,3.776945406571030617e-03,5.249398294836282730e-03
1.085033118724822998e-01,2.190597727894783020e-02,2.368464916944503784e-01,1.523919850587844849e-01,3.783801198005676270e-01,2.197493566200137138e-03,4.689522832632064819e-02,2.018507122993469238e-01,1.269290316849946976e-02,7.319939788430929184e-03,1.904285885393619537e-02,4.755308385938405991e-03,7.898513227701187134e-03,1.465110108256340027e-02,3.422276116907596588e-03,7.420954294502735138e-03,2.601233543828129768e-03,8.260648697614669800e-03,2.811458893120288849e-03,1.820504548959434032e-03,1.082463655620813370e-03,1.931764301843941212e-03,2.004276262596249580e-03,4.999282769858837128e-03,3.950719255954027176e-03,5.359136499464511871e-03,5.934027489274740219e-03,3.534013172611594200e-03,1.814570860005915165e-03,3.917725291103124619e-03,7.900195196270942688e-03,6.389819551259279251e-03,6.343037821352481842e-03,1.654920284636318684e-03,3.561664372682571411e-03,1.060104370117187500e-02,1.150941848754882812e-02,2.013123128563165665e-03,4.780757240951061249e-03,8.707535453140735626e-03,2.740086987614631653e-03,1.532238442450761795e-03,5.931507796049118042e-03,3.420775756239891052e-03,3.437159582972526550e-03,4.258473403751850128e-03,2.645775442942976952e-03,3.761132247745990753e-03,2.538766246289014816e-03,6.257415749132633209e-03,2.218676032498478889e-03,2.177796326577663422e-03,1.495070755481719971e-03,5.361640360206365585e-03,6.218548398464918137e-03,6.593430880457162857e-03,4.462685901671648026e-03,6.017270032316446304e-03,7.857766002416610718e-03
2.317374348640441895e-01,2.368464916944503784e-01,7.857818156480789185e-02,7.101225852966308594e-02,6.527971625328063965e-01,1.994241401553153992e-02,5.939089134335517883e-02,1.017476841807365417e-01,4.262156784534454346e-02,4.778806585818529129e-03,2.280895784497261047e-02,7.635176181793212891e-03,7.095047272741794586e-03,6.704952102154493332e-03,4.405030980706214905e-03,5.571512505412101746e-03,5.332096479833126068e-03,4.645744804292917252e-03,2.783352509140968323e-03,1.620579161681234837e-03,2.735169837251305580e-03,2.345222281292080879e-03,1.428762683644890785e-03,4.117601085454225540e-03,2.823628950864076614e-03,6.587827112525701523e-03,2.629188355058431625e-03,3.326414152979850769e-03,2.034530276432633400e-03,2.699133241549134254e-03,2.425622660666704178e-03,6.513295229524374008e-03,3.391144564375281334e-03,1.994767691940069199e-03,2.817334840074181557e-03,1.002332195639610291e-02,3.702324815094470978e-03,2.000130712985992432e-03,2.475298009812831879e-03,6.004595197737216949e-03,2.275424543768167496e-03,1.773386495187878609e-03,3.394372528418898582e-03,8.803308010101318359e-03,2.533845603466033936e-03,3.892109962180256844e-03,2.377286786213517189e-03,3.646335331723093987e-03,5.876038689166307449e-03,3.010762622579932213e-03,4.502872936427593231e-03,1.706793787889182568e-03,2.261329209432005882e-03,5.490680225193500519e-03,6.205119192600250244e-03,6.225595250725746155e-03,3.903679316863417625e-03,4.061229061335325241e-03,6.323742214590311050e-03
8.054040372371673584e-03,1.523919850587844849e-01,7.101225852966308594e-02,3.159340322017669678e-01,9.311547875404357910e-01,4.333525523543357849e-02,3.704096004366874695e-02,9.580326080322265625e-01,5.104519724845886230e-01,7.193845696747303009e-03,6.245207041501998901e-02,1.130250003188848495e-02,3.975776210427284241e-02,6.155103910714387894e-03,1.039196178317070007e-02,8.931321091949939728e-03,3.975788131356239319e-03,3.817249089479446411e-03,4.453473724424839020e-03,4.921912681311368942e-03,3.760896623134613037e-03,2.493767766281962395e-03,2.917237579822540283e-03,3.245133673772215843e-03,2.758418442681431770e-03,2.132817870005965233e-03,8.419096120633184910e-04,2.225236734375357628e-03,1.967258751392364502e-03,2.175639849156141281e-03,2.142723184078931808e-03,1.550586428493261337e-03,3.687351942062377930e-03,1.903463969938457012e-03,3.371740691363811493e-03,1.949826255440711975e-03,1.619245624169707298e-03,2.986581996083259583e-03,1.299402676522731781e-03,2.859044820070266724e-03,1.544099999591708183e-03,2.733240369707345963e-03,3.525632433593273163e-03,1.397335436195135117e-03,2.332250587642192841e-03,3.140328917652368546e-03,1.922576222568750381e-03,1.640656264498829842e-03,1.463808934204280376e-03,1.685789087787270546e-03,3.975582309067249298e-03,2.053831703960895538e-03,2.547081327065825462e-03,3.699893131852149963e-03,1.927714212797582150e-03,2.800471382215619087e-03,6.469978950917720795e-03,3.617721376940608025e-03,3.958861343562602997e-03
1.301214993000030518e-01,3.783801198005676270e-01,6.527971625328063965e-01,9.311547875404357910e-01,3.797932527959346771e-03,7.582028210163116455e-02,9.372879266738891602e-01,8.102334737777709961e-01,1.297588180750608444e-02,1.095347944647073746e-02,3.675931692123413086e-02,5.086143035441637039e-03,6.857182364910840988e-03,6.044679787009954453e-03,2.863112604245543480e-03,5.316815339028835297e-03,1.935798907652497292e-03,2.920868340879678726e-03,2.047284040600061417e-03,1.769334310665726662e-03,1.780271646566689014e-03,1.368445460684597492e-03,1.732550212182104588e-03,2.262299880385398865e-03,2.161718206480145454e-03,4.778386559337377548e-03,2.442387631163001060e-03,1.898012822493910789e-03,1.555802649818360806e-03,1.356855267658829689e-03,3.022367134690284729e-03,2.205702709034085274e-03,2.512531587854027748e-03,1.793584553524851799e-03,5.257649347186088562e-03,5.299558863043785095e-03,2.658695448189973831e-03,2.343997592106461525e-03,2.113873139023780823e-03,6.389202084392309189e-03,1.377983251586556435e-03,1.552047324366867542e-03,7.891003042459487915e-03,2.185255987569689751e-03,1.109882025048136711e-03,2.021444262936711311e-03,1.868624822236597538e-03,1.993505517020821571e-03,3.560199402272701263e-03,4.269332624971866608e-03,3.571048611775040627e-03,2.132799476385116577e-03,3.871028777211904526e-03,6.056873593479394913e-03,3.887247061356902122e-03,2.920211525633931160e-03,3.107269527390599251e-03,3.563141915947198868e-03,5.424594040960073471e-03
8.920510299503803253e-03,2.197493566200137138e-03,1.994241401553153992e-02,4.333525523543357849e-02,7.582028210163116455e-02,1.285228133201599121e-01,6.350047886371612549e-02,6.959050893783569336e-02,8.032403886318206787e-02,2.839465811848640442e-02,9.544903039932250977e-02,1.441426202654838562e-02,4.915412981063127518e-03,1.523475814610719681e-02,2.078117989003658295e-02,4.873488564044237137e-03,9.821606799960136414e-03,2.084788680076599121e-02,3.893106011673808098e-03,9.380264207720756531e-03,6.909084040671586990e-03,3.672376740723848343e-03,3.523255931213498116e-03,3.790607443079352379e-03,6.819070316851139069e-03,6.550711579620838165e-03,2.223323332145810127e-03,4.051899071782827377e-03,3.193961456418037415e-03,3.272461472079157829e-03,2.304685534909367561e-03,3.844868158921599388e-03,2.075283555313944817e-03,1.850480679422616959e-03,6.905783899128437042e-03,3.011985449120402336e-03,2.766889054328203201e-03,2.493472304195165634e-03,4.307016730308532715e-03,2.077158773317933083e-03,2.422926481813192368e-03,3.217138815671205521e-03,2.777890302240848541e-03,2.669398207217454910e-03,2.058218466117978096e-03,3.658170811831951141e-03,4.381672944873571396e-03,3.066883189603686333e-03,4.026059992611408234e-03,4.492200445383787155e-03,2.981812227517366409e-03,4.543165210634469986e-03,2.747155493125319481e-03,5.207013338804244995e-03,2.246458549052476883e-03,5.379225127398967743e-03,6.372706964612007141e-03,4.242999013513326645e-03,5.750312004238367081e-03
5.341972410678863525e-02,4.689522832632064819e-02,5.939089134335517883e-02,3.704096004366874695e-02,9.372879266738891602e-01,6.350047886371612549e-02,5.512449424713850021e-03,2.013709098100662231e-01,6.300026923418045044e-02,1.131892949342727661e-02,1.536687742918729782e-02,2.336422679945826530e-03,7.532276213169097900e-03,8.339291438460350037e-03,2.392797265201807022e-03,7.119935471564531326e-03,3.349796170368790627e-03,3.955644089728593826e-03,3.735420294106006622e-03,1.935376087203621864e-03,3.250879468396306038e-03,2.636580960825085640e-03,1.997206825762987137e-03,1.944157178513705730e-03,6.750877015292644501e-03,6.217325571924448013e-03,1.892063650302588940e-03,3.689177799969911575e-03,2.152050612494349480e-03,2.861296990886330605e-03,3.039399860426783562e-03,4.128822125494480133e-03,5.666237324476242065e-03,1.373349921777844429e-03,5.265728104859590530e-03,4.511002451181411743e-03,3.832210320979356766e-03,2.179775387048721313e-03,6.075814366340637207e-03,6.656657904386520386e-03,2.981767058372497559e-03,2.571396296843886375e-03,6.150919012725353241e-03,2.859461121261119843e-03,2.700991230085492134e-03,3.521754639223217964e-03,3.102429909631609917e-03,4.548317752778530121e-03,5.540771409869194031e-03,3.445771289989352226e-03,4.411288071423768997e-03,3.507096320390701294e-03,3.435464575886726379e-03,6.690755952149629593e-03,3.469509771093726158e-03,6.970756687223911285e-03,3.607704536989331245e-03,4.458675626665353775e-03,1.008221134543418884e-02
5.162293463945388794e-02,2.018507122993469238e-01,1.017476841807365417e-01,9.580326080322265625e-01,8.102334737777709961e-01,6.959050893783569336e-02,2.013709098100662231e-01,4.180933162569999695e-02,5.990886688232421875e-02,1.364345569163560867e-02,1.835035346448421478e-02,3.191084368154406548e-03,1.203010603785514832e-02,1.096579711884260178e-02,4.268795717507600784e-03,4.389189183712005615e-03,4.404203034937381744e-03,5.205452442169189453e-03,1.938592409715056419e-03,2.912341617047786713e-03,4.407948814332485199e-03,2.491269726306200027e-03,1.895062974654138088e-03,3.217139979824423790e-03,4.278342705219984055e-03,4.419899545609951019e-03,3.140991786494851112e-03,3.580721328034996986e-03,2.872544340789318085e-03,2.800335641950368881e-03,2.073940122500061989e-03,4.088617395609617233e-03,2.108780434355139732e-03,1.877599628642201424e-03,4.751628730446100235e-03,2.910697134211659431e-03,2.712623681873083115e-03,3.288017353042960167e-03,2.624741755425930023e-03,3.526354441419243813e-03,1.802582875825464725e-03,2.247994765639305115e-03,2.962904749438166618e-03,2.913016127422451973e-03,2.260440727695822716e-03,3.352465108036994934e-03,2.379180630668997765e-03,2.334952587261795998e-03,2.009590389207005501e-03,2.535477979108691216e-03,2.832078374922275543e-03,2.071387600153684616e-03,2.351746661588549614e-03,3.020052099600434303e-03,1.688155694864690304e-03,3.759926417842507362e-03,2.784271258860826492e-03,3.280438948422670364e-03,3.868859726935625076e-03
9.776713326573371887e-03,1.269290316849946976e-02,4.262156784534454346e-02,5.104519724845886230e-01,1.297588180750608444e-02,8.032403886318206787e-02,6.300026923418045044e-02,5.990886688232421875e-02,3.293269127607345581e-02,3.285962715744972229e-02,4.503986984491348267e-02,1.484727412462234497e-01,3.965830430388450623e-03,5.549324676394462585e-03,6.180657446384429932e-02,5.630163475871086121e-03,9.125999361276626587e-02,1.014620345085859299e-02,9.555896744132041931e-03,1.657270267605781555e-02,2.352959103882312775e-02,8.359856903553009033e-03,6.107375025749206543e-03,2.569843549281358719e-03,4.474826622754335403e-03,1.559054013341665268e-03,1.741333398967981339e-03,4.583428613841533661e-03,7.728466764092445374e-03,1.194427954033017159e-03,2.554772188887000084e-03,2.038579434156417847e-03,2.170274034142494202e-03,2.385792555287480354e-03,3.141693305224180222e-03,1.993154408410191536e-03,1.416759449057281017e-03,3.934056032449007034e-03,2.007085364311933517e-03,2.268741140142083168e-03,2.991323824971914291e-03,6.729931104928255081e-03,1.187485293485224247e-03,1.171247218735516071e-03,3.766810754314064980e-03,3.747832495719194412e-03,3.808701876550912857e-03,2.014301950111985207e-03,2.351486124098300934e-03,2.795749343931674957e-03,3.094991203397512436e-03,6.037300918251276016e-03,1.505154301412403584e-03,2.438200404867529869e-03,1.586902420967817307e-03,2.065783599391579628e-03,6.731754634529352188e-03,4.249931313097476959e-03,1.974008046090602875e-03
1.089879125356674194e-02,7.319939788430929184e-03,4.778806585818529129e-03,7.193845696747303009e-03,1.095347944647073746e-02,2.839465811848640442e-02,1.131892949342727661e-02,1.364345569163560867e-02,3.285962715744972229e-02,7.597420364618301392e-02,1.148361116647720337e-01,6.601148843765258789e-02,3.294809460639953613e-01,3.418840095400810242e-02,4.510411620140075684e-02,7.765461690723896027e-03,2.948195859789848328e-02,9.898349642753601074e-03,6.621900945901870728e-03,3.157447278499603271e-02,7.634663023054599762e-03,8.377723395824432373e-03,3.380035050213336945e-03,4.822130315005779266e-03,1.120461523532867432e-02,6.150656845420598984e-03,2.405012026429176331e-03,6.292519625276327133e-03,6.131615024060010910e-03,2.498922171071171761e-03,3.024957375600934029e-03,2.904506633058190346e-03,2.849043812602758408e-03,1.347328769043087959e-03,2.979482756927609444e-03,3.258041106164455414e-03,2.640910446643829346e-03,2.750902203842997551e-03,2.219605259597301483e-03,2.351323841139674187e-03,2.597621176391839981e-03,3.901942167431116104e-03,1.784613006748259068e-03,2.506684977561235428e-03,2.310767536982893944e-03,2.602428896352648735e-03,3.766206558793783188e-03,2.359660807996988297e-03,3.424625378102064133e-03,3.243429586291313171e-03,2.418671501800417900e-03,3.221691120415925980e-03,3.894271329045295715e-03,5.069782957434654236e-03,2.927834168076515198e-03,2.649486297741532326e-03,4.642903339117765427e-03,3.207463305443525314e-03,4.227123223245143890e-03
9.972392581403255463e-03,1.904285885393619537e-02,2.280895784497261047e-02,6.245207041501998901e-02,3.675931692123413086e-02,9.544903039932250977e-02,1.536687742918729782e-02,1.835035346448421478e-02,4.503986984491348267e-02,1.148361116647720337e-01,1.688099349848926067e-03,1.072133705019950867e-02,1.546580493450164795e-01,5.595145747065544128e-02,9.522921405732631683e-03,6.257525645196437836e-03,1.841612718999385834e-02,4.410338774323463440e-02,6.337136775255203247e-02,1.977568306028842926e-02,1.194409187883138657e-02,9.804131463170051575e-03,7.816280238330364227e-03,4.551159683614969254e-03,9.197590872645378113e-03,5.217711906880140305e-03,1.545194187201559544e-03,3.284765174612402916e-03,3.336478956043720245e-03,3.331305459141731262e-03,2.573895966634154320e-03,2.205193741247057915e-03,1.918750582262873650e-03,9.212904842570424080e-04,4.611381795257329941e-03,2.521789865568280220e-03,2.015751786530017853e-03,2.186790341511368752e-03,2.280933782458305359e-03,2.329213544726371765e-03,1.730456133373081684e-03,2.804750576615333557e-03,2.172250300645828247e-03,1.313115819357335567e-03,3.378172637894749641e-03,2.003624103963375092e-03,2.351444680243730545e-03,2.528420882299542427e-03,4.194676410406827927e-03,2.143987687304615974e-03,3.071080660447478294e-03,3.151223529130220413e-03,3.538620891049504280e-03,5.468572024255990982e-03,2.662559505552053452e-03,4.228061065077781677e-03,4.885920323431491852e-03,2.983193146064877510e-03,4.483286757022142410e-03
1.468515209853649139e-02,4.755308385938405991e-03,7.635176181793212891e-03,1.130250003188848495e-02,5.086143035441637039e-03,1.441426202654838562e-02,2.336422679945826530e-03,3.191084368154406548e-03,1.484727412462234497e-01,6.601148843765258789e-02,1.072133705019950867e-02,4.175939597189426422e-03,8.850279450416564941e-02,3.462876752018928528e-02,1.143906936049461365e-01,1.236145664006471634e-02,2.356734573841094971e-01,2.468339353799819946e-02,3.886714205145835876e-02,4.418527707457542419e-02,1.965150423347949982e-02,2.697354927659034729e-02,1.333740353584289551e-02,6.707642227411270142e-03,4.566427785903215408e-03,4.540269728749990463e-03,2.443647244945168495e-03,9.989085607230663300e-03,6.076137069612741470e-03,2.416201401501893997e-03,4.954998381435871124e-03,2.971293870359659195e-03,2.792591461911797523e-03,2.306670881807804108e-03,3.622559597715735435e-03,3.010061569511890411e-03,2.354623749852180481e-03,3.039833158254623413e-03,2.359345322474837303e-03,2.170223509892821312e-03,3.506673034280538559e-03,3.070598933845758438e-03,1.361992559395730495e-03,1.297379611060023308e-03,1.964644528925418854e-03,3.262110054492950439e-03,3.573000198230147362e-03,1.989152980968356133e-03,1.753767719492316246e-03,1.631120103411376476e-03,2.748982748016715050e-03,4.290075507014989853e-03,1.647942233830690384e-03,3.526951186358928680e-03,1.463385182432830334e-03,2.736050868406891823e-03,8.467037230730056763e-03,1.238684076815843582e-02,4.088493064045906067e-03
4.815857391804456711e-03,7.898513227701187134e-03,7.095047272741794586e-03,3.975776210427284241e-02,6.857182364910840988e-03,4.915412981063127518e-03,7.532276213169097900e-03,1.203010603785514832e-02,3.965830430388450623e-03,3.294809460639953613e-01,1.546580493450164795e-01,8.850279450416564941e-02,4.747675848193466663e-04,1.301810741424560547e-01,3.522924333810806274e-02,1.131817325949668884e-01,1.484990119934082031e-02,5.001087486743927002e-02,4.195946827530860901e-02,6.796170771121978760e-02,1.081474497914314270e-02,1.631138846278190613e-02,3.064285218715667725e-02,5.422921851277351379e-03,5.119850859045982361e-02,7.441022899001836777e-03,4.517314955592155457e-03,3.569282824173569679e-03,7.799617014825344086e-03,5.924359429627656937e-03,3.753150580450892448e-03,5.973321851342916489e-03,3.243742743507027626e-03,1.688379794359207153e-03,2.765476470813155174e-03,2.567468443885445595e-03,1.340094488114118576e-03,2.511675003916025162e-03,2.137322211638092995e-03,2.386287320405244827e-03,1.480561564676463604e-03,1.577346236445009708e-03,9.969135280698537827e-04,7.668991456739604473e-04,1.895051333121955395e-03,2.484841272234916687e-03,3.493635216727852821e-03,1.410277909599244595e-03,1.472063362598419189e-03,3.144796472042798996e-03,1.522597041912376881e-03,1.740045845508575439e-03,2.601247280836105347e-03,3.345153760164976120e-03,5.451523233205080032e-03,2.844446804374456406e-03,4.693008027970790863e-03,2.861362416297197342e-03,5.075941793620586395e-03
6.429391447454690933e-03,1.465110108256340027e-02,6.704952102154493332e-03,6.155103910714387894e-03,6.044679787009954453e-03,1.523475814610719681e-02,8.339291438460350037e-03,1.096579711884260178e-02,5.549324676394462585e-03,3.418840095400810242e-02,5.595145747065544128e-02,3.462876752018928528e-02,1.301810741424560547e-01,1.405034912750124931e-03,1.384702697396278381e-02,2.486470341682434082e-01,1.351985055953264236e-02,7.590482383966445923e-02,1.960983276367187500e-01,8.417275547981262207e-02,1.058318372815847397e-02,6.119573023170232773e-03,8.063295856118202209e-03,6.560642737895250320e-03,9.192151948809623718e-03,1.026305463165044785e-02,5.426323041319847107e-03,4.067227710038423538e-03,6.954222917556762695e-03,4.339743871241807938e-03,7.499116472899913788e-03,4.554001148790121078e-03,4.222138319164514542e-03,4.967755172401666641e-03,2.073441632091999054e-03,2.303601475432515144e-03,4.141749348491430283e-03,2.669457811862230301e-03,2.659777877852320671e-03,2.059313934296369553e-03,1.929000020027160645e-03,3.279686206951737404e-03,1.101562287658452988e-03,2.544275950640439987e-03,4.487244877964258194e-03,3.296956885606050491e-03,2.707055537030100822e-03,1.495630363933742046e-03,1.463336404412984848e-03,1.637575682252645493e-03,2.155518624931573868e-03,2.113655675202608109e-03,1.764854416251182556e-03,2.896015066653490067e-03,2.302541863173246384e-03,3.101944690570235252e-03,5.302256904542446136e-03,4.418617114424705505e-03,4.008941352367401123e-03
5.590248387306928635e-03,3.422276116907596588e-03,4.405030980706214905e-03,1.039196178317070007e-02,2.863112604245543480e-03,2.078117989003658295e-02,2.392797265201807022e-03,4.268795717507600784e-03,6.180657446384429932e-02,4.510411620140075684e-02,9.522921405732631683e-03,1.143906936049461365e-01,3.522924333810806274e-02,1.384702697396278381e-02,8.045249618589878082e-03,1.442460156977176666e-02,8.673979341983795166e-02,1.121115777641534805e-02,9.170636534690856934e-03,9.263271093368530273e-02,5.844505131244659424e-02,2.294925041496753693e-02,1.865941099822521210e-02,6.059127394109964371e-03,6.286040879786014557e-03,3.739235689863562584e-03,2.920899074524641037e-03,8.766988292336463928e-03,1.237212028354406357e-02,2.249399665743112564e-03,5.597162991762161255e-03,2.848102478310465813e-03,2.517651766538619995e-03,4.949754104018211365e-03,3.198072081431746483e-03,1.548904110677540302e-03,2.083823317661881447e-03,7.569847628474235535e-03,2.363599371165037155e-03,1.809793990105390549e-03,5.086157005280256271e-03,9.163853712379932404e-03,1.824895152822136879e-03,2.570921787992119789e-03,7.527106441557407379e-03,3.866218030452728271e-03,6.717171054333448410e-03,2.174920635297894478e-03,1.739105093292891979e-03,1.582111581228673458e-03,3.761182306334376335e-03,7.295042742043733597e-03,2.303369110450148582e-03,3.527063177898526192e-03,1.834049471653997898e-03,3.724982962012290955e-03,9.886509738862514496e-03,3.268564585596323013e-03,2.059519756585359573e-03
1.577915437519550323e-02,7.420954294502735138e-03,5.571512505412101746e-03,8.931321091949939728e-03,5.316815339028835297e-03,4.873488564044237137e-03,7.119935471564531326e-03,4.389189183712005615e-03,5.630163475871086121e-03,7.765461690723896027e-03,6.257525645196437836e-03,1.236145664006471634e-02,1.131817325949668884e-01,2.486470341682434082e-01,1.442460156977176666e-02,4.988900618627667427e-04,5.108033772557973862e-03,9.272772669792175293e-01,4.954727366566658020e-02,1.008063275367021561e-02,5.145181342959403992e-02,1.449752226471900940e-02,3.420180408284068108e-03,1.050579175353050232e-01,1.590687036514282227e-02,2.032383903861045837e-02,8.768223226070404053e-03,7.081679999828338623e-03,3.430930897593498230e-03,4.790520295500755310e-03,4.030827432870864868e-03,1.078533474355936050e-02,8.605168201029300690e-03,2.763921162113547325e-03,3.483170876279473305e-03,1.628522528335452080e-03,5.402239970862865448e-03,2.459747716784477234e-03,3.061600029468536377e-03,2.712323330342769623e-03,2.463961020112037659e-03,2.013533143326640129e-03,3.687131218612194061e-03,3.376536769792437553e-03,3.327816491946578026e-03,3.114969935268163681e-03,1.985263312235474586e-03,2.349031856283545494e-03,1.414346392266452312e-03,1.476606470532715321e-03,1.952320220880210400e-03,1.564552658237516880e-03,1.975330291315913200e-03,1.667782315053045750e-03,2.675896743312478065e-03,7.041892502456903458e-03,5.652876105159521103e-03,1.917834859341382980e-03,3.938627429306507111e-03
3.273533424362540245e-03,2.601233543828129768e-03,5.332096479833126068e-03,3.975788131356239319e-03,1.935798907652497292e-03,9.821606799960136414e-03,3.349796170368790627e-03,4.404203034937381744e-03,9.125999361276626587e-02,2.948195859789848328e-02,1.841612718999385834e-02,2.356734573841094971e-01,1.484990119934082031e-02,1.351985055953264236e-02,8.673979341983795166e-02,5.108033772557973862e-03,1.900551095604896545e-02,5.029236897826194763e-03,5.020693689584732056e-02,2.137801796197891235e-02,1.922943815588951111e-02,1.737101972103118896e-01,1.045757811516523361e-02,8.303836919367313385e-03,1.513396855443716049e-02,6.007267627865076065e-03,7.202133536338806152e-03,1.031474303454160690e-02,3.569591417908668518e-02,5.675381515175104141e-03,3.540428820997476578e-03,2.584969159215688705e-03,4.697092343121767044e-03,3.383045317605137825e-03,5.844532977789640427e-03,2.292115241289138794e-03,2.073387382552027702e-03,5.311202257871627808e-03,2.219113986939191818e-03,1.470644725486636162e-03,3.348885802552103996e-03,4.488968290388584137e-03,1.087092212401330471e-03,1.356788678094744682e-03,3.938748966902494431e-03,3.456739941611886024e-03,5.325113423168659210e-03,3.127557691186666489e-03,1.904403674416244030e-03,1.424858928658068180e-03,2.914835233241319656e-03,3.708695294335484505e-03,2.073026262223720551e-03,5.340955220162868500e-03,1.831249450333416462e-03,2.795512787997722626e-03,1.130441296845674515e-02,4.697034601122140884e-03,3.885735059157013893e-03
5.629440303891897202e-03,8.260648697614669800e-03,4.645744804292917252e-03,3.817249089479446411e-03,2.920868340879678726e-03,2.084788680076599121e-02,3.955644089728593826e-03,5.205452442169189453e-03,1.014620345085859299e-02,9.898349642753601074e-03,4.410338774323463440e-02,2.468339353799819946e-02,5.001087486743927002e-02,7.590482383966445923e-02,1.121115777641534805e-02,9.272772669792175293e-01,5.029236897826194763e-03,1.893811509944498539e-03,3.216584920883178711e-01,3.473957628011703491e-02,1.179368272423744202e-01,8.815483190119266510e-03,1.780437305569648743e-02,2.536170370876789093e-02,2.051349729299545288e-02,1.357738487422466278e-02,1.292390935122966766e-02,6.570203695446252823e-03,5.194661207497119904e-03,3.977993968874216080e-03,2.301112748682498932e-03,3.988832700997591019e-03,6.904429756104946136e-03,2.611014060676097870e-03,1.889020670205354691e-03,2.796694869175553322e-03,1.492038485594093800e-03,3.394151339307427406e-03,2.159299096092581749e-03,1.256865798495709896e-03,2.673588227480649948e-03,1.733706216327846050e-03,1.463895314373075962e-03,2.322235377505421638e-03,2.007214352488517761e-03,2.018568105995655060e-03,2.382837934419512749e-03,1.699719578027725220e-03,9.603561484254896641e-04,2.043643733486533165e-03,2.556529827415943146e-03,1.869064173661172390e-03,2.595656318590044975e-03,2.722188830375671387e-03,3.511985298246145248e-03,3.994300030171871185e-03,6.362614687532186508e-03,2.858812455087900162e-03,3.434778889641165733e-03
7.566946558654308319e-03,2.811458893120288849e-03,2.783352509140968323e-03,4.453473724424839020e-03,2.047284040600061417e-03,3.893106011673808098e-03,3.735420294106006622e-03,1.938592409715056419e-03,9.555896744132041931e-03,6.621900945901870728e-03,6.337136775255203247e-02,3.886714205145835876e-02,4.195946827530860901e-02,1.960983276367187500e-01,9.170636534690856934e-03,4.954727366566658020e-02,5.020693689584732056e-02,3.216584920883178711e-01,2.108142478391528130e-03,1.288173720240592957e-02,5.398541688919067383e-01,2.142402715981006622e-02,3.896863432601094246e-03,6.447784602642059326e-03,1.634970307350158691e-02,1.171676628291606903e-02,5.171883478760719299e-02,1.040805969387292862e-02,1.400079485028982162e-02,1.251038908958435059e-02,3.623093478381633759e-03,7.135802879929542542e-03,4.611587617546319962e-03,4.461126867681741714e-03,1.956549473106861115e-03,4.413392860442399979e-03,2.037898404523730278e-03,2.533409278839826584e-03,2.038732636719942093e-03,2.677341690286993980e-03,4.369912669062614441e-03,2.919728402048349380e-03,2.399445977061986923e-03,4.937078338116407394e-03,8.427680470049381256e-03,3.170893527567386627e-03,2.939580939710140228e-03,2.490134909749031067e-03,1.373121631331741810e-03,3.198420163244009018e-03,2.596523147076368332e-03,2.009844640269875526e-03,1.110907061956822872e-03,1.858190749771893024e-03,1.019675750285387039e-03,2.761503914371132851e-03,3.185560461133718491e-03,2.146148355677723885e-03,1.534585608169436455e-03
2.936111530289053917e-03,1.820504548959434032e-03,1.620579161681234837e-03,4.921912681311368942e-03,1.769334310665726662e-03,9.380264207720756531e-03,1.935376087203621864e-03,2.912341617047786713e-03,1.657270267605781555e-02,3.157447278499603271e-02,1.977568306028842926e-02,4.418527707457542419e-02,6.796170771121978760e-02,8.417275547981262207e-02,9.263271093368530273e-02,1.008063275367021561e-02,2.137801796197891235e-02,3.473957628011703491e-02,1.288173720240592957e-02,2.617484424263238907e-03,3.349009528756141663e-02,1.904853135347366333e-01,2.310712449252605438e-02,9.125046432018280029e-03,4.613679647445678711e-02,8.742851205170154572e-03,2.138998918235301971e-02,1.756790280342102051e-02,2.821868658065795898e-02,5.221564322710037231e-03,1.121968124061822891e-02,3.951901104301214218e-03,9.642550721764564514e-03,3.781034611165523529e-03,3.715477883815765381e-03,2.275048987939953804e-03,1.723580062389373779e-03,5.185307934880256653e-03,1.689528697170317173e-03,1.369131030514836311e-03,2.872316399589180946e-03,4.552456084638834000e-03,1.430973992682993412e-03,1.009160419926047325e-03,4.610117059201002121e-03,2.971628680825233459e-03,5.038826260715723038e-03,2.819561166688799858e-03,1.428051968105137348e-03,1.778272096998989582e-03,3.691898658871650696e-03,4.522013477981090546e-03,1.338985865004360676e-03,4.642954096198081970e-03,1.755158999003469944e-03,1.917236368171870708e-03,3.993823658674955368e-03,3.822122467681765556e-03,2.754597458988428116e-03
2.534530125558376312e-03,1.082463655620813370e-03,2.735169837251305580e-03,3.760896623134613037e-03,1.780271646566689014e-03,6.909084040671586990e-03,3.250879468396306038e-03,4.407948814332485199e-03,2.352959103882312775e-02,7.634663023054599762e-03,1.194409187883138657e-02,1.965150423347949982e-02,1.081474497914314270e-02,1.058318372815847397e-02,5.844505131244659424e-02,5.145181342959403992e-02,1.922943815588951111e-02,1.179368272423744202e-01,5.398541688919067383e-01,3.349009528756141663e-02,7.634420879185199738e-03,1.393069326877593994e-02,6.305392831563949585e-02,1.984094036743044853e-03,1.333439499139785767e-01,3.106777556240558624e-03,1.068252418190240860e-02,1.796647906303405762e-02,6.504962593317031860e-02,6.720094941556453705e-03,1.208665594458580017e-02,1.057090703397989273e-02,9.295264258980751038e-03,3.699618624523282051e-03,3.697483800351619720e-03,2.492878353223204613e-03,1.539235701784491539e-03,1.214886363595724106e-02,2.069096080958843231e-03,2.666565123945474625e-03,1.045608334243297577e-02,4.399285651743412018e-03,2.010951517149806023e-03,1.453458564355969429e-03,2.850728109478950500e-03,2.597197424620389938e-03,3.989279735833406448e-03,2.075725933536887169e-03,1.647739205509424210e-03,1.010845764540135860e-03,3.561383346095681190e-03,3.518206998705863953e-03,1.070288126356899738e-03,2.204905264079570770e-03,1.751717878505587578e-03,1.196119817905128002e-03,2.771836705505847931e-03,3.341815667226910591e-03,3.303830279037356377e-03
2.705491846427321434e-03,1.931764301843941212e-03,2.345222281292080879e-03,2.493767766281962395e-03,1.368445460684597492e-03,3.672376740723848343e-03,2.636580960825085640e-03,2.491269726306200027e-03,8.359856903553009033e-03,8.377723395824432373e-03,9.804131463170051575e-03,2.697354927659034729e-02,1.631138846278190613e-02,6.119573023170232773e-03,2.294925041496753693e-02,1.449752226471900940e-02,1.737101972103118896e-01,8.815483190119266510e-03,2.142402715981006622e-02,1.904853135347366333e-01,1.393069326877593994e-02,9.311516769230365753e-03,1.479128897190093994e-01,8.382260799407958984e-03,5.450199171900749207e-02,1.973853632807731628e-02,6.354632228612899780e-02,3.463033214211463928e-02,3.579280972480773926e-01,1.534805819392204285e-02,1.645588502287864685e-02,6.667013745754957199e-03,9.103949181735515594e-03,8.510482497513294220e-03,3.438361687585711479e-03,2.684009028598666191e-03,1.697957515716552734e-03,3.801183076575398445e-03,2.310743555426597595e-03,1.807220163755118847e-03,2.971808193251490593e-03,7.322768215090036392e-03,1.222390565089881420e-03,1.274723210372030735e-03,3.814722411334514618e-03,3.206511959433555603e-03,5.312537774443626404e-03,3.092398401349782944e-03,1.481115818023681641e-03,1.155967940576374531e-03,1.417419523932039738e-03,4.583487752825021744e-03,9.732520557008683681e-04,3.500118851661682129e-03,1.425395021215081215e-03,1.823992119170725346e-03,3.747686278074979782e-03,1.694778329692780972e-03,2.318947808817028999e-03
1.646224292926490307e-03,2.004276262596249580e-03,1.428762683644890785e-03,2.917237579822540283e-03,1.732550212182104588e-03,3.523255931213498116e-03,1.997206825762987137e-03,1.895062974654138088e-03,6.107375025749206543e-03,3.380035050213336945e-03,7.816280238330364227e-03,1.333740353584289551e-02,3.064285218715667725e-02,8.063295856118202209e-03,1.865941099822521210e-02,3.420180408284068108e-03,1.045757811516523361e-02,1.780437305569648743e-02,3.896863432601094246e-03,2.310712449252605438e-02,6.305392831563949585e-02,1.479128897190093994e-01,7.905878126621246338e-03,3.463994711637496948e-03,5.142573267221450806e-02,1.579228229820728302e-02,1.236296221613883972e-01,3.014680743217468262e-01,1.400206685066223145e-01,2.420574612915515900e-02,1.339397877454757690e-01,1.751306094229221344e-02,4.696198180317878723e-02,9.688179008662700653e-03,3.078384324908256531e-03,2.405351959168910980e-03,3.694913350045681000e-03,1.063185185194015503e-02,2.663124352693557739e-03,1.523548387922346592e-03,6.621926557272672653e-03,1.073784194886684418e-02,1.391868805512785912e-03,3.670457750558853149e-03,5.505456123501062393e-03,3.108442295342683792e-03,2.084927400574088097e-03,1.569963060319423676e-03,1.372174010612070560e-03,2.104931743815541267e-03,2.495052758604288101e-03,2.890836913138628006e-03,7.543618557974696159e-04,3.256626194342970848e-03,1.352713559754192829e-03,1.147479750216007233e-03,4.006514325737953186e-03,2.237070584669709206e-03,2.092985669150948524e-03
5.260472651571035385e-03,4.999282769858837128e-03,4.117601085454225540e-03,3.245133673772215843e-03,2.262299880385398865e-03,3.790607443079352379e-03,1.944157178513705730e-03,3.217139979824423790e-03,2.569843549281358719e-03,4.822130315005779266e-03,4.551159683614969254e-03,6.707642227411270142e-03,5.422921851277351379e-03,6.560642737895250320e-03,6.059127394109964371e-03,1.050579175353050232e-01,8.303836919367313385e-03,2.536170370876789093e-02,6.447784602642059326e-03,9.125046432018280029e-03,1.984094036743044853e-03,8.382260799407958984e-03,3.463994711637496948e-03,6.845508236438035965e-03,3.265184536576271057e-02,3.134373128414154053e-01,7.648146152496337891e-01,7.022745162248611450e-02,1.073225680738687515e-02,2.214414998888969421e-02,1.420877315104007721e-02,4.439874738454818726e-02,1.137009188532829285e-01,4.551632795482873917e-03,3.765147179365158081e-03,5.961938761174678802e-03,4.230767954140901566e-03,3.059926675632596016e-03,2.040231134742498398e-03,3.309753490611910820e-03,2.492129104211926460e-03,2.915744204074144363e-03,2.625726861879229546e-03,3.528000321239233017e-03,5.561163183301687241e-03,3.288270439952611923e-03,2.667760010808706284e-03,3.267298685386776924e-03,3.196974750608205795e-03,2.595498226583003998e-03,3.183692693710327148e-03,2.326812595129013062e-03,1.337945577688515186e-03,4.157625604420900345e-03,2.537891035899519920e-03,4.821836948394775391e-03,3.760928520932793617e-03,1.912002335302531719e-03,3.005461534485220909e-03
4.239016212522983551e-03,3.950719255954027176e-03,2.823628950864076614e-03,2.758418442681431770e-03,2.161718206480145454e-03,6.819070316851139069e-03,6.750877015292644501e-03,4.278342705219984055e-03,4.474826622754335403e-03,1.120461523532867432e-02,9.197590872645378113e-03,4.566427785903215408e-03,5.119850859045982361e-02,9.192151948809623718e-03,6.286040879786014557e-03,1.590687036514282227e-02,1.513396855443716049e-02,2.051349729299545288e-02,1.634970307350158691e-02,4.613679647445678711e-02,1.333439499139785767e-01,5.450199171900749207e-02,5.142573267221450806e-02,3.265184536576271057e-02,5.910735577344894409e-03,5.295225605368614197e-02,2.861043252050876617e-02,1.587310619652271271e-02,1.356752123683691025e-02,1.773425564169883728e-02,2.339157275855541229e-02,9.473932906985282898e-03,2.549259178340435028e-02,8.197189308702945709e-03,3.916543908417224884e-03,5.388920661062002182e-03,4.367032088339328766e-03,3.165160305798053741e-03,2.618166618049144745e-03,1.331698498688638210e-03,2.065711887553334236e-03,1.745156245306134224e-03,1.406926894560456276e-03,2.306950744241476059e-03,3.004171419888734818e-03,2.882936038076877594e-03,1.744406297802925110e-03,1.663339789956808090e-03,2.635009121149778366e-03,2.465699799358844757e-03,2.049697563052177429e-03,1.879516406916081905e-03,1.885598408989608288e-03,4.714060574769973755e-03,2.362834988161921501e-03,3.329718252643942833e-03,2.770416205748915672e-03,3.053379012271761894e-03,3.091788617894053459e-03
5.180194042623043060e-03,5.359136499464511871e-03,6.587827112525701523e-03,2.132817870005965233e-03,4.778386559337377548e-03,6.550711579620838165e-03,6.217325571924448013e-03,4.419899545609951019e-03,1.559054013341665268e-03,6.150656845420598984e-03,5.217711906880140305e-03,4.540269728749990463e-03,7.441022899001836777e-03,1.026305463165044785e-02,3.739235689863562584e-03,2.032383903861045837e-02,6.007267627865076065e-03,1.357738487422466278e-02,1.171676628291606903e-02,8.742851205170154572e-03,3.106777556240558624e-03,1.973853632807731628e-02,1.579228229820728302e-02,3.134373128414154053e-01,5.295225605368614197e-02,5.815241020172834396e-04,1.866185665130615234e-01,1.700960993766784668e-01,3.770880401134490967e-03,1.469612419605255127e-01,4.657169803977012634e-03,2.021501027047634125e-02,4.640114679932594299e-02,3.333331318572163582e-03,3.828185843303799629e-03,6.918791681528091431e-03,4.716987721621990204e-03,1.642735209316015244e-03,4.814326297491788864e-03,3.096331842243671417e-03,1.688522053882479668e-03,2.269102726131677628e-03,2.807467244565486908e-03,6.210921332240104675e-03,3.689531702548265457e-03,3.396704327315092087e-03,1.952473539859056473e-03,5.036701448261737823e-03,1.711822231300175190e-03,9.263066574931144714e-03,3.577228169888257980e-03,2.413598354905843735e-03,4.309242125600576401e-03,4.768996499478816986e-03,2.197333611547946930e-03,4.002702888101339340e-03,3.901635995134711266e-03,2.425921382382512093e-03,3.833333728834986687e-03
3.879623254761099815e-03,5.934027489274740219e-03,2.629188355058431625e-03,8.419096120633184910e-04,2.442387631163001060e-03,2.223323332145810127e-03,1.892063650302588940e-03,3.140991786494851112e-03,1.741333398967981339e-03,2.405012026429176331e-03,1.545194187201559544e-03,2.443647244945168495e-03,4.517314955592155457e-03,5.426323041319847107e-03,2.920899074524641037e-03,8.768223226070404053e-03,7.202133536338806152e-03,1.292390935122966766e-02,5.171883478760719299e-02,2.138998918235301971e-02,1.068252418190240860e-02,6.354632228612899780e-02,1.236296221613883972e-01,7.648146152496337891e-01,2.861043252050876617e-02,1.866185665130615234e-01,4.329223011154681444e-04,6.652989238500595093e-02,7.835426367819309235e-03,5.062667131423950195e-01,3.806287189945578575e-03,9.738805145025253296e-02,7.926640510559082031e-01,4.456009250134229660e-03,5.143547896295785904e-03,4.205609671771526337e-03,4.921976011246442795e-03,3.065508790314197540e-03,3.860518569126725197e-03,4.843230359256267548e-03,1.379661378450691700e-03,1.788791385479271412e-03,3.216271754354238510e-03,4.338693339377641678e-03,2.315821358934044838e-03,3.648896701633930206e-03,9.815113153308629990e-04,2.983003389090299606e-03,4.044620320200920105e-03,2.822509501129388809e-03,2.183265984058380127e-03,1.590046100318431854e-03,1.775032375007867813e-03,1.960446359589695930e-03,2.589340787380933762e-03,2.850831020623445511e-03,1.408066251315176487e-03,3.213244955986738205e-03,3.783379448577761650e-03
