1.418789755553007126e-02,2.751206755638122559e-01,1.561001539230346680e-01,5.835023894906044006e-02,5.262398123741149902e-01,2.225318923592567444e-02,1.829569637775421143e-01,6.527527421712875366e-02,9.668901562690734863e-03,9.089279919862747192e-03,3.900017356500029564e-03,6.875413935631513596e-03,3.700865199789404869e-03,4.810510668903589249e-03,3.315095324069261551e-03,6.564898882061243057e-03,2.836405765265226364e-03,8.351721800863742828e-03,5.002903752028942108e-03,2.119519282132387161e-03,1.803459832444787025e-03,2.215553540736436844e-03,1.360835274681448936e-03,3.647329751402139664e-03,3.308236133307218552e-03,6.676620803773403168e-03,3.457227954640984535e-03,3.105714684352278709e-03,1.957185566425323486e-03,3.763261018320918083e-03,1.601151190698146820e-03,2.336513949558138847e-03,2.738160546869039536e-03,2.053580246865749359e-03,3.809688147157430649e-03,7.688818499445915222e-03,4.503481555730104446e-03,1.881227479316294193e-03,2.396281808614730835e-03,6.320270709693431854e-03,1.632759463973343372e-03,1.332471147179603577e-03,6.103659979999065399e-03,7.396110799163579941e-03,2.701253164559602737e-03,4.774479195475578308e-03,2.558281645178794861e-03,6.319072563201189041e-03,5.243855994194746017e-03,1.593371853232383728e-02,4.791009239852428436e-03,3.819106146693229675e-03,4.726601298898458481e-03,6.254653446376323700e-03,9.352500550448894501e-03,2.158542349934577942e-02,7.191711105406284332e-03,2.801597118377685547e-03,1.005961187183856964e-02
2.751206755638122559e-01,6.624963600188493729e-03,2.439184784889221191e-01,3.538431227207183838e-02,3.014373481273651123e-01,1.186649315059185028e-02,1.807684451341629028e-01,1.563656777143478394e-01,2.289350889623165131e-02,4.990838933736085892e-03,2.224372886121273041e-02,4.030674230307340622e-03,9.571288712322711945e-03,1.480123214423656464e-02,3.116810927167534828e-03,1.138011086732149124e-02,1.841854420490562916e-03,6.817455869168043137e-03,3.465505782514810562e-03,2.120075048878788948e-03,2.572390949353575706e-03,1.916819368489086628e-03,1.815479714423418045e-03,3.027081023901700974e-03,2.659184625372290611e-03,8.476951159536838531e-03,2.789915539324283600e-03,3.026388818398118019e-03,1.286126440390944481e-03,2.252622973173856735e-03,4.430192522704601288e-03,3.173791337758302689e-03,2.289362484589219093e-03,1.526077627204358578e-03,3.896754467859864235e-03,7.022194564342498779e-03,5.733235739171504974e-03,1.379453809931874275e-03,4.436057992279529572e-03,1.482872292399406433e-02,2.871529897674918175e-03,1.666379976086318493e-03,5.426116753369569778e-03,1.149686146527528763e-02,2.502665389329195023e-03,6.227651610970497131e-03,1.738034188747406006e-03,3.354932414367794991e-03,3.852200461551547050e-03,8.818775415420532227e-03,3.439621999859809875e-03,2.239398425444960594e-03,3.538830904290080070e-03,5.044937599450349808e-03,4.137599375098943710e-03,1.661514304578304291e-02,3.519105259329080582e-03,3.537896089255809784e-03,1.662872731685638428e-02
1.561001539230346680e-01,2.439184784889221191e-01,5.928034707903862000e-02,8.942479640245437622e-02,4.599491655826568604e-01,1.739259064197540283e-02,4.266444966197013855e-02,8.081991225481033325e-02,1.325451582670211792e-02,8.326701819896697998e-03,2.726703323423862457e-02,3.691742662340402603e-03,7.533014751970767975e-03,7.463525515049695969e-03,6.108139641582965851e-03,4.783185198903083801e-03,2.415149938315153122e-03,7.843177765607833862e-03,2.650670707225799561e-03,3.456276375800371170e-03,1.721733482554554939e-03,2.728500403463840485e-03,1.182710169814527035e-03,4.115438554435968399e-03,4.142443649470806122e-03,5.419293884187936783e-03,2.613863209262490273e-03,3.041737014427781105e-03,1.506780507043004036e-03,1.779712503775954247e-03,1.155395526438951492e-03,3.830012399703264236e-03,3.244848223403096199e-03,2.172376494854688644e-03,3.261830890551209450e-03,5.945007316768169403e-03,3.838915145024657249e-03,1.581412740051746368e-03,1.918194582685828209e-03,9.001008234918117523e-03,2.637776080518960953e-03,1.692574005573987961e-03,3.815506817772984505e-03,1.324622333049774170e-02,3.266648156568408012e-03,5.476939026266336441e-03,2.483718795701861382e-03,4.432624671608209610e-03,6.203731987625360489e-03,4.161166958510875702e-03,6.729580461978912354e-03,3.250805195420980453e-03,4.776146728545427322e-03,4.293039906769990921e-03,1.782751828432083130e-02,6.942693609744310379e-03,5.435053724795579910e-03,2.584923524409532547e-03,1.352458912879228592e-02
5.835023894906044006e-02,3.538431227207183838e-02,8.942479640245437622e-02,1.936770975589752197e-02,7.748389840126037598e-01,3.872744366526603699e-02,1.671509258449077606e-02,9.763095378875732422e-01,6.241959929466247559e-01,2.094123139977455139e-02,1.556593179702758789e-01,6.323064677417278290e-03,6.986730266362428665e-03,2.206968888640403748e-02,6.611965131014585495e-03,3.990170080214738846e-03,2.917724661529064178e-03,9.894904680550098419e-03,7.890200242400169373e-03,2.786459168419241905e-03,3.144805552437901497e-03,1.558964955620467663e-03,1.360372174531221390e-03,2.651063026860356331e-03,2.668427303433418274e-03,2.667116932570934296e-03,2.587175695225596428e-03,2.319628605619072914e-03,1.551341032609343529e-03,1.936482847668230534e-03,1.198978978209197521e-03,2.176164882257580757e-03,2.062456915155053139e-03,1.503300736658275127e-03,3.979307133704423904e-03,2.663984429091215134e-03,1.486466615460813046e-03,1.821264624595642090e-03,1.491287257522344589e-03,4.034402780234813690e-03,2.581667853519320488e-03,2.187700942158699036e-03,3.863798687234520912e-03,7.244187872856855392e-03,6.099730264395475388e-03,3.993256948888301849e-03,1.542674261145293713e-03,1.574568683281540871e-03,2.965142484754323959e-03,2.309234580025076866e-03,2.934010000899434090e-03,3.549180459231138229e-03,3.348131198436021805e-03,3.052023705095052719e-03,2.138335490599274635e-03,3.007196355611085892e-03,6.318114232271909714e-03,3.400237765163183212e-03,4.653822164982557297e-03
5.262398123741149902e-01,3.014373481273651123e-01,4.599491655826568604e-01,7.748389840126037598e-01,1.533668488264083862e-02,4.149563238024711609e-02,9.755783677101135254e-01,9.270010590553283691e-01,1.190516818314790726e-02,7.168959826231002808e-03,2.515998110175132751e-02,4.181578755378723145e-03,4.279063548892736435e-03,6.005679257214069366e-03,3.992936108261346817e-03,4.043200984597206116e-03,2.674636198207736015e-03,7.840643636882305145e-03,4.161562304943799973e-03,2.567788586020469666e-03,2.258161082863807678e-03,2.515846397727727890e-03,2.735258312895894051e-03,1.366112031973898411e-03,3.141614142805337906e-03,3.383556380867958069e-03,2.715371316298842430e-03,2.354891505092382431e-03,1.588917919434607029e-03,1.336728688329458237e-03,1.167861511930823326e-03,2.794450847432017326e-03,1.417414052411913872e-03,1.213872339576482773e-03,2.933591604232788086e-03,5.174545571208000183e-03,3.344835946336388588e-03,1.331217936240136623e-03,2.254801802337169647e-03,5.704632960259914398e-03,1.582929748110473156e-03,1.271878019906580448e-03,5.506523419171571732e-03,1.823207363486289978e-03,1.716386643238365650e-03,2.731629181653261185e-03,1.728921313770115376e-03,1.574279391206800938e-03,3.914399538189172745e-03,3.969793673604726791e-03,3.585957922041416168e-03,2.502107294276356697e-03,3.601603908464312553e-03,2.831091638654470444e-03,3.654540283605456352e-03,3.762502921745181084e-03,1.901440322399139404e-03,2.671502763405442238e-03,4.102174658328294754e-03
2.225318923592567444e-02,1.186649315059185028e-02,1.739259064197540283e-02,3.872744366526603699e-02,4.149563238024711609e-02,1.975923217833042145e-02,1.582161337137222290e-02,1.849493086338043213e-01,1.304023116827011108e-01,8.799917995929718018e-03,5.239865928888320923e-02,1.529275532811880112e-02,8.915633894503116608e-03,1.627435348927974701e-02,1.053091511130332947e-02,1.502165384590625763e-02,1.087896246463060379e-02,1.889255642890930176e-02,1.025690510869026184e-02,6.065083201974630356e-03,5.141127854585647583e-03,6.307741161435842514e-03,3.553344635292887688e-03,5.587993189692497253e-03,6.718418095260858536e-03,6.474762223660945892e-03,2.578548388555645943e-03,3.202364547178149223e-03,3.818340832367539406e-03,3.333023749291896820e-03,1.159755513072013855e-03,3.993434831500053406e-03,2.636478049680590630e-03,1.906465040519833565e-03,5.344721022993326187e-03,5.314795766025781631e-03,4.441536497324705124e-03,2.375909592956304550e-03,3.158765379339456558e-03,4.991634748876094818e-03,3.232142189517617226e-03,2.465766388922929764e-03,3.787268884479999542e-03,3.524568630382418633e-03,3.320708638057112694e-03,5.568311084061861038e-03,2.448749495670199394e-03,1.873156288638710976e-03,2.949917223304510117e-03,6.645074114203453064e-03,2.903766464442014694e-03,3.157390281558036804e-03,2.726632636040449142e-03,3.465970279648900032e-03,2.674977295100688934e-03,5.951785948127508163e-03,3.346632933244109154e-03,1.822901074774563313e-03,5.930563434958457947e-03
1.829569637775421143e-01,1.807684451341629028e-01,4.266444966197013855e-02,1.671509258449077606e-02,9.755783677101135254e-01,1.582161337137222290e-02,6.959368009120225906e-03,5.349648594856262207e-01,5.220383778214454651e-02,4.951713141053915024e-03,1.246980670839548111e-02,4.441865719854831696e-03,1.953235268592834473e-02,5.849965848028659821e-03,8.286585099995136261e-03,7.191353477537631989e-03,5.234817508608102798e-03,2.264181524515151978e-02,4.975822754204273224e-03,6.254006642848253250e-03,6.730361375957727432e-03,3.944539465010166168e-03,6.550426129251718521e-03,2.594127086922526360e-03,5.747199524194002151e-03,7.534512318670749664e-03,1.296486472710967064e-03,3.511972259730100632e-03,2.522401744499802589e-03,2.097581978887319565e-03,1.152063836343586445e-03,2.926180837675929070e-03,4.170981235802173615e-03,8.825815166346728802e-04,2.751039573922753334e-03,3.830765374004840851e-03,7.352748885750770569e-03,1.268182648345828056e-03,3.339960938319563866e-03,5.610337015241384506e-03,2.949690213426947594e-03,2.417371841147542000e-03,3.888733452185988426e-03,2.589856972917914391e-03,1.413119258359074593e-03,4.762049298733472824e-03,1.295336172915995121e-03,3.656951012089848518e-03,4.874943289905786514e-03,2.146024955436587334e-03,3.091526916250586510e-03,2.361621474847197533e-03,3.917375579476356506e-03,2.662969753146171570e-03,3.118577646091580391e-03,4.820201545953750610e-03,3.306650090962648392e-03,1.862384960986673832e-03,4.499936942011117935e-03
6.527527421712875366e-02,1.563656777143478394e-01,8.081991225481033325e-02,9.763095378875732422e-01,9.270010590553283691e-01,1.849493086338043213e-01,5.349648594856262207e-01,7.253006566315889359e-03,8.877314627170562744e-03,1.112304851412773132e-01,7.687761634588241577e-02,6.185279693454504013e-03,1.519128866493701935e-02,8.083404973149299622e-03,1.312602031975984573e-02,6.180597469210624695e-03,3.554955823346972466e-03,5.433345213532447815e-03,5.250944755971431732e-03,5.426176358014345169e-03,3.629426239058375359e-03,3.748510731384158134e-03,3.785119624808430672e-03,3.290541935712099075e-03,2.056131372228264809e-03,5.154871847480535507e-03,2.169362502172589302e-03,1.976668369024991989e-03,1.909800572320818901e-03,1.728468807414174080e-03,7.750102085992693901e-04,2.350807189941406250e-03,2.667964203283190727e-03,1.294987043365836143e-03,3.553126938641071320e-03,5.186946596950292587e-03,2.967899898067116737e-03,1.377197331748902798e-03,1.643116120249032974e-03,3.287279745563864708e-03,1.729540177620947361e-03,1.256299670785665512e-03,2.559037180617451668e-03,2.576338127255439758e-03,4.174117464572191238e-03,3.265287028625607491e-03,1.411924720741808414e-03,4.342229571193456650e-03,1.734364777803421021e-03,2.178671071305871010e-03,1.654600491747260094e-03,1.391598489135503769e-03,2.358096418902277946e-03,1.895653898827731609e-03,1.641778275370597839e-03,3.485984168946743011e-03,1.979843946173787117e-03,1.746040419675409794e-03,2.989174565300345421e-03
9.668901562690734863e-03,2.289350889623165131e-02,1.325451582670211792e-02,6.241959929466247559e-01,1.190516818314790726e-02,1.304023116827011108e-01,5.220383778214454651e-02,8.877314627170562744e-03,2.719121985137462616e-02,5.895677581429481506e-02,1.167165394872426987e-02,2.688235044479370117e-02,3.738010302186012268e-03,5.597858689725399017e-03,3.677087649703025818e-02,7.435298524796962738e-03,6.578505039215087891e-02,1.352570112794637680e-02,3.127898648381233215e-02,2.932861261069774628e-02,2.148168906569480896e-02,1.081160269677639008e-02,5.194155499339103699e-03,2.596492180600762367e-03,2.535087289288640022e-03,3.207317087799310684e-03,1.598661881871521473e-03,2.043289598077535629e-03,7.670831400901079178e-03,1.591667649336159229e-03,2.550718141719698906e-03,2.641950733959674835e-03,2.169606974348425865e-03,3.401972120627760887e-03,4.814166575670242310e-03,2.175805624574422836e-03,2.138492185622453690e-03,5.746041424572467804e-03,1.657046377658843994e-03,2.680408069863915443e-03,6.996069103479385376e-03,8.256345055997371674e-03,1.172340475022792816e-03,1.534611918032169342e-03,7.767251692712306976e-03,2.786496188491582870e-03,4.598366562277078629e-03,2.674538409337401390e-03,1.898319809697568417e-03,2.513637300580739975e-03,2.315193181857466698e-03,5.025680642575025558e-03,2.014185767620801926e-03,2.779647707939147949e-03,1.490731257945299149e-03,2.189842052757740021e-03,4.521575756371021271e-03,2.540721790865063667e-03,4.731868859380483627e-03
9.089279919862747192e-03,4.990838933736085892e-03,8.326701819896697998e-03,2.094123139977455139e-02,7.168959826231002808e-03,8.799917995929718018e-03,4.951713141053915024e-03,1.112304851412773132e-01,5.895677581429481506e-02,3.172610700130462646e-02,2.562128193676471710e-02,3.484426736831665039e-01,7.569592595100402832e-01,1.333326101303100586e-01,9.376710653305053711e-02,1.366786845028400421e-02,4.533830657601356506e-02,2.816576324403285980e-02,2.183522097766399384e-02,1.589768528938293457e-01,7.005486637353897095e-03,5.325679201632738113e-03,6.942920852452516556e-03,2.892140066251158714e-03,8.278066292405128479e-03,2.114189788699150085e-03,2.501896582543849945e-03,3.623203607276082039e-03,3.004404483363032341e-03,2.369700465351343155e-03,2.672174712643027306e-03,2.955170115455985069e-03,3.009686712175607681e-03,2.113137859851121902e-03,3.265625098720192909e-03,3.060127375647425652e-03,3.333141095936298370e-03,2.284071873873472214e-03,1.658264896832406521e-03,2.350717782974243164e-03,4.225227050483226776e-03,2.221206668764352798e-03,1.604555174708366394e-03,2.192630898207426071e-03,2.499075373634696007e-03,2.730935579165816307e-03,2.077036071568727493e-03,1.666095224209129810e-03,1.885957317426800728e-03,2.078169258311390877e-03,2.227658173069357872e-03,1.612866180948913097e-03,1.552574336528778076e-03,2.258914289996027946e-03,1.751882024109363556e-03,1.996285980567336082e-03,2.798273926600813866e-03,1.632663188502192497e-03,2.312515163794159889e-03
3.900017356500029564e-03,2.224372886121273041e-02,2.726703323423862457e-02,1.556593179702758789e-01,2.515998110175132751e-02,5.239865928888320923e-02,1.246980670839548111e-02,7.687761634588241577e-02,1.167165394872426987e-02,2.562128193676471710e-02,1.127884490415453911e-03,3.370437771081924438e-02,1.266463696956634521e-01,3.100796341896057129e-01,1.342916395515203476e-02,4.002001881599426270e-02,1.033157017081975937e-02,1.380933262407779694e-02,1.450021117925643921e-01,1.753978617489337921e-02,1.839219592511653900e-02,5.084893200546503067e-03,2.878328785300254822e-03,6.224135402590036392e-03,7.371280808001756668e-03,3.781190840527415276e-03,1.555883442051708698e-03,3.292351728305220604e-03,2.676005242392420769e-03,3.423590445891022682e-03,1.917031127959489822e-03,2.098856028169393539e-03,2.482406562194228172e-03,1.454007462598383427e-03,7.017867173999547958e-03,3.310367232188582420e-03,5.068241152912378311e-03,2.873922698199748993e-03,2.146227052435278893e-03,6.422927603125572205e-03,5.052710417658090591e-03,2.074583666399121284e-03,2.556661143898963928e-03,5.330400075763463974e-03,5.479713436216115952e-03,3.201392246410250664e-03,1.450076932087540627e-03,1.935513573698699474e-03,4.185243975371122360e-03,2.097969409078359604e-03,2.166301943361759186e-03,1.940421992912888527e-03,8.833328029140830040e-04,2.745643258094787598e-03,1.680067391134798527e-03,4.244172014296054840e-03,2.060903934761881828e-03,1.356138964183628559e-03,2.565322909504175186e-03
6.875413935631513596e-03,4.030674230307340622e-03,3.691742662340402603e-03,6.323064677417278290e-03,4.181578755378723145e-03,1.529275532811880112e-02,4.441865719854831696e-03,6.185279693454504013e-03,2.688235044479370117e-02,3.484426736831665039e-01,3.370437771081924438e-02,2.389524690806865692e-02,1.151495892554521561e-02,4.255942627787590027e-02,1.730357408523559570e-01,8.034605532884597778e-03,9.247774630784988403e-02,1.711269468069076538e-02,6.403021514415740967e-02,5.682237446308135986e-02,4.730626568198204041e-02,1.627273485064506531e-02,1.211661379784345627e-02,6.164692807942628860e-03,9.606661275029182434e-03,5.344028584659099579e-03,2.674005459994077682e-03,6.583518814295530319e-03,6.811865605413913727e-03,2.223146613687276840e-03,2.243144437670707703e-03,3.915301524102687836e-03,3.552287817001342773e-03,2.858160063624382019e-03,5.105097312480211258e-03,2.728483406826853752e-03,1.582085969857871532e-03,3.161966567859053612e-03,1.732049859128892422e-03,2.276481362059712410e-03,5.110108759254217148e-03,4.725773818790912628e-03,2.274524187669157982e-03,1.630997518077492714e-03,5.781586281955242157e-03,3.996685147285461426e-03,4.780997522175312042e-03,1.963803311809897423e-03,1.722022774629294872e-03,1.723754103295505047e-03,2.494677668437361717e-03,4.025123082101345062e-03,1.256983610801398754e-03,3.470385447144508362e-03,1.563656143844127655e-03,2.623188076540827751e-03,3.890525782480835915e-03,2.305892994627356529e-03,3.578027244657278061e-03
3.700865199789404869e-03,9.571288712322711945e-03,7.533014751970767975e-03,6.986730266362428665e-03,4.279063548892736435e-03,8.915633894503116608e-03,1.953235268592834473e-02,1.519128866493701935e-02,3.738010302186012268e-03,7.569592595100402832e-01,1.266463696956634521e-01,1.151495892554521561e-02,6.537868757732212543e-04,1.122189611196517944e-01,2.122168987989425659e-02,5.693375691771507263e-02,2.515249699354171753e-02,1.168238073587417603e-01,3.229087218642234802e-02,1.821948774158954620e-02,2.572761476039886475e-02,1.274453382939100266e-02,3.687651827931404114e-02,6.459797732532024384e-03,8.778417855501174927e-02,1.170623581856489182e-02,2.996422117576003075e-03,7.081153802573680878e-03,7.638630922883749008e-03,4.760636948049068451e-03,3.867461578920483589e-03,4.243662115186452866e-03,2.007403410971164703e-03,1.333080464974045753e-03,3.001302247866988182e-03,5.091130267828702927e-03,3.242971841245889664e-03,2.945799846202135086e-03,1.628523925319314003e-03,2.685332903638482094e-03,1.752873184159398079e-03,1.201222301460802555e-03,1.382048241794109344e-03,2.941412385553121567e-03,3.572190413251519203e-03,2.403576625511050224e-03,1.526265870779752731e-03,1.815311959944665432e-03,1.734785153530538082e-03,2.140043303370475769e-03,1.660914742387831211e-03,1.669106190092861652e-03,2.371930051594972610e-03,6.525704637169837952e-03,2.342135878279805183e-03,3.566911211237311363e-03,2.170733641833066940e-03,2.160524250939488411e-03,2.526879543438553810e-03
4.810510668903589249e-03,1.480123214423656464e-02,7.463525515049695969e-03,2.206968888640403748e-02,6.005679257214069366e-03,1.627435348927974701e-02,5.849965848028659821e-03,8.083404973149299622e-03,5.597858689725399017e-03,1.333326101303100586e-01,3.100796341896057129e-01,4.255942627787590027e-02,1.122189611196517944e-01,2.117296680808067322e-03,5.687015503644943237e-02,2.444175258278846741e-02,1.013024430721998215e-02,1.751036196947097778e-02,3.081979975104331970e-02,1.539186853915452957e-02,7.929136976599693298e-03,9.381088428199291229e-03,8.698632940649986267e-03,6.997676100581884384e-03,1.474581193178892136e-02,6.311256438493728638e-03,4.587769042700529099e-03,5.200336221605539322e-03,4.856163635849952698e-03,4.753234796226024628e-03,2.914933487772941589e-03,3.866896033287048340e-03,8.139066398143768311e-03,4.698256030678749084e-03,4.941620398312807083e-03,2.923872321844100952e-03,6.604928057640790939e-03,4.632711876183748245e-03,1.813338021747767925e-03,2.305237110704183578e-03,2.208710415288805962e-03,2.841566456481814384e-03,2.232367871329188347e-03,3.082638373598456383e-03,4.380826372653245926e-03,4.568301141262054443e-03,1.962992362678050995e-03,1.685284310951828957e-03,2.133630681782960892e-03,2.053986070677638054e-03,2.020593965426087379e-03,3.160268533974885941e-03,2.551797078922390938e-03,2.109146909788250923e-03,2.095937728881835938e-03,2.615622710436582565e-03,2.894642530009150505e-03,2.404393395408987999e-03,5.642922595143318176e-03
3.315095324069261551e-03,3.116810927167534828e-03,6.108139641582965851e-03,6.611965131014585495e-03,3.992936108261346817e-03,1.053091511130332947e-02,8.286585099995136261e-03,1.312602031975984573e-02,3.677087649703025818e-02,9.376710653305053711e-02,1.342916395515203476e-02,1.730357408523559570e-01,2.122168987989425659e-02,5.687015503644943237e-02,3.150359494611620903e-03,3.745617717504501343e-02,1.293499320745468140e-01,3.021937981247901917e-02,5.148332100361585617e-03,2.549151331186294556e-02,9.431173652410507202e-02,1.431865897029638290e-02,3.543426468968391418e-02,5.567975807934999466e-03,8.160755969583988190e-03,3.406480653211474419e-03,3.594255074858665466e-03,5.722720641642808914e-03,8.578033186495304108e-03,3.896174952387809753e-03,4.726132377982139587e-03,2.756583970040082932e-03,3.187306690961122513e-03,7.229792419821023941e-03,7.007185835391283035e-03,1.987837487831711769e-03,3.201349638402462006e-03,6.699460558593273163e-03,2.172151114791631699e-03,2.480925060808658600e-03,6.036860402673482895e-03,5.661961622536182404e-03,2.530117053538560867e-03,4.786350764334201813e-03,9.270316921174526215e-03,2.959713106974959373e-03,2.805285388603806496e-03,1.644718809984624386e-03,1.864666934125125408e-03,1.544671249575912952e-03,1.851853332482278347e-03,2.607539528980851173e-03,1.048249541781842709e-03,3.033728105947375298e-03,1.538589596748352051e-03,2.668158384039998055e-03,4.007616080343723297e-03,1.412657671608030796e-03,1.883294316940009594e-03
6.564898882061243057e-03,1.138011086732149124e-02,4.783185198903083801e-03,3.990170080214738846e-03,4.043200984597206116e-03,1.502165384590625763e-02,7.191353477537631989e-03,6.180597469210624695e-03,7.435298524796962738e-03,1.366786845028400421e-02,4.002001881599426270e-02,8.034605532884597778e-03,5.693375691771507263e-02,2.444175258278846741e-02,3.745617717504501343e-02,5.880312528461217880e-04,5.945309065282344818e-03,9.278827309608459473e-01,1.940391808748245239e-01,1.006294600665569305e-02,3.170285373926162720e-02,3.626727685332298279e-02,3.753177355974912643e-03,2.097208797931671143e-02,3.554874658584594727e-02,1.731811836361885071e-02,1.932310685515403748e-02,5.585640668869018555e-03,5.125277210026979446e-03,5.553210154175758362e-03,2.849274082109332085e-03,7.119712419807910919e-03,3.424972062930464745e-03,1.098873442970216274e-03,3.026627469807863235e-03,2.968375338241457939e-03,4.324373789131641388e-03,1.531587098725140095e-03,3.656876040622591972e-03,2.824730239808559418e-03,1.934175495989620686e-03,1.654289430007338524e-03,3.607342718169093132e-03,4.578640684485435486e-03,4.837743006646633148e-03,5.125160794705152512e-03,1.516414340585470200e-03,2.749172039330005646e-03,2.200669143348932266e-03,1.500696991570293903e-03,1.359781483188271523e-03,1.003055600449442863e-03,2.832719590514898300e-03,3.797425422817468643e-03,2.804826712235808372e-03,7.985157892107963562e-03,3.161733737215399742e-03,7.608964806422591209e-04,5.411805585026741028e-03
2.836405765265226364e-03,1.841854420490562916e-03,2.415149938315153122e-03,2.917724661529064178e-03,2.674636198207736015e-03,1.087896246463060379e-02,5.234817508608102798e-03,3.554955823346972466e-03,6.578505039215087891e-02,4.533830657601356506e-02,1.033157017081975937e-02,9.247774630784988403e-02,2.515249699354171753e-02,1.013024430721998215e-02,1.293499320745468140e-01,5.945309065282344818e-03,1.790173538029193878e-02,7.945282384753227234e-03,3.257700055837631226e-02,1.867957860231399536e-01,2.743920981884002686e-01,1.990251056849956512e-02,1.022029761224985123e-02,1.184880454093217850e-02,1.158132590353488922e-02,3.388275625184178352e-03,5.868208594620227814e-03,3.863417077809572220e-03,1.980700530111789703e-02,5.874351132661104202e-03,4.129388835281133652e-03,2.730443375185132027e-03,6.207696162164211273e-03,4.984927363693714142e-03,9.003143757581710815e-03,1.860669697634875774e-03,3.552257781848311424e-03,1.400710921734571457e-02,1.799518242478370667e-03,1.330359955318272114e-03,5.080916453152894974e-03,4.677744582295417786e-03,1.403829897753894329e-03,1.983933616429567337e-03,4.813344217836856842e-03,3.521563718095421791e-03,6.074801087379455566e-03,2.552025020122528076e-03,2.006880007684230804e-03,1.419099629856646061e-03,2.989627653732895851e-03,3.235152922570705414e-03,1.737250946462154388e-03,3.745294408872723579e-03,1.779576996341347694e-03,1.971716294065117836e-03,6.397407501935958862e-03,2.036121673882007599e-03,3.423598827794194221e-03
8.351721800863742828e-03,6.817455869168043137e-03,7.843177765607833862e-03,9.894904680550098419e-03,7.840643636882305145e-03,1.889255642890930176e-02,2.264181524515151978e-02,5.433345213532447815e-03,1.352570112794637680e-02,2.816576324403285980e-02,1.380933262407779694e-02,1.711269468069076538e-02,1.168238073587417603e-01,1.751036196947097778e-02,3.021937981247901917e-02,9.278827309608459473e-01,7.945282384753227234e-03,2.024825429543852806e-03,1.046134084463119507e-01,1.696836948394775391e-01,4.698462039232254028e-02,7.616422139108181000e-03,5.027354694902896881e-03,2.957307361066341400e-02,2.854401990771293640e-02,5.090898368507623672e-03,9.401547722518444061e-03,4.530343227088451385e-03,6.784493103623390198e-03,3.391765290871262550e-03,2.405648119747638702e-03,3.417847445234656334e-03,4.423663020133972168e-03,1.512172864750027657e-03,4.074910655617713928e-03,2.897553611546754837e-03,4.029533825814723969e-03,3.152435412630438805e-03,1.442326698452234268e-03,1.913557061925530434e-03,3.150452394038438797e-03,1.303721568547189236e-03,1.810382585972547531e-03,5.283355712890625000e-03,2.369116526097059250e-03,2.407238120213150978e-03,1.934245578013360500e-03,1.585534191690385342e-03,2.007939387112855911e-03,1.867967774160206318e-03,2.044067718088626862e-03,1.424018526449799538e-03,1.443257555365562439e-03,2.582862740382552147e-03,2.177963033318519592e-03,3.051906358450651169e-03,2.027954440563917160e-03,9.830985218286514282e-04,3.059605369344353676e-03
5.002903752028942108e-03,3.465505782514810562e-03,2.650670707225799561e-03,7.890200242400169373e-03,4.161562304943799973e-03,1.025690510869026184e-02,4.975822754204273224e-03,5.250944755971431732e-03,3.127898648381233215e-02,2.183522097766399384e-02,1.450021117925643921e-01,6.403021514415740967e-02,3.229087218642234802e-02,3.081979975104331970e-02,5.148332100361585617e-03,1.940391808748245239e-01,3.257700055837631226e-02,1.046134084463119507e-01,2.600382547825574875e-03,6.236283853650093079e-02,1.396728754043579102e-01,4.261028394103050232e-02,2.260694513097405434e-03,1.622773124836385250e-03,1.364306663163006306e-03,1.542921876534819603e-03,7.421376183629035950e-03,4.423293750733137131e-03,6.049850024282932281e-03,6.042488384991884232e-03,2.380246995016932487e-03,1.113261189311742783e-02,7.469992619007825851e-03,1.042254269123077393e-02,1.892309077084064484e-02,9.211632423102855682e-03,2.542423084378242493e-02,9.411904960870742798e-03,3.422004636377096176e-03,4.534127190709114075e-03,1.024306472390890121e-02,5.003656260669231415e-03,2.310672076418995857e-03,5.588210187852382660e-03,6.007606629282236099e-03,2.611692296341061592e-03,1.209258451126515865e-03,1.264791702851653099e-03,2.149822656065225601e-03,1.019282848574221134e-03,1.831845846027135849e-03,1.335585839115083218e-03,1.371211139485239983e-03,1.723057590425014496e-03,1.327504520304501057e-03,1.835334114730358124e-03,1.759634469635784626e-03,9.936194401234388351e-04,2.592417877167463303e-03
2.119519282132387161e-03,2.120075048878788948e-03,3.456276375800371170e-03,2.786459168419241905e-03,2.567788586020469666e-03,6.065083201974630356e-03,6.254006642848253250e-03,5.426176358014345169e-03,2.932861261069774628e-02,1.589768528938293457e-01,1.753978617489337921e-02,5.682237446308135986e-02,1.821948774158954620e-02,1.539186853915452957e-02,2.549151331186294556e-02,1.006294600665569305e-02,1.867957860231399536e-01,1.696836948394775391e-01,6.236283853650093079e-02,7.346284389495849609e-02,4.184583202004432678e-02,6.223274767398834229e-02,6.626401096582412720e-03,1.086172554641962051e-02,1.276762969791889191e-02,5.954850465059280396e-03,2.031579054892063141e-02,5.980667658150196075e-03,3.068489767611026764e-02,7.635819260030984879e-03,3.638485446572303772e-03,4.166147205978631973e-03,5.769527982920408249e-03,4.904419183731079102e-03,7.626902777701616287e-03,2.159252995625138283e-03,3.236337099224328995e-03,1.146474853157997131e-02,1.364764757454395294e-03,1.213761861436069012e-03,4.828243516385555267e-03,2.511819358915090561e-03,1.075416221283376217e-03,1.085536787286400795e-03,6.524888332933187485e-03,2.634501550346612930e-03,2.586502814665436745e-03,1.680394401773810387e-03,1.432510674931108952e-03,7.258086698129773140e-04,3.420291235670447350e-03,1.679276581853628159e-03,1.235193689353764057e-03,2.771788043901324272e-03,1.286973943933844566e-03,1.908521167933940887e-03,3.454724792391061783e-03,1.893290667794644833e-03,3.333689412102103233e-03
1.803459832444787025e-03,2.572390949353575706e-03,1.721733482554554939e-03,3.144805552437901497e-03,2.258161082863807678e-03,5.141127854585647583e-03,6.730361375957727432e-03,3.629426239058375359e-03,2.148168906569480896e-02,7.005486637353897095e-03,1.839219592511653900e-02,4.730626568198204041e-02,2.572761476039886475e-02,7.929136976599693298e-03,9.431173652410507202e-02,3.170285373926162720e-02,2.743920981884002686e-01,4.698462039232254028e-02,1.396728754043579102e-01,4.184583202004432678e-02,1.415731734596192837e-03,1.357721351087093353e-02,9.964156895875930786e-03,9.384468430653214455e-04,3.502737730741500854e-03,6.011528312228620052e-04,7.444964721798896790e-03,9.022525511682033539e-03,6.113545596599578857e-02,1.290986500680446625e-02,6.612526252865791321e-03,1.074912305921316147e-02,9.277874603867530823e-03,1.346648856997489929e-02,4.219008237123489380e-02,5.354567896574735641e-03,5.089244339615106583e-03,4.208401963114738464e-02,4.517205525189638138e-03,3.272576490417122841e-03,1.881453767418861389e-02,7.186098955571651459e-03,2.063267864286899567e-03,2.210394479334354401e-03,6.108773406594991684e-03,3.040863666683435440e-03,2.202684525400400162e-03,2.092174254357814789e-03,1.717831008136272430e-03,9.113011765293776989e-04,3.774861339479684830e-03,2.966476371511816978e-03,1.404552604071795940e-03,2.154334215447306633e-03,1.543151680380105972e-03,1.597395166754722595e-03,1.872893422842025757e-03,1.726061338558793068e-03,1.915708533488214016e-03
2.215553540736436844e-03,1.916819368489086628e-03,2.728500403463840485e-03,1.558964955620467663e-03,2.515846397727727890e-03,6.307741161435842514e-03,3.944539465010166168e-03,3.748510731384158134e-03,1.081160269677639008e-02,5.325679201632738113e-03,5.084893200546503067e-03,1.627273485064506531e-02,1.274453382939100266e-02,9.381088428199291229e-03,1.431865897029638290e-02,3.626727685332298279e-02,1.990251056849956512e-02,7.616422139108181000e-03,4.261028394103050232e-02,6.223274767398834229e-02,1.357721351087093353e-02,5.087209399789571762e-03,6.805584579706192017e-02,1.083088573068380356e-02,2.132705785334110260e-02,3.518168814480304718e-03,4.724458605051040649e-02,9.960310906171798706e-02,8.862076699733734131e-02,1.108965128660202026e-01,2.809104509651660919e-02,8.223745040595531464e-03,4.575769975781440735e-02,5.423210095614194870e-03,1.575637608766555786e-02,2.376700984314084053e-03,2.827623160555958748e-03,8.236194960772991180e-03,2.905336674302816391e-03,1.652423990890383720e-03,5.560822784900665283e-03,3.844442777335643768e-03,1.572327455505728722e-03,2.006235532462596893e-03,2.513208193704485893e-03,3.066330682486295700e-03,2.505110576748847961e-03,1.699250540696084499e-03,1.618037465959787369e-03,8.114970405586063862e-04,2.068311674520373344e-03,2.813226776197552681e-03,1.352956402115523815e-03,3.069556783884763718e-03,1.936792512424290180e-03,2.525431802496314049e-03,6.279854103922843933e-03,1.762762200087308884e-03,3.687224118039011955e-03
1.360835274681448936e-03,1.815479714423418045e-03,1.182710169814527035e-03,1.360372174531221390e-03,2.735258312895894051e-03,3.553344635292887688e-03,6.550426129251718521e-03,3.785119624808430672e-03,5.194155499339103699e-03,6.942920852452516556e-03,2.878328785300254822e-03,1.211661379784345627e-02,3.687651827931404114e-02,8.698632940649986267e-03,3.543426468968391418e-02,3.753177355974912643e-03,1.022029761224985123e-02,5.027354694902896881e-03,2.260694513097405434e-03,6.626401096582412720e-03,9.964156895875930786e-03,6.805584579706192017e-02,3.798986319452524185e-03,3.392015118151903152e-03,4.757161065936088562e-02,2.774638822302222252e-03,1.524688154458999634e-01,1.936041712760925293e-01,7.339538931846618652e-01,5.105732753872871399e-02,6.025377660989761353e-02,1.172721292823553085e-02,3.313139826059341431e-02,2.658833004534244537e-02,1.251695305109024048e-02,4.012838471680879593e-03,6.569970399141311646e-03,1.392488460987806320e-02,5.723163485527038574e-03,2.515432424843311310e-03,8.850416168570518494e-03,4.262004978954792023e-03,1.530990004539489746e-03,3.679021028801798820e-03,2.337843645364046097e-03,3.219804959371685982e-03,2.086642198264598846e-03,1.306262216530740261e-03,1.624125754460692406e-03,1.076058251783251762e-03,2.391716232523322105e-03,4.186362493783235550e-03,1.586999162100255489e-03,3.450206713750958443e-03,2.137461677193641663e-03,2.034880919381976128e-03,3.371026366949081421e-03,2.557603875175118446e-03,2.370594535022974014e-03
3.647329751402139664e-03,3.027081023901700974e-03,4.115438554435968399e-03,2.651063026860356331e-03,1.366112031973898411e-03,5.587993189692497253e-03,2.594127086922526360e-03,3.290541935712099075e-03,2.596492180600762367e-03,2.892140066251158714e-03,6.224135402590036392e-03,6.164692807942628860e-03,6.459797732532024384e-03,6.997676100581884384e-03,5.567975807934999466e-03,2.097208797931671143e-02,1.184880454093217850e-02,2.957307361066341400e-02,1.622773124836385250e-03,1.086172554641962051e-02,9.384468430653214455e-04,1.083088573068380356e-02,3.392015118151903152e-03,2.673440845683217049e-03,1.437428779900074005e-02,2.856651246547698975e-01,9.939117431640625000e-01,2.776203155517578125e-01,6.665159016847610474e-02,9.850356727838516235e-02,4.312451183795928955e-02,1.620844379067420959e-02,2.975984476506710052e-02,4.735818598419427872e-03,4.424415063112974167e-03,5.622360389679670334e-03,3.226212924346327782e-03,1.660655252635478973e-03,1.632392639294266701e-03,2.526009688153862953e-03,1.710575190372765064e-03,2.461656695231795311e-03,2.231302903965115547e-03,2.918522572144865990e-03,7.074331864714622498e-03,3.466769354417920113e-03,2.414388582110404968e-03,3.819906618446111679e-03,4.065246786922216415e-03,1.740130246616899967e-03,3.427453339099884033e-03,1.898365211673080921e-03,1.445376314222812653e-03,2.667893189936876297e-03,3.029439132660627365e-03,5.256798584014177322e-03,4.618226550519466400e-03,2.359245438128709793e-03,2.729353029280900955e-03
3.308236133307218552e-03,2.659184625372290611e-03,4.142443649470806122e-03,2.668427303433418274e-03,3.141614142805337906e-03,6.718418095260858536e-03,5.747199524194002151e-03,2.056131372228264809e-03,2.535087289288640022e-03,8.278066292405128479e-03,7.371280808001756668e-03,9.606661275029182434e-03,8.778417855501174927e-02,1.474581193178892136e-02,8.160755969583988190e-03,3.554874658584594727e-02,1.158132590353488922e-02,2.854401990771293640e-02,1.364306663163006306e-03,1.276762969791889191e-02,3.502737730741500854e-03,2.132705785334110260e-02,4.757161065936088562e-02,1.437428779900074005e-02,1.897286623716354370e-03,1.022263020277023315e-01,3.633973300457000732e-01,8.214490860700607300e-02,2.694371528923511505e-02,8.023895323276519775e-02,1.537112891674041748e-02,2.374963089823722839e-02,1.443366892635822296e-02,5.154979880899190903e-03,8.444113656878471375e-03,4.907985217869281769e-03,3.630784107372164726e-03,1.773110474459826946e-03,4.004712682217359543e-03,3.701072884723544121e-03,3.895203815773129463e-03,1.331692095845937729e-03,1.745571615174412727e-03,4.264979157596826553e-03,3.055025590583682060e-03,3.503476735204458237e-03,1.886349753476679325e-03,2.123708836734294891e-03,2.513754414394497871e-03,2.758950926363468170e-03,2.071500988677144051e-03,1.386352232657372952e-03,1.619086833670735359e-03,2.963182516396045685e-03,2.249721670523285866e-03,2.815500600263476372e-03,3.692686092108488083e-03,2.654824173077940941e-03,4.165219608694314957e-03
6.676620803773403168e-03,8.476951159536838531e-03,5.419293884187936783e-03,2.667116932570934296e-03,3.383556380867958069e-03,6.474762223660945892e-03,7.534512318670749664e-03,5.154871847480535507e-03,3.207317087799310684e-03,2.114189788699150085e-03,3.781190840527415276e-03,5.344028584659099579e-03,1.170623581856489182e-02,6.311256438493728638e-03,3.406480653211474419e-03,1.731811836361885071e-02,3.388275625184178352e-03,5.090898368507623672e-03,1.542921876534819603e-03,5.954850465059280396e-03,6.011528312228620052e-04,3.518168814480304718e-03,2.774638822302222252e-03,2.856651246547698975e-01,1.022263020277023315e-01,1.804978237487375736e-03,9.746646136045455933e-02,4.447774291038513184e-01,9.851535782217979431e-03,1.883803308010101318e-01,9.195957332849502563e-03,1.007192768156528473e-02,2.803640998899936676e-02,2.474811859428882599e-03,3.409587079659104347e-03,1.522751431912183762e-02,4.664859268814325333e-03,1.864280086010694504e-03,4.787283949553966522e-03,7.296924479305744171e-03,2.820415189489722252e-03,1.128828735090792179e-03,3.431726712733507156e-03,4.570667631924152374e-03,1.762630534358322620e-03,5.027805455029010773e-03,2.228118246421217918e-03,9.086234495043754578e-03,5.147883202880620956e-03,8.539981208741664886e-03,6.283122114837169647e-03,1.850570319220423698e-03,3.504419000819325447e-03,5.993059370666742325e-03,7.916839793324470520e-03,6.295525468885898590e-03,5.851469468325376511e-03,3.837473224848508835e-03,8.109387010335922241e-03
3.457227954640984535e-03,2.789915539324283600e-03,2.613863209262490273e-03,2.587175695225596428e-03,2.715371316298842430e-03,2.578548388555645943e-03,1.296486472710967064e-03,2.169362502172589302e-03,1.598661881871521473e-03,2.501896582543849945e-03,1.555883442051708698e-03,2.674005459994077682e-03,2.996422117576003075e-03,4.587769042700529099e-03,3.594255074858665466e-03,1.932310685515403748e-02,5.868208594620227814e-03,9.401547722518444061e-03,7.421376183629035950e-03,2.031579054892063141e-02,7.444964721798896790e-03,4.724458605051040649e-02,1.524688154458999634e-01,9.939117431640625000e-01,3.633973300457000732e-01,9.746646136045455933e-02,6.296163192018866539e-04,8.284217864274978638e-02,1.381178013980388641e-02,7.708431035280227661e-02,2.060365676879882812e-02,1.342694647610187531e-02,1.109469458460807800e-01,5.783497355878353119e-03,2.098001074045896530e-03,6.638930179178714752e-03,4.620175808668136597e-03,1.409968361258506775e-03,3.211147151887416840e-03,2.033153083175420761e-03,2.680846722796559334e-03,2.057613339275121689e-03,4.883789923042058945e-03,4.923863336443901062e-03,4.076968412846326828e-03,2.883050125092267990e-03,1.630944665521383286e-03,3.242369275540113449e-03,1.342077972367405891e-03,3.843429032713174820e-03,2.791684586554765701e-03,1.792111550457775593e-03,1.836958690546452999e-03,2.917727455496788025e-03,3.224326064810156822e-03,5.630249157547950745e-03,2.616242272779345512e-03,2.733591478317975998e-03,4.580199252814054489e-03
