1.761845313012599945e-03,2.027595415711402893e-02,6.213443875312805176e-01,9.435822814702987671e-02,1.350769102573394775e-01,8.557946421205997467e-03,1.209924817085266113e-01,6.607655435800552368e-02,1.716031134128570557e-02,8.227156475186347961e-03,7.723323535174131393e-03,6.417054217308759689e-03,5.334542598575353622e-03,7.605153135955333710e-03,5.278433673083782196e-03,5.170897115021944046e-03,4.046176560223102570e-03,7.303158286958932877e-03,3.311079926788806915e-03,2.489558188244700432e-03,3.156353486701846123e-03,1.923299045301973820e-03,1.587636885233223438e-03,3.384584095329046249e-03,2.246422227472066879e-03,6.464092992246150970e-03,3.671912476420402527e-03,2.873084042221307755e-03,2.100824378430843353e-03,2.606753259897232056e-03,4.441323690116405487e-03,4.590694326907396317e-03,3.933749627321958542e-03,2.962355501949787140e-03,6.397765129804611206e-03,7.503014057874679565e-03,6.621518172323703766e-03,3.761609317734837532e-03,2.195531968027353287e-03,8.684750646352767944e-03,3.931080456823110580e-03,2.256685169413685799e-03,5.058306269347667694e-03,1.091826427727937698e-02,3.500325139611959457e-03,3.032173728570342064e-03,3.444772679358720779e-03,4.471566993743181229e-03,5.566450301557779312e-03,5.923733115196228027e-03,7.346365600824356079e-03,6.015276536345481873e-03,4.322368651628494263e-03,4.387978464365005493e-03,6.179349496960639954e-03,2.301980368793010712e-02,5.445973016321659088e-03,3.194183111190795898e-03,4.610320553183555603e-03
2.027595415711402893e-02,1.439793780446052551e-02,5.156157016754150391e-01,2.568774521350860596e-01,9.219318628311157227e-02,5.781982839107513428e-02,3.289408981800079346e-02,2.462553232908248901e-01,1.194700691848993301e-02,4.230566788464784622e-03,1.569079421460628510e-02,5.069530569016933441e-03,1.031247526407241821e-02,9.437248110771179199e-03,2.430712804198265076e-03,3.693579463288187981e-03,3.379283472895622253e-03,2.998757874593138695e-03,2.391509246081113815e-03,1.925027114339172840e-03,2.228326164186000824e-03,1.104869064874947071e-03,1.676403568126261234e-03,2.775992732495069504e-03,3.176447702571749687e-03,5.810856353491544724e-03,3.217216581106185913e-03,2.307901391759514809e-03,1.728979637846350670e-03,3.768871305510401726e-03,9.249366819858551025e-03,3.789539914578199387e-03,5.978045519441366196e-03,1.916982582770287991e-03,5.942511372268199921e-03,1.481983624398708344e-02,1.547305099666118622e-02,2.437515184283256531e-03,6.741029676049947739e-03,1.059328950941562653e-02,3.706319490447640419e-03,1.525428961031138897e-03,4.331592470407485962e-03,1.214367989450693130e-02,5.288909655064344406e-03,4.173513036221265793e-03,1.775547978468239307e-03,2.572199795395135880e-03,2.112606074661016464e-03,7.670987397432327271e-03,2.734033390879631042e-03,2.855214290320873260e-03,3.449439536780118942e-03,3.031956031918525696e-03,4.083905834704637527e-03,1.373402494937181473e-02,4.616552498191595078e-03,4.105017986148595810e-03,1.116563659161329269e-02
6.213443875312805176e-01,5.156157016754150391e-01,1.978100389242172241e-01,2.004460543394088745e-01,8.846492767333984375e-01,1.393740251660346985e-02,2.522339113056659698e-02,3.326819837093353271e-01,1.969289965927600861e-02,4.065165296196937561e-03,7.592126261442899704e-03,6.600477732717990875e-03,6.676121614873409271e-03,5.337172187864780426e-03,4.215885885059833527e-03,2.787820296362042427e-03,3.893231740221381187e-03,4.516204819083213806e-03,2.021437510848045349e-03,2.399235730990767479e-03,2.680027158930897713e-03,2.452913671731948853e-03,1.202721032314002514e-03,2.481854055076837540e-03,4.109373316168785095e-03,6.403872743248939514e-03,3.009459236636757851e-03,3.598940325900912285e-03,1.509708934463560581e-03,2.410535933449864388e-03,1.745201065205037594e-03,3.544786479324102402e-03,2.888648305088281631e-03,1.838124589994549751e-03,3.982118796557188034e-03,8.580043911933898926e-03,5.380447488278150558e-03,1.709322561509907246e-03,2.129617379978299141e-03,6.158742122352123260e-03,1.732742413878440857e-03,1.535512274131178856e-03,2.544427290558815002e-03,1.019949931651353836e-02,1.504074665717780590e-03,2.888784278184175491e-03,1.713974052108824253e-03,2.384087303653359413e-03,3.808716544881463051e-03,6.097244564443826675e-03,1.987869851291179657e-03,2.295936224982142448e-03,2.586321905255317688e-03,5.183502566069364548e-03,1.098754908889532089e-02,8.899826556444168091e-03,3.433339763432741165e-03,3.112067701295018196e-03,5.657748784869909286e-03
9.435822814702987671e-02,2.568774521350860596e-01,2.004460543394088745e-01,1.301141381263732910e-01,9.549870491027832031e-01,2.525979466736316681e-02,1.030674651265144348e-01,9.993615746498107910e-01,6.339236497879028320e-01,9.215597994625568390e-03,1.732607930898666382e-02,5.924924276769161224e-03,4.260708112269639969e-03,1.250111497938632965e-02,1.645458862185478210e-02,2.105559920892119408e-03,3.286715596914291382e-03,3.132698358967900276e-03,2.184093929827213287e-03,1.932078856043517590e-03,3.285756567493081093e-03,2.715765265747904778e-03,1.094142557121813297e-03,1.416835002601146698e-03,2.525298390537500381e-03,1.788184395991265774e-03,1.121889683417975903e-03,1.681924681179225445e-03,1.430168165825307369e-03,1.820040168240666389e-03,1.515561132691800594e-03,6.789991748519241810e-04,2.222598996013402939e-03,2.555154962465167046e-03,4.487085156142711639e-03,1.593190710991621017e-03,1.547883963212370872e-03,3.052950836718082428e-03,9.612971334718167782e-04,1.887783175334334373e-03,2.287881681695580482e-03,2.118386095389723778e-03,1.460597268305718899e-03,2.476204652339220047e-03,2.513589570298790932e-03,2.288751536980271339e-03,2.217938192188739777e-03,1.897077076137065887e-03,2.038197359070181847e-03,1.196576165966689587e-03,5.384197458624839783e-03,4.477119073271751404e-03,4.288578405976295471e-03,4.454626236110925674e-03,2.068946603685617447e-03,3.263533813878893852e-03,8.382038213312625885e-03,2.988141262903809547e-03,4.104965366423130035e-03
1.350769102573394775e-01,9.219318628311157227e-02,8.846492767333984375e-01,9.549870491027832031e-01,1.419531460851430893e-02,1.099656820297241211e-01,9.824618697166442871e-01,9.646130800247192383e-01,1.740943454205989838e-02,1.701662689447402954e-02,1.359447184950113297e-02,6.537505425512790680e-03,8.316800929605960846e-03,5.636333953589200974e-03,3.004356054589152336e-03,1.806324231438338757e-03,2.917164471000432968e-03,2.896205056458711624e-03,2.043321728706359863e-03,1.817812677472829819e-03,1.839797245338559151e-03,1.436008606106042862e-03,1.897900714538991451e-03,2.771066967397928238e-03,2.703192410990595818e-03,4.438370931893587112e-03,1.802597544156014919e-03,2.344576409086585045e-03,1.414981787092983723e-03,1.859209849499166012e-03,1.208699890412390232e-03,1.266586710698902607e-03,2.555141691118478775e-03,1.328280894085764885e-03,3.417379688471555710e-03,2.316479105502367020e-03,2.859205706045031548e-03,1.370144542306661606e-03,1.587602891959249973e-03,5.940359551459550858e-03,1.574202324263751507e-03,1.246327534317970276e-03,3.228564513847231865e-03,2.408072119578719139e-03,1.473931595683097839e-03,2.070234622806310654e-03,1.643312396481633186e-03,1.616829191334545612e-03,2.331012627109885216e-03,3.371489234268665314e-03,4.230641294270753860e-03,1.756819081492722034e-03,5.206546746194362640e-03,4.343763459473848343e-03,3.192860865965485573e-03,5.543712060898542404e-03,2.998668234795331955e-03,2.832315396517515182e-03,6.202230229973793030e-03
8.557946421205997467e-03,5.781982839107513428e-02,1.393740251660346985e-02,2.525979466736316681e-02,1.099656820297241211e-01,3.184038028120994568e-02,2.472482249140739441e-02,4.593829214572906494e-01,9.110065549612045288e-02,8.126703090965747833e-03,7.451888918876647949e-02,1.565335132181644440e-02,2.508586272597312927e-03,7.530270144343376160e-03,1.157351117581129074e-02,7.154360413551330566e-03,1.238182559609413147e-02,8.419977501034736633e-03,6.300583481788635254e-03,9.717819280922412872e-03,7.243571337312459946e-03,7.932678796350955963e-03,5.921835545450448990e-03,6.411829963326454163e-03,9.328859858214855194e-03,6.548279430717229843e-03,2.750049578025937080e-03,5.661714822053909302e-03,2.938389312475919724e-03,3.136724466457962990e-03,2.254359889775514603e-03,2.602305030450224876e-03,3.078757785260677338e-03,2.114486647769808769e-03,3.881226992234587669e-03,3.139701671898365021e-03,3.473974065855145454e-03,1.730381860397756100e-03,2.245479496195912361e-03,2.728993538767099380e-03,2.650798065587878227e-03,2.580509055405855179e-03,1.641979208216071129e-03,1.378071028739213943e-03,2.283994806930422783e-03,3.941391129046678543e-03,2.365057123824954033e-03,3.602168289944529533e-03,3.266145242378115654e-03,3.180135274305939674e-03,3.692084457725286484e-03,4.232608247548341751e-03,2.287610666826367378e-03,6.533715873956680298e-03,2.862878376618027687e-03,6.173279136419296265e-03,9.057505987584590912e-03,3.222970059141516685e-03,7.019734941422939301e-03
1.209924817085266113e-01,3.289408981800079346e-02,2.522339113056659698e-02,1.030674651265144348e-01,9.824618697166442871e-01,2.472482249140739441e-02,8.367580361664295197e-03,1.239484027028083801e-01,2.514141798019409180e-02,1.993005909025669098e-02,7.749217003583908081e-02,9.592014364898204803e-03,4.127508401870727539e-02,7.221223786473274231e-03,3.904943820089101791e-03,5.073784384876489639e-03,3.680992871522903442e-03,3.552190028131008148e-03,2.429222688078880310e-03,2.985907485708594322e-03,4.612301476299762726e-03,2.512161154299974442e-03,1.391347381286323071e-03,3.677404718473553658e-03,4.071866162121295929e-03,1.544439233839511871e-02,1.806519343517720699e-03,2.820884576067328453e-03,1.584156998433172703e-03,2.254485385492444038e-03,2.219871385022997856e-03,1.573178102262318134e-03,3.366714809089899063e-03,1.191783929243683815e-03,2.999124350026249886e-03,3.516627708449959755e-03,3.656980348750948906e-03,9.717178181745111942e-04,2.669013803824782372e-03,6.513726897537708282e-03,2.166717546060681343e-03,1.935502281412482262e-03,4.195664543658494949e-03,2.661705017089843750e-03,1.931620994582772255e-03,3.111740807071328163e-03,1.544554950669407845e-03,4.355794750154018402e-03,4.441601689904928207e-03,3.126563038676977158e-03,4.438244272023439407e-03,3.848061664029955864e-03,3.476834157481789589e-03,4.643084015697240829e-03,6.762021686881780624e-03,8.911274373531341553e-03,6.808382458984851837e-03,3.778013167902827263e-03,1.545620802789926529e-02
6.607655435800552368e-02,2.462553232908248901e-01,3.326819837093353271e-01,9.993615746498107910e-01,9.646130800247192383e-01,4.593829214572906494e-01,1.239484027028083801e-01,2.697099559009075165e-02,5.309435725212097168e-02,3.107916330918669701e-03,1.696567051112651825e-02,1.441776053979992867e-03,4.076583310961723328e-03,3.679167712107300758e-03,3.507277928292751312e-03,1.220036763697862625e-03,4.284941591322422028e-03,1.801059814170002937e-03,8.378599886782467365e-04,2.115249400958418846e-03,2.480888506397604942e-03,2.460849005728960037e-03,2.264564624056220055e-03,2.012330107390880585e-03,2.036292105913162231e-03,3.056164598092436790e-03,1.786509063094854355e-03,2.646171720698475838e-03,1.989700132980942726e-03,2.426964696496725082e-03,1.308015082031488419e-03,1.819544821046292782e-03,3.206853289157152176e-03,2.432659501209855080e-03,4.594761878252029419e-03,3.222784493118524551e-03,4.065667744725942612e-03,1.936930580995976925e-03,2.242862712591886520e-03,5.548635497689247131e-03,1.968873431906104088e-03,1.394396298564970493e-03,1.766352797858417034e-03,3.867705818265676498e-03,3.223548876121640205e-03,3.645153716206550598e-03,2.543830778449773788e-03,2.532492391765117645e-03,2.529078861698508263e-03,3.752348246052861214e-03,2.910821698606014252e-03,2.632726682350039482e-03,3.622724907472729683e-03,4.084095824509859085e-03,2.478451700881123543e-03,5.154106300324201584e-03,3.708933480083942413e-03,3.693554783239960670e-03,3.736192127689719200e-03
1.716031134128570557e-02,1.194700691848993301e-02,1.969289965927600861e-02,6.339236497879028320e-01,1.740943454205989838e-02,9.110065549612045288e-02,2.514141798019409180e-02,5.309435725212097168e-02,3.125701844692230225e-02,4.530714079737663269e-02,2.501716911792755127e-01,2.917138300836086273e-02,2.910157432779669762e-03,4.946591332554817200e-03,9.951971471309661865e-02,5.347928497940301895e-03,5.264290794730186462e-02,7.427033036947250366e-03,5.543814506381750107e-03,1.261138543486595154e-02,3.834339976310729980e-02,1.070102490484714508e-02,1.191095821559429169e-02,1.396716106683015823e-03,6.778824608772993088e-03,2.874540630728006363e-03,1.538662705570459366e-03,6.487114354968070984e-03,4.960369318723678589e-03,1.853880588896572590e-03,2.569341100752353668e-03,1.521776546724140644e-03,1.801720703952014446e-03,2.970100380480289459e-03,2.816192572936415672e-03,1.112304860725998878e-03,2.064297907054424286e-03,4.471605177968740463e-03,1.810624613426625729e-03,1.436298596672713757e-03,4.916301462799310684e-03,3.395667998120188713e-03,1.340277609415352345e-03,1.301400479860603809e-03,5.750077310949563980e-03,2.761603798717260361e-03,3.793581388890743256e-03,1.744088251143693924e-03,1.364494441077113152e-03,2.332141622900962830e-03,4.130991175770759583e-03,6.514048203825950623e-03,1.567846280522644520e-03,2.989369211718440056e-03,1.735033700242638588e-03,1.948520890437066555e-03,1.389637961983680725e-02,2.819854766130447388e-03,2.764554694294929504e-03
8.227156475186347961e-03,4.230566788464784622e-03,4.065165296196937561e-03,9.215597994625568390e-03,1.701662689447402954e-02,8.126703090965747833e-03,1.993005909025669098e-02,3.107916330918669701e-03,4.530714079737663269e-02,3.669371455907821655e-02,2.583450078964233398e-01,9.358934313058853149e-02,4.446083009243011475e-01,3.468398004770278931e-02,8.926457166671752930e-02,1.000375300645828247e-02,3.371537104249000549e-02,5.189756862819194794e-03,6.500619463622570038e-03,1.789031364023685455e-02,8.265392854809761047e-03,8.906836621463298798e-03,3.750756848603487015e-03,4.977263044565916061e-03,8.662793785333633423e-03,6.386983208358287811e-03,3.130920697003602982e-03,7.874299772083759308e-03,6.250842940062284470e-03,3.065061289817094803e-03,2.971127163618803024e-03,6.208793260157108307e-03,2.483458723872900009e-03,1.965097151696681976e-03,2.914007753133773804e-03,2.711606444790959358e-03,2.449502004310488701e-03,2.456125570461153984e-03,1.351486309431493282e-03,1.662026741541922092e-03,2.188905375078320503e-03,2.468243706971406937e-03,1.312955166213214397e-03,3.147184848785400391e-03,2.888274844735860825e-03,2.810636768117547035e-03,4.457953851670026779e-03,2.417355543002486229e-03,2.296316437423229218e-03,1.984188565984368324e-03,2.178688533604145050e-03,3.960044588893651962e-03,2.851904835551977158e-03,5.134583450853824615e-03,3.772932337597012520e-03,5.244281142950057983e-03,1.140942331403493881e-02,2.621976891532540321e-03,5.860977806150913239e-03
7.723323535174131393e-03,1.569079421460628510e-02,7.592126261442899704e-03,1.732607930898666382e-02,1.359447184950113297e-02,7.451888918876647949e-02,7.749217003583908081e-02,1.696567051112651825e-02,2.501716911792755127e-01,2.583450078964233398e-01,7.801213650964200497e-04,7.009821385145187378e-02,5.977991223335266113e-01,1.896025985479354858e-01,1.182834897190332413e-02,1.384139619767665863e-02,4.427808523178100586e-02,6.084009539335966110e-03,1.456030551344156265e-02,1.068094186484813690e-02,9.294319897890090942e-03,1.650532707571983337e-02,5.164395552128553391e-03,3.023904981091618538e-03,1.330211572349071503e-02,4.115028306841850281e-03,3.055656095966696739e-03,4.121078643947839737e-03,1.869517145678400993e-03,2.041363622993230820e-03,2.087448723614215851e-03,1.286363578401505947e-03,1.847284496761858463e-03,7.730618235655128956e-04,2.782541327178478241e-03,1.736487960442900658e-03,2.422393998131155968e-03,2.088832901790738106e-03,1.018873183056712151e-03,1.397700165398418903e-03,2.769560087472200394e-03,2.201572759076952934e-03,1.782382023520767689e-03,3.208774607628583908e-03,3.833201015368103981e-03,2.480854280292987823e-03,4.058223217725753784e-03,2.377355704084038734e-03,2.888427348807454109e-03,2.376054413616657257e-03,4.445483442395925522e-03,4.002356901764869690e-03,2.998986048623919487e-03,3.809917951002717018e-03,2.686100779101252556e-03,2.802726812660694122e-03,8.666644804179668427e-03,1.744494424201548100e-03,3.176884027197957039e-03
6.417054217308759689e-03,5.069530569016933441e-03,6.600477732717990875e-03,5.924924276769161224e-03,6.537505425512790680e-03,1.565335132181644440e-02,9.592014364898204803e-03,1.441776053979992867e-03,2.917138300836086273e-02,9.358934313058853149e-02,7.009821385145187378e-02,4.373102914541959763e-03,1.844987832009792328e-02,1.130712591111660004e-02,1.296463608741760254e-01,6.119940895587205887e-03,1.660042442381381989e-02,4.332013893872499466e-03,2.876246720552444458e-02,2.160026691854000092e-02,1.327705476433038712e-02,3.594516590237617493e-02,1.349313370883464813e-02,5.781890824437141418e-03,1.495379954576492310e-02,5.714410915970802307e-03,2.782764844596385956e-03,1.182390749454498291e-02,6.823276169598102570e-03,3.588380059227347374e-03,5.119374953210353851e-03,5.240643862634897232e-03,4.851308651268482208e-03,3.935487475246191025e-03,3.357803681865334511e-03,2.009880030527710915e-03,2.516848267987370491e-03,3.298057243227958679e-03,2.609946532174944878e-03,2.513441257178783417e-03,3.904943820089101791e-03,5.117374006658792496e-03,1.518841367214918137e-03,2.131653018295764923e-03,3.857984906062483788e-03,3.892365144565701485e-03,8.365606889128684998e-03,2.859486965462565422e-03,2.624919172376394272e-03,1.570155145600438118e-03,5.257644224911928177e-03,8.312043733894824982e-03,2.679039258509874344e-03,4.072778858244419098e-03,2.484010532498359680e-03,3.717003157362341881e-03,8.049311116337776184e-03,4.450846929103136063e-03,4.478921648114919662e-03
5.334542598575353622e-03,1.031247526407241821e-02,6.676121614873409271e-03,4.260708112269639969e-03,8.316800929605960846e-03,2.508586272597312927e-03,4.127508401870727539e-02,4.076583310961723328e-03,2.910157432779669762e-03,4.446083009243011475e-01,5.977991223335266113e-01,1.844987832009792328e-02,7.486850954592227936e-04,9.171190857887268066e-02,1.180054154247045517e-02,2.235526591539382935e-01,5.099920090287923813e-03,7.354347407817840576e-02,4.413936287164688110e-02,6.909885443747043610e-03,2.252559550106525421e-02,1.695134676992893219e-02,6.800255924463272095e-02,4.721247591078281403e-03,6.973826140165328979e-02,1.763496175408363342e-02,7.997026666998863220e-03,9.782610461115837097e-03,4.747573751956224442e-03,3.322271630167961121e-03,3.358898451551795006e-03,5.872480571269989014e-03,2.424218691885471344e-03,1.059350324794650078e-03,2.240411937236785889e-03,2.752439584583044052e-03,3.577979747205972672e-03,2.813533181324601173e-03,2.182015683501958847e-03,1.345998840406537056e-03,1.640029251575469971e-03,1.493825460784137249e-03,1.123857218772172928e-03,2.983959391713142395e-03,1.442261389456689358e-03,1.902687945403158665e-03,1.675417530350387096e-03,1.223473809659481049e-03,1.759689766913652420e-03,5.708613432943820953e-03,2.743238117545843124e-03,2.998281735926866531e-03,2.871681237593293190e-03,3.635836299508810043e-03,3.478914964944124222e-03,4.331516567617654800e-03,3.111300058662891388e-03,3.476254176348447800e-03,3.776769386604428291e-03
7.605153135955333710e-03,9.437248110771179199e-03,5.337172187864780426e-03,1.250111497938632965e-02,5.636333953589200974e-03,7.530270144343376160e-03,7.221223786473274231e-03,3.679167712107300758e-03,4.946591332554817200e-03,3.468398004770278931e-02,1.896025985479354858e-01,1.130712591111660004e-02,9.171190857887268066e-02,1.912732259370386600e-03,5.040038377046585083e-03,6.263070106506347656e-01,2.719226665794849396e-02,3.689887374639511108e-02,2.001606486737728119e-02,6.129662040621042252e-03,9.605268947780132294e-03,1.460357382893562317e-02,4.666419699788093567e-02,9.509325958788394928e-03,1.787448674440383911e-02,1.530854590237140656e-02,1.538452133536338806e-02,6.978650111705064774e-03,5.563985556364059448e-03,5.893230438232421875e-03,4.072594922035932541e-03,6.940270774066448212e-03,6.549693644046783447e-03,1.768191810697317123e-03,4.493219312280416489e-03,3.182549960911273956e-03,3.232142189517617226e-03,1.746961381286382675e-03,2.740161260589957237e-03,1.278657582588493824e-03,2.398862736299633980e-03,2.708408981561660767e-03,1.183179439976811409e-03,3.217712277546525002e-03,4.007964394986629486e-03,4.127583466470241547e-03,2.176066627725958824e-03,2.051668940111994743e-03,1.593784661963582039e-03,2.463654847815632820e-03,2.584460191428661346e-03,2.440758049488067627e-03,3.352127736434340477e-03,2.835011575371026993e-03,2.780027221888303757e-03,3.101484850049018860e-03,3.431172110140323639e-03,2.726777922362089157e-03,5.132956895977258682e-03
5.278433673083782196e-03,2.430712804198265076e-03,4.215885885059833527e-03,1.645458862185478210e-02,3.004356054589152336e-03,1.157351117581129074e-02,3.904943820089101791e-03,3.507277928292751312e-03,9.951971471309661865e-02,8.926457166671752930e-02,1.182834897190332413e-02,1.296463608741760254e-01,1.180054154247045517e-02,5.040038377046585083e-03,1.672564446926116943e-02,6.535740569233894348e-03,6.274785846471786499e-02,4.852457437664270401e-03,7.858308963477611542e-03,2.053439617156982422e-02,4.498761147260665894e-02,2.531347982585430145e-02,5.690338462591171265e-02,5.780597217381000519e-03,1.243669167160987854e-02,3.625538432970643044e-03,4.338718019425868988e-03,1.506126299500465393e-02,4.971473943442106247e-03,3.860683646053075790e-03,4.189779516309499741e-03,3.385788993909955025e-03,2.971566282212734222e-03,5.932291969656944275e-03,3.863044315949082375e-03,1.581867574714124203e-03,2.422631485387682915e-03,8.490010164678096771e-03,1.971228513866662979e-03,1.537516713142395020e-03,8.126880042254924774e-03,3.577439114451408386e-03,1.785512897185981274e-03,2.216417109593749046e-03,8.615405298769474030e-03,3.888559993356466293e-03,1.074506249278783798e-02,3.070562379434704781e-03,2.322561340406537056e-03,2.068504458293318748e-03,3.144080750644207001e-03,7.780658081173896790e-03,2.486239885911345482e-03,4.806953016668558121e-03,2.088922308757901192e-03,3.501825965940952301e-03,7.361936382949352264e-03,4.097832832485437393e-03,2.244395436719059944e-03
5.170897115021944046e-03,3.693579463288187981e-03,2.787820296362042427e-03,2.105559920892119408e-03,1.806324231438338757e-03,7.154360413551330566e-03,5.073784384876489639e-03,1.220036763697862625e-03,5.347928497940301895e-03,1.000375300645828247e-02,1.384139619767665863e-02,6.119940895587205887e-03,2.235526591539382935e-01,6.263070106506347656e-01,6.535740569233894348e-03,6.155968294478952885e-04,2.613608259707689285e-03,2.532788813114166260e-01,2.975273430347442627e-01,3.000786527991294861e-02,2.530858516693115234e-01,1.793609932065010071e-02,9.107752703130245209e-03,7.609847933053970337e-02,7.178101688623428345e-02,6.083946675062179565e-02,2.311152778565883636e-02,1.865099370479583740e-02,1.007727812975645065e-02,3.981149569153785706e-02,3.677876433357596397e-03,9.303167462348937988e-03,1.405127439647912979e-02,1.256702933460474014e-03,3.107430413365364075e-03,2.100256504490971565e-03,3.801645245403051376e-03,1.679251785390079021e-03,2.753570908680558205e-03,1.191781600937247276e-03,1.303054392337799072e-03,1.467362162657082081e-03,6.037558894604444504e-03,5.210665520280599594e-03,3.084428142756223679e-03,2.643499057739973068e-03,2.028703689575195312e-03,2.480135764926671982e-03,1.224243780598044395e-03,1.431345473974943161e-03,1.222104183398187160e-03,1.961144385859370232e-03,1.176188932731747627e-03,2.078090095892548561e-03,2.297550207003951073e-03,5.402286536991596222e-03,3.088937141001224518e-03,1.222433638758957386e-03,1.615232904441654682e-03
4.046176560223102570e-03,3.379283472895622253e-03,3.893231740221381187e-03,3.286715596914291382e-03,2.917164471000432968e-03,1.238182559609413147e-02,3.680992871522903442e-03,4.284941591322422028e-03,5.264290794730186462e-02,3.371537104249000549e-02,4.427808523178100586e-02,1.660042442381381989e-02,5.099920090287923813e-03,2.719226665794849396e-02,6.274785846471786499e-02,2.613608259707689285e-03,3.974424675107002258e-03,4.853740334510803223e-03,3.972569853067398071e-02,1.491441577672958374e-01,6.685452908277511597e-02,1.418727785348892212e-01,4.990989714860916138e-02,2.323060482740402222e-02,3.133302554488182068e-02,6.302990484982728958e-03,6.908155046403408051e-03,1.954105310142040253e-02,2.320075035095214844e-02,5.696706008166074753e-03,4.162706434726715088e-03,3.518108511343598366e-03,2.648405497893691063e-03,3.994720987975597382e-03,4.296800121665000916e-03,1.592091284692287445e-03,1.945389201864600182e-03,4.007466137409210205e-03,1.694175647571682930e-03,1.499556354247033596e-03,2.244301605969667435e-03,3.547776024788618088e-03,1.253680675290524960e-03,1.592140644788742065e-03,4.882721696048974991e-03,2.835439052432775497e-03,7.261917926371097565e-03,2.326342277228832245e-03,2.396102761849761009e-03,1.745886518619954586e-03,4.079137463122606277e-03,5.596804898232221603e-03,3.324294928461313248e-03,3.971590660512447357e-03,2.116365823894739151e-03,2.340002218261361122e-03,6.769952829927206039e-03,2.131382236257195473e-03,3.096746979281306267e-03
7.303158286958932877e-03,2.998757874593138695e-03,4.516204819083213806e-03,3.132698358967900276e-03,2.896205056458711624e-03,8.419977501034736633e-03,3.552190028131008148e-03,1.801059814170002937e-03,7.427033036947250366e-03,5.189756862819194794e-03,6.084009539335966110e-03,4.332013893872499466e-03,7.354347407817840576e-02,3.689887374639511108e-02,4.852457437664270401e-03,2.532788813114166260e-01,4.853740334510803223e-03,2.736935624852776527e-03,4.019130170345306396e-01,5.635154247283935547e-02,3.454960137605667114e-02,5.230234190821647644e-02,3.679152205586433411e-02,1.156739797443151474e-02,4.680383950471878052e-02,2.626368403434753418e-02,3.047659434378147125e-02,1.841238141059875488e-02,1.996840536594390869e-02,6.943834479898214340e-03,5.511792842298746109e-03,7.855803705751895905e-03,5.473542958498001099e-03,4.093097057193517685e-03,2.845181385055184364e-03,2.365061547607183456e-03,2.952887909486889839e-03,4.879782907664775848e-03,1.584856421686708927e-03,2.837582025676965714e-03,6.953699048608541489e-03,2.600266365334391594e-03,1.370908226817846298e-03,3.106657881289720535e-03,4.910966847091913223e-03,4.075923003256320953e-03,4.172609187662601471e-03,3.486350178718566895e-03,1.908436766825616360e-03,3.585557686164975166e-03,2.482937881723046303e-03,2.435835776850581169e-03,1.723458757624030113e-03,2.634261036291718483e-03,2.143463352695107460e-03,1.771752955392003059e-03,2.816744148731231689e-03,1.436460646800696850e-03,1.831589499488472939e-03
3.311079926788806915e-03,2.391509246081113815e-03,2.021437510848045349e-03,2.184093929827213287e-03,2.043321728706359863e-03,6.300583481788635254e-03,2.429222688078880310e-03,8.378599886782467365e-04,5.543814506381750107e-03,6.500619463622570038e-03,1.456030551344156265e-02,2.876246720552444458e-02,4.413936287164688110e-02,2.001606486737728119e-02,7.858308963477611542e-03,2.975273430347442627e-01,3.972569853067398071e-02,4.019130170345306396e-01,1.077795634046196938e-03,1.210663244128227234e-01,3.196322917938232422e-01,3.023669682443141937e-02,1.206339616328477859e-02,1.385735813528299332e-02,3.253111988306045532e-02,1.915200427174568176e-02,6.168810278177261353e-02,1.551151089370250702e-02,1.491000410169363022e-02,3.414130955934524536e-02,2.961711725220084190e-03,1.273119822144508362e-02,5.178329534828662872e-03,4.824563395231962204e-03,2.967257983982563019e-03,2.434544032439589500e-03,2.655541291460394859e-03,4.295604769140481949e-03,1.645614742301404476e-03,3.045188961550593376e-03,3.378605935722589493e-03,3.294054651632905006e-03,2.183719770982861519e-03,1.005258224904537201e-02,6.360378582030534744e-03,3.513113828375935555e-03,3.780323546379804611e-03,2.469160826876759529e-03,2.299488754943013191e-03,1.500510610640048981e-03,1.625736942514777184e-03,2.298771170899271965e-03,1.082218252122402191e-03,1.686868607066571712e-03,9.886877378448843956e-04,3.703432856127619743e-03,2.035498619079589844e-03,7.960902294144034386e-04,1.398732769303023815e-03
2.489558188244700432e-03,1.925027114339172840e-03,2.399235730990767479e-03,1.932078856043517590e-03,1.817812677472829819e-03,9.717819280922412872e-03,2.985907485708594322e-03,2.115249400958418846e-03,1.261138543486595154e-02,1.789031364023685455e-02,1.068094186484813690e-02,2.160026691854000092e-02,6.909885443747043610e-03,6.129662040621042252e-03,2.053439617156982422e-02,3.000786527991294861e-02,1.491441577672958374e-01,5.635154247283935547e-02,1.210663244128227234e-01,2.846790477633476257e-02,6.070246174931526184e-02,1.572969853878021240e-01,5.949359387159347534e-02,1.604600250720977783e-02,2.920020930469036102e-02,7.600511889904737473e-03,4.344535246491432190e-02,3.441741690039634705e-02,1.519050002098083496e-01,1.203843485563993454e-02,2.747200196608901024e-03,4.257264547049999237e-03,7.926548831164836884e-03,4.155265167355537415e-03,3.067497396841645241e-03,2.580640371888875961e-03,1.690594712272286415e-03,6.853666622191667557e-03,1.559503143653273582e-03,1.339284237474203110e-03,4.672235343605279922e-03,3.270886139944195747e-03,1.341971918009221554e-03,1.492207637056708336e-03,4.794157110154628754e-03,3.616092028096318245e-03,4.069223534315824509e-03,1.541220117360353470e-03,1.359095331281423569e-03,1.186012872494757175e-03,2.826636657118797302e-03,2.747941995039582253e-03,9.753969497978687286e-04,3.219789825379848480e-03,1.705901813693344593e-03,1.424919348210096359e-03,6.116145756095647812e-03,1.605981145985424519e-03,1.807088614441454411e-03
3.156353486701846123e-03,2.228326164186000824e-03,2.680027158930897713e-03,3.285756567493081093e-03,1.839797245338559151e-03,7.243571337312459946e-03,4.612301476299762726e-03,2.480888506397604942e-03,3.834339976310729980e-02,8.265392854809761047e-03,9.294319897890090942e-03,1.327705476433038712e-02,2.252559550106525421e-02,9.605268947780132294e-03,4.498761147260665894e-02,2.530858516693115234e-01,6.685452908277511597e-02,3.454960137605667114e-02,3.196322917938232422e-01,6.070246174931526184e-02,1.540228258818387985e-03,1.767387054860591888e-02,1.153375860303640366e-02,1.782295643351972103e-03,3.446330502629280090e-02,1.950420904904603958e-03,2.146556787192821503e-02,3.146614506840705872e-02,8.588330447673797607e-02,9.461667388677597046e-03,4.406829830259084702e-03,1.645353040657937527e-03,4.369595553725957870e-03,5.256786476820707321e-03,3.954056650400161743e-03,1.843776204623281956e-03,2.368501387536525726e-03,1.772947981953620911e-02,1.742242136970162392e-03,1.983012305572628975e-03,1.722802966833114624e-02,6.299040745943784714e-03,2.553423866629600525e-03,1.724560046568512917e-03,5.840730853378772736e-03,4.025419242680072784e-03,7.771419361233711243e-03,2.159523079171776772e-03,1.605288707651197910e-03,1.467042951844632626e-03,6.205431185662746429e-03,6.073378957808017731e-03,1.779848127625882626e-03,2.321583684533834457e-03,1.813581446185708046e-03,1.655704458244144917e-03,2.406892599537968636e-03,1.389188575558364391e-03,1.891359686851501465e-03
1.923299045301973820e-03,1.104869064874947071e-03,2.452913671731948853e-03,2.715765265747904778e-03,1.436008606106042862e-03,7.932678796350955963e-03,2.512161154299974442e-03,2.460849005728960037e-03,1.070102490484714508e-02,8.906836621463298798e-03,1.650532707571983337e-02,3.594516590237617493e-02,1.695134676992893219e-02,1.460357382893562317e-02,2.531347982585430145e-02,1.793609932065010071e-02,1.418727785348892212e-01,5.230234190821647644e-02,3.023669682443141937e-02,1.572969853878021240e-01,1.767387054860591888e-02,1.283884234726428986e-02,8.673252165317535400e-02,2.126629091799259186e-02,2.804167382419109344e-02,1.622021757066249847e-02,4.614276811480522156e-02,9.972836822271347046e-02,2.047527879476547241e-01,1.547961868345737457e-02,7.561633829027414322e-03,4.497269634157419205e-03,1.951405964791774750e-02,2.818912267684936523e-03,3.110720310360193253e-03,1.765998080372810364e-03,1.674706931225955486e-03,3.296778537333011627e-03,1.356485066935420036e-03,1.190884620882570744e-03,2.704685321077704430e-03,4.134586546570062637e-03,9.641455835662782192e-04,1.378632965497672558e-03,2.348526846617460251e-03,3.804116277024149895e-03,4.337741993367671967e-03,2.536844462156295776e-03,2.080583479255437851e-03,1.503394567407667637e-03,1.675386331044137478e-03,3.507454413920640945e-03,1.223910949192941189e-03,4.264954477548599243e-03,1.774087199009954929e-03,1.845585647970438004e-03,4.155253060162067413e-03,1.099715358577668667e-03,1.814139890484511852e-03
1.587636885233223438e-03,1.676403568126261234e-03,1.202721032314002514e-03,1.094142557121813297e-03,1.897900714538991451e-03,5.921835545450448990e-03,1.391347381286323071e-03,2.264564624056220055e-03,1.191095821559429169e-02,3.750756848603487015e-03,5.164395552128553391e-03,1.349313370883464813e-02,6.800255924463272095e-02,4.666419699788093567e-02,5.690338462591171265e-02,9.107752703130245209e-03,4.990989714860916138e-02,3.679152205586433411e-02,1.206339616328477859e-02,5.949359387159347534e-02,1.153375860303640366e-02,8.673252165317535400e-02,6.379963364452123642e-03,6.163457408547401428e-03,3.530657291412353516e-02,1.420423272065818310e-03,3.022348135709762573e-02,1.368085891008377075e-01,4.736769199371337891e-01,3.511441126465797424e-02,1.517545338720083237e-02,1.306765433400869370e-02,1.993824355304241180e-02,6.953089963644742966e-03,5.311937537044286728e-03,2.543886192142963409e-03,3.522085724398493767e-03,1.330702379345893860e-02,2.545404015108942986e-03,1.552394707687199116e-03,1.133020967245101929e-02,7.994866929948329926e-03,7.442796486429870129e-04,3.211548319086432457e-03,5.278951954096555710e-03,2.874138532206416130e-03,2.759117865934967995e-03,1.669393153861165047e-03,1.559206168167293072e-03,1.946432050317525864e-03,2.441756892949342728e-03,3.155195387080311775e-03,1.278486452065408230e-03,2.831753809005022049e-03,1.438525621779263020e-03,2.573807956650853157e-03,2.405619714409112930e-03,1.219458761624991894e-03,1.488865003921091557e-03
3.384584095329046249e-03,2.775992732495069504e-03,2.481854055076837540e-03,1.416835002601146698e-03,2.771066967397928238e-03,6.411829963326454163e-03,3.677404718473553658e-03,2.012330107390880585e-03,1.396716106683015823e-03,4.977263044565916061e-03,3.023904981091618538e-03,5.781890824437141418e-03,4.721247591078281403e-03,9.509325958788394928e-03,5.780597217381000519e-03,7.609847933053970337e-02,2.323060482740402222e-02,1.156739797443151474e-02,1.385735813528299332e-02,1.604600250720977783e-02,1.782295643351972103e-03,2.126629091799259186e-02,6.163457408547401428e-03,5.472281482070684433e-03,3.347442671656608582e-02,4.179312288761138916e-01,9.961097836494445801e-01,3.208122774958610535e-02,1.219072751700878143e-02,4.178129136562347412e-02,1.660726778209209442e-02,1.484145503491163254e-02,1.274906247854232788e-01,4.547275137156248093e-03,3.568411339074373245e-03,5.469274707138538361e-03,2.832824364304542542e-03,2.202554373070597649e-03,1.495392643846571445e-03,2.703772159293293953e-03,2.212676685303449631e-03,2.378919161856174469e-03,3.418282605707645416e-03,2.659501973539590836e-03,4.942330997437238693e-03,3.783171065151691437e-03,1.913319574669003487e-03,2.763727912679314613e-03,3.235002048313617706e-03,3.344076452776789665e-03,2.380283316597342491e-03,1.934294239617884159e-03,2.381966449320316315e-03,3.596960799768567085e-03,2.033398021012544632e-03,2.487126970663666725e-03,2.077046083286404610e-03,1.559889176860451698e-03,2.236417261883616447e-03
2.246422227472066879e-03,3.176447702571749687e-03,4.109373316168785095e-03,2.525298390537500381e-03,2.703192410990595818e-03,9.328859858214855194e-03,4.071866162121295929e-03,2.036292105913162231e-03,6.778824608772993088e-03,8.662793785333633423e-03,1.330211572349071503e-02,1.495379954576492310e-02,6.973826140165328979e-02,1.787448674440383911e-02,1.243669167160987854e-02,7.178101688623428345e-02,3.133302554488182068e-02,4.680383950471878052e-02,3.253111988306045532e-02,2.920020930469036102e-02,3.446330502629280090e-02,2.804167382419109344e-02,3.530657291412353516e-02,3.347442671656608582e-02,1.252781972289085388e-02,2.065408043563365936e-02,8.369152247905731201e-02,5.634746327996253967e-02,1.448634639382362366e-02,1.080046128481626511e-02,8.763678371906280518e-03,1.317883748561143875e-02,1.720958389341831207e-02,3.789264708757400513e-03,5.963996984064579010e-03,2.373897470533847809e-03,4.008604213595390320e-03,2.713508671149611473e-03,3.440954256802797318e-03,1.619877992197871208e-03,1.802044222131371498e-03,2.454467117786407471e-03,1.085140858776867390e-03,2.622685395181179047e-03,2.036428777500987053e-03,3.035453148186206818e-03,2.106311498209834099e-03,1.695700571872293949e-03,2.113111782819032669e-03,3.449197160080075264e-03,2.878086641430854797e-03,2.926317276433110237e-03,1.689878641627728939e-03,1.987227471545338631e-03,1.747343223541975021e-03,2.208027290180325508e-03,1.908560399897396564e-03,1.582901109941303730e-03,1.252243295311927795e-03
6.464092992246150970e-03,5.810856353491544724e-03,6.403872743248939514e-03,1.788184395991265774e-03,4.438370931893587112e-03,6.548279430717229843e-03,1.544439233839511871e-02,3.056164598092436790e-03,2.874540630728006363e-03,6.386983208358287811e-03,4.115028306841850281e-03,5.714410915970802307e-03,1.763496175408363342e-02,1.530854590237140656e-02,3.625538432970643044e-03,6.083946675062179565e-02,6.302990484982728958e-03,2.626368403434753418e-02,1.915200427174568176e-02,7.600511889904737473e-03,1.950420904904603958e-03,1.622021757066249847e-02,1.420423272065818310e-03,4.179312288761138916e-01,2.065408043563365936e-02,8.383028325624763966e-04,3.022539056837558746e-02,2.872779406607151031e-02,1.349861267954111099e-02,2.428478002548217773e-02,1.565586193464696407e-03,1.178253348916769028e-02,8.233125507831573486e-02,4.360011313110589981e-03,3.947607241570949554e-03,6.273792590945959091e-03,3.981986083090305328e-03,3.310773056000471115e-03,6.916377227753400803e-03,5.470740143209695816e-03,1.962571870535612106e-03,2.921964274719357491e-03,7.027413696050643921e-03,8.754180744290351868e-03,1.424366491846740246e-03,2.988412743434309959e-03,2.093099290505051613e-03,8.217547088861465454e-03,4.763362463563680649e-03,1.038474123924970627e-02,3.092849859967827797e-03,2.619890496134757996e-03,1.935935462825000286e-03,4.969827365130186081e-03,3.670731559395790100e-03,6.310879718512296677e-03,4.691796377301216125e-03,2.283511450514197350e-03,3.610000014305114746e-03
3.671912476420402527e-03,3.217216581106185913e-03,3.009459236636757851e-03,1.121889683417975903e-03,1.802597544156014919e-03,2.750049578025937080e-03,1.806519343517720699e-03,1.786509063094854355e-03,1.538662705570459366e-03,3.130920697003602982e-03,3.055656095966696739e-03,2.782764844596385956e-03,7.997026666998863220e-03,1.538452133536338806e-02,4.338718019425868988e-03,2.311152778565883636e-02,6.908155046403408051e-03,3.047659434378147125e-02,6.168810278177261353e-02,4.344535246491432190e-02,2.146556787192821503e-02,4.614276811480522156e-02,3.022348135709762573e-02,9.961097836494445801e-01,8.369152247905731201e-02,3.022539056837558746e-02,6.859360728412866592e-04,1.495172232389450073e-01,1.204499881714582443e-02,4.952220022678375244e-01,1.332413870841264725e-02,1.051393449306488037e-01,2.610138058662414551e-01,3.781020175665616989e-03,2.803293289616703987e-03,2.985999919474124908e-03,4.214619286358356476e-03,2.108276821672916412e-03,2.703565172851085663e-03,3.329099388793110847e-03,1.399730215780436993e-03,1.141776097938418388e-03,1.852913061156868935e-03,4.489758983254432678e-03,1.999080181121826172e-03,2.305616624653339386e-03,8.627014467492699623e-04,2.962082391604781151e-03,1.602076808921992779e-03,1.220231992192566395e-03,1.576070208102464676e-03,1.491289935074746609e-03,1.371795660816133022e-03,2.313367789611220360e-03,1.950641046278178692e-03,4.052838310599327087e-03,1.367547898553311825e-03,1.218090648762881756e-03,2.120601711794734001e-03
