1.040800241753458977e-03,1.416033059358596802e-01,1.065750792622566223e-01,6.805457174777984619e-02,1.040890663862228394e-01,6.862835586071014404e-02,8.105490356683731079e-02,5.493278428912162781e-02,1.127722859382629395e-01,3.006549924612045288e-02,4.865526780486106873e-02,1.479307189583778381e-02,7.815551944077014923e-03,1.578070223331451416e-02,9.068062528967857361e-03,1.575911231338977814e-02,3.713152138516306877e-03,1.092604734003543854e-02,3.060290357097983360e-03,4.555702675133943558e-03,3.508062800392508507e-03,2.148898085579276085e-03,1.922944909892976284e-03,4.089192021638154984e-03,5.781895946711301804e-03,1.040203403681516647e-02,7.448584772646427155e-03,3.426526905968785286e-03,2.260725712403655052e-03,2.585922135040163994e-03,1.276540919207036495e-03,2.392887137830257416e-03,3.776323050260543823e-03,1.637328532524406910e-03,3.528670873492956161e-03,4.093598574399948120e-03,8.869783021509647369e-03,1.922408584505319595e-03,1.965037314221262932e-03,5.353475920855998993e-03,3.580049145966768265e-03,1.322404597885906696e-03,3.269274486228823662e-03,6.077885162085294724e-03,2.291985554620623589e-03,3.453602315858006477e-03,1.082136295735836029e-03,3.501925384625792503e-03,5.319766700267791748e-03,4.360932856798171997e-03,2.705826191231608391e-03,1.245494466274976730e-03,5.947532597929239273e-03,4.602176602929830551e-03,5.033397581428289413e-03,4.993588663637638092e-03,4.932386334985494614e-03,2.251790370792150497e-03,7.014521397650241852e-03
1.416033059358596802e-01,2.836746536195278168e-02,3.514456152915954590e-01,1.037939116358757019e-01,3.899768292903900146e-01,4.309884086251258850e-02,3.527423739433288574e-02,7.078433036804199219e-02,2.825667150318622589e-02,2.124070562422275543e-02,2.890101447701454163e-02,6.243270821869373322e-03,2.119980566203594208e-02,1.377987395972013474e-02,6.961846724152565002e-03,1.162241771817207336e-02,4.483633674681186676e-03,8.719495497643947601e-03,2.826578915119171143e-03,3.472044831141829491e-03,1.880772993899881840e-03,1.669332734309136868e-03,2.171149011701345444e-03,3.179550170898437500e-03,4.792585037648677826e-03,5.579928401857614517e-03,3.702792571857571602e-03,2.620357787236571312e-03,1.218564691953361034e-03,1.902904245071113110e-03,1.668662182055413723e-03,1.945040305145084858e-03,1.901551731862127781e-03,1.445041969418525696e-03,4.400286357849836349e-03,6.795815657824277878e-03,9.568983688950538635e-03,1.497846562415361404e-03,2.233652397990226746e-03,4.728288855403661728e-03,3.142005531117320061e-03,1.115035498514771461e-03,4.442243371158838272e-03,8.805226534605026245e-03,3.185403067618608475e-03,4.154185764491558075e-03,1.565549639053642750e-03,2.916864817962050438e-03,2.969041699543595314e-03,5.584337748587131500e-03,2.462407341226935387e-03,1.535422285087406635e-03,4.496308974921703339e-03,3.167118644341826439e-03,5.067815538495779037e-03,7.195733021944761276e-03,4.147125873714685440e-03,2.768409205600619316e-03,1.444911491125822067e-02
1.065750792622566223e-01,3.514456152915954590e-01,1.994131058454513550e-01,3.847980499267578125e-01,1.706063151359558105e-01,3.110959008336067200e-02,4.743921756744384766e-02,5.567343533039093018e-02,1.472830958664417267e-02,1.115390192717313766e-02,3.816027939319610596e-02,4.499507602304220200e-03,1.129389181733131409e-02,1.463328767567873001e-02,8.593261241912841797e-03,9.578022174537181854e-03,4.305757582187652588e-03,6.683201994746923447e-03,2.967331092804670334e-03,4.005387891083955765e-03,2.678188495337963104e-03,2.384207444265484810e-03,2.764642704278230667e-03,3.845818107947707176e-03,5.998368375003337860e-03,5.817013792693614960e-03,3.077891189604997635e-03,2.666419371962547302e-03,1.429932541213929653e-03,1.370805781334638596e-03,1.077063381671905518e-03,1.885896315798163414e-03,1.373826060444116592e-03,1.696866704151034355e-03,3.453987883403897285e-03,5.011622793972492218e-03,2.284686826169490814e-02,1.736187143251299858e-03,2.622640458866953850e-03,7.685843855142593384e-03,4.051873926073312759e-03,1.392186386510729790e-03,8.880726061761379242e-03,4.537985660135746002e-03,2.514305524528026581e-03,4.402459133416414261e-03,1.940055284649133682e-03,3.071121405810117722e-03,2.339064143598079681e-03,5.247175227850675583e-03,1.797266071662306786e-03,1.839901437051594257e-03,2.493961015716195107e-03,4.139790777117013931e-03,3.573998808860778809e-03,5.904681514948606491e-03,3.234141273424029350e-03,3.440772881731390953e-03,6.073736120015382767e-03
6.805457174777984619e-02,1.037939116358757019e-01,3.847980499267578125e-01,3.895309288054704666e-03,3.886220157146453857e-01,9.850202500820159912e-02,1.992066577076911926e-02,9.640560150146484375e-01,8.400659263134002686e-02,1.446407474577426910e-02,4.418414831161499023e-02,3.934749402105808258e-03,7.883316837251186371e-03,2.810537442564964294e-02,1.482889708131551743e-02,8.682599291205406189e-03,4.159072879701852798e-03,1.508933678269386292e-02,3.431496676057577133e-03,2.772449515759944916e-03,2.635950455442070961e-03,2.863035071641206741e-03,2.459696028381586075e-03,3.144666785374283791e-03,6.572233047336339951e-03,4.597480408847332001e-03,2.863428322598338127e-03,2.350864233449101448e-03,2.039700280874967575e-03,2.130041830241680145e-03,1.316694426350295544e-03,2.139974152669310570e-03,1.637359615415334702e-03,1.515875803306698799e-03,3.486961591988801956e-03,2.582851797342300415e-03,4.617943894118070602e-03,1.763710635714232922e-03,2.117021707817912102e-03,4.981466103345155716e-03,3.845759434625506401e-03,2.250295365229249001e-03,3.073104890063405037e-03,4.841063637286424637e-03,3.658255795016884804e-03,2.992810448631644249e-03,1.399502274580299854e-03,2.606673864647746086e-03,2.578144893050193787e-03,2.586695598438382149e-03,3.569635329768061638e-03,1.716643222607672215e-03,2.321019535884261131e-03,3.073231549933552742e-03,5.317337345331907272e-03,2.040930325165390968e-03,2.597764600068330765e-03,2.083823317661881447e-03,7.716265972703695297e-03
1.040890663862228394e-01,3.899768292903900146e-01,1.706063151359558105e-01,3.886220157146453857e-01,1.036538835614919662e-02,8.810272067785263062e-02,8.504336476325988770e-01,7.401267290115356445e-01,2.367923408746719360e-02,1.190855633467435837e-02,1.464653015136718750e-02,4.268392454832792282e-03,2.267632633447647095e-02,1.213803607970476151e-02,4.802581854164600372e-03,2.386903855949640274e-03,3.384592244401574135e-03,3.347757505252957344e-03,4.101385828107595444e-03,2.373490016907453537e-03,1.787649816833436489e-03,2.024003770202398300e-03,2.590999007225036621e-03,3.420188790187239647e-03,4.003691487014293671e-03,5.313571076840162277e-03,1.984561560675501823e-03,2.146793995052576065e-03,1.576504786498844624e-03,2.037181984633207321e-03,1.381459995172917843e-03,2.533613005653023720e-03,2.354162279516458511e-03,1.462724758312106133e-03,3.227110253646969795e-03,4.992771893739700317e-03,6.201968062669038773e-03,1.137792016379535198e-03,1.433048164471983910e-03,7.931323722004890442e-03,2.842518966645002365e-03,1.203268766403198242e-03,2.603687811642885208e-03,3.767882939428091049e-03,2.551897661760449409e-03,3.608902450650930405e-03,1.374255865812301636e-03,3.306148573756217957e-03,4.267510958015918732e-03,3.066567005589604378e-03,3.085922682657837868e-03,2.157327486202120781e-03,3.233643248677253723e-03,4.476664587855339050e-03,5.486193113029003143e-03,4.818093031644821167e-03,3.470665775239467621e-03,4.435524810105562210e-03,5.888020154088735580e-03
6.862835586071014404e-02,4.309884086251258850e-02,3.110959008336067200e-02,9.850202500820159912e-02,8.810272067785263062e-02,1.159114297479391098e-02,3.673013150691986084e-01,2.294162809848785400e-01,5.943945795297622681e-02,8.615165017545223236e-03,5.384971573948860168e-02,1.850464567542076111e-02,1.957739703357219696e-02,2.632916159927845001e-02,2.083892375230789185e-02,6.507089827209711075e-03,7.789575029164552689e-03,4.372828640043735504e-03,5.369557067751884460e-03,6.821531336754560471e-03,2.532758517190814018e-03,7.529432419687509537e-03,2.870557829737663269e-03,2.568193012848496437e-03,4.273423459380865097e-03,6.162899080663919449e-03,2.237876411527395248e-03,2.212429419159889221e-03,2.562257228419184685e-03,1.967132324352860451e-03,1.049740589223802090e-03,2.458087867125868797e-03,1.589891733601689339e-03,1.853946130722761154e-03,4.177996423095464706e-03,4.407819360494613647e-03,3.578234696760773659e-03,1.499353558756411076e-03,1.617754693143069744e-03,3.943477291613817215e-03,3.103000577539205551e-03,1.446906477212905884e-03,3.371702739968895912e-03,6.077335216104984283e-03,1.945933559909462929e-03,3.191854804754257202e-03,2.368470886722207069e-03,2.412424189969897270e-03,3.700587665662169456e-03,5.507257301360368729e-03,2.710997592657804489e-03,2.892272314056754112e-03,5.016221199184656143e-03,3.872880944982171059e-03,4.154246766120195389e-03,3.715409198775887489e-03,4.994079470634460449e-03,2.335720229893922806e-03,6.401937454938888550e-03
8.105490356683731079e-02,3.527423739433288574e-02,4.743921756744384766e-02,1.992066577076911926e-02,8.504336476325988770e-01,3.673013150691986084e-01,2.840508706867694855e-03,6.449547410011291504e-02,5.162441357970237732e-02,1.537390053272247314e-02,4.551975056529045105e-02,4.530108533799648285e-03,8.066675625741481781e-03,1.028571370989084244e-02,2.900512889027595520e-03,7.166296243667602539e-03,3.657018765807151794e-03,8.811600506305694580e-03,5.860991310328245163e-03,4.543876741081476212e-03,5.320150405168533325e-03,2.990354085341095924e-03,4.757475107908248901e-03,3.516666125506162643e-03,8.724224753677845001e-03,5.648554768413305283e-03,1.635310240089893341e-03,3.789280541241168976e-03,2.240316942334175110e-03,2.227538498118519783e-03,1.479389728046953678e-03,2.642032224684953690e-03,2.207073848694562912e-03,1.549021457321941853e-03,4.456819500774145126e-03,3.196909558027982712e-03,5.952905397862195969e-03,2.126734470948576927e-03,2.419301075860857964e-03,3.769739530980587006e-03,5.050922278314828873e-03,2.170664491131901741e-03,4.128365311771631241e-03,5.272455979138612747e-03,1.946096541360020638e-03,5.000888835638761520e-03,1.969547243788838387e-03,2.683784347027540207e-03,5.127164535224437714e-03,2.790356054902076721e-03,2.192079089581966400e-03,2.148877829313278198e-03,2.867748960852622986e-03,3.782304702326655388e-03,5.437624175101518631e-03,9.111087769269943237e-03,4.222693853080272675e-03,5.481806118041276932e-03,1.170789822936058044e-02
5.493278428912162781e-02,7.078433036804199219e-02,5.567343533039093018e-02,9.640560150146484375e-01,7.401267290115356445e-01,2.294162809848785400e-01,6.449547410011291504e-02,2.379466779530048370e-03,2.009630575776100159e-02,6.395027786493301392e-02,7.058831304311752319e-02,1.229537068866193295e-03,1.364988647401332855e-02,5.986853502690792084e-03,1.200131699442863464e-02,1.658361032605171204e-02,4.541668575257062912e-03,2.746953256428241730e-02,8.301724679768085480e-03,6.266400683671236038e-03,2.782473806291818619e-03,2.917642937973141670e-03,3.291882341727614403e-03,2.730078762397170067e-03,4.173304885625839233e-03,5.394037347286939621e-03,2.416694536805152893e-03,2.357311313971877098e-03,1.205666572786867619e-03,1.740619773045182228e-03,1.099289627745747566e-03,2.190408995375037193e-03,1.849826308898627758e-03,1.217755372636020184e-03,4.978554788976907730e-03,5.027950741350650787e-03,7.076297886669635773e-03,1.789916423149406910e-03,1.850172411650419235e-03,6.854685954749584198e-03,4.206012934446334839e-03,1.421734690666198730e-03,1.357391010969877243e-03,5.255991127341985703e-03,2.294559264555573463e-03,2.476731082424521446e-03,1.501629129052162170e-03,3.754195524379611015e-03,2.608974464237689972e-03,3.765220753848552704e-03,2.389314351603388786e-03,2.573566744104027748e-03,3.481547813862562180e-03,3.549106186255812645e-03,2.717924071475863457e-03,2.130709821358323097e-03,2.374405972659587860e-03,1.834534108638763428e-03,4.143590573221445084e-03
1.127722859382629395e-01,2.825667150318622589e-02,1.472830958664417267e-02,8.400659263134002686e-02,2.367923408746719360e-02,5.943945795297622681e-02,5.162441357970237732e-02,2.009630575776100159e-02,1.031793747097253799e-02,4.301934689283370972e-02,1.929251663386821747e-02,2.793117053806781769e-02,2.149004489183425903e-03,2.066137269139289856e-02,3.381663560867309570e-02,8.500992320477962494e-03,1.539071500301361084e-01,9.235228411853313446e-03,7.343938574194908142e-03,4.396510496735572815e-02,1.021217741072177887e-02,1.997630810365080833e-03,4.618228878825902939e-03,2.256030449643731117e-03,2.707652980461716652e-03,1.610254636034369469e-03,1.136157079599797726e-03,1.778918202035129070e-03,3.897315356880426407e-03,1.238279510289430618e-03,2.092544455081224442e-03,1.356337917968630791e-03,1.901048468425869942e-03,2.686266787350177765e-03,5.890024360269308090e-03,2.102427417412400246e-03,2.218455541878938675e-03,6.215714383870363235e-03,1.755377044901251793e-03,2.202875213697552681e-03,1.018828898668289185e-02,5.098187830299139023e-03,2.467906568199396133e-03,3.684058319777250290e-03,1.676830276846885681e-02,4.976557102054357529e-03,5.036873277276754379e-03,2.792307175695896149e-03,3.044832963496446609e-03,2.586973831057548523e-03,2.013728721067309380e-03,7.559190969914197922e-03,4.422435071319341660e-03,2.015249105170369148e-03,2.141158794984221458e-03,3.498467849567532539e-03,4.917470738291740417e-03,3.863099496811628342e-03,4.970435518771409988e-03
3.006549924612045288e-02,2.124070562422275543e-02,1.115390192717313766e-02,1.446407474577426910e-02,1.190855633467435837e-02,8.615165017545223236e-03,1.537390053272247314e-02,6.395027786493301392e-02,4.301934689283370972e-02,1.324168685823678970e-02,1.158180683851242065e-01,1.964898407459259033e-01,3.930911421775817871e-01,6.725176423788070679e-02,1.750649884343147278e-02,2.690589800477027893e-02,9.158230572938919067e-02,1.248173322528600693e-02,7.776304148137569427e-03,2.945315092802047729e-02,9.455117397010326385e-03,2.696855692192912102e-03,4.419086966663599014e-03,2.490810118615627289e-03,3.761151805520057678e-03,1.396359060890972614e-03,2.059448044747114182e-03,2.856854349374771118e-03,2.020312473177909851e-03,1.403143629431724548e-03,1.333451131358742714e-03,2.234675921499729156e-03,2.826109761372208595e-03,5.471505690366029739e-03,8.350856602191925049e-03,2.406165469437837601e-03,4.022680688649415970e-03,4.614423029124736786e-03,2.022889675572514534e-03,1.872698077932000160e-03,5.097989458590745926e-03,2.866592956706881523e-03,1.899558119475841522e-03,3.508776426315307617e-03,3.693138947710394859e-03,2.464032499119639397e-03,2.213582396507263184e-03,2.277088118717074394e-03,3.389585064724087715e-03,1.834538416005671024e-03,1.644743140786886215e-03,2.416417701169848442e-03,1.402076217345893383e-03,1.887829042971134186e-03,1.914547407068312168e-03,3.683989867568016052e-03,4.216012544929981232e-03,4.723437130451202393e-03,6.107572000473737717e-03
4.865526780486106873e-02,2.890101447701454163e-02,3.816027939319610596e-02,4.418414831161499023e-02,1.464653015136718750e-02,5.384971573948860168e-02,4.551975056529045105e-02,7.058831304311752319e-02,1.929251663386821747e-02,1.158180683851242065e-01,6.730435998179018497e-04,2.173849567770957947e-02,7.717904448509216309e-02,3.289659023284912109e-01,3.321078419685363770e-01,1.994322426617145538e-02,1.451998762786388397e-02,1.112299319356679916e-02,6.360433064401149750e-03,1.042864751070737839e-02,3.879124065861105919e-03,2.383316168561577797e-03,3.369781654328107834e-03,1.978665590286254883e-03,2.524205483496189117e-03,1.295444089919328690e-03,2.878991421312093735e-03,1.920101814903318882e-03,9.770655306056141853e-04,1.414350466802716255e-03,7.867942913435399532e-04,1.271118759177625179e-03,2.047551097348332405e-03,1.675975858233869076e-03,1.019801199436187744e-02,6.176945753395557404e-03,2.789855748414993286e-02,3.219440812245011330e-03,1.499748439528048038e-03,6.862321402877569199e-03,7.399038411676883698e-03,1.810329966247081757e-03,7.888729684054851532e-03,3.003673395141959190e-03,4.332799930125474930e-03,2.874368336051702499e-03,1.997525338083505630e-03,2.107852371409535408e-03,2.393842441961169243e-03,2.750167157500982285e-03,3.358335001394152641e-03,2.052025403827428818e-03,3.519334131851792336e-03,1.621030503883957863e-03,2.497603185474872589e-03,3.926381934434175491e-03,2.633661031723022461e-03,2.593430224806070328e-03,4.837768152356147766e-03
1.479307189583778381e-02,6.243270821869373322e-03,4.499507602304220200e-03,3.934749402105808258e-03,4.268392454832792282e-03,1.850464567542076111e-02,4.530108533799648285e-03,1.229537068866193295e-03,2.793117053806781769e-02,1.964898407459259033e-01,2.173849567770957947e-02,5.722777452319860458e-03,1.383866928517818451e-02,8.039393275976181030e-02,2.411237955093383789e-01,1.278838794678449631e-02,3.312266990542411804e-02,2.086729742586612701e-02,2.384618110954761505e-02,4.254378378391265869e-02,1.291887369006872177e-02,4.781483206897974014e-03,7.035877089947462082e-03,3.278648247942328453e-03,3.977448213845491409e-03,3.032797714695334435e-03,2.354182535782456398e-03,3.145209280773997307e-03,3.387126140296459198e-03,1.818394870497286320e-03,2.227525692433118820e-03,2.182873431593179703e-03,7.660957518965005875e-03,6.089801900088787079e-03,6.803908850997686386e-03,3.332023043185472488e-03,4.857892636209726334e-03,7.852920331060886383e-03,2.309768693521618843e-03,3.052881220355629921e-03,7.326890248805284500e-03,4.749683197587728500e-03,2.609797287732362747e-03,3.141811350360512733e-03,7.913863286375999451e-03,4.862474743276834488e-03,3.014033427461981773e-03,3.110961522907018661e-03,3.602120559662580490e-03,2.598120365291833878e-03,2.564341994002461433e-03,3.979970701038837433e-03,2.817443339154124260e-03,3.225946100428700447e-03,3.758911974728107452e-03,4.667299799621105194e-03,5.385298281908035278e-03,5.023621022701263428e-03,5.088061094284057617e-03
7.815551944077014923e-03,2.119980566203594208e-02,1.129389181733131409e-02,7.883316837251186371e-03,2.267632633447647095e-02,1.957739703357219696e-02,8.066675625741481781e-03,1.364988647401332855e-02,2.149004489183425903e-03,3.930911421775817871e-01,7.717904448509216309e-02,1.383866928517818451e-02,5.050919717177748680e-04,9.860193729400634766e-02,4.704283550381660461e-02,1.709838956594467163e-01,2.914132550358772278e-02,2.275287732481956482e-02,3.482866659760475159e-02,1.479412056505680084e-02,2.641373127698898315e-02,9.824579581618309021e-03,8.880504406988620758e-03,1.039553666487336159e-03,1.947137713432312012e-02,3.676587017253041267e-03,2.153281820937991142e-03,5.632096435874700546e-03,1.626610988751053810e-03,2.846653806045651436e-03,2.036221558228135109e-03,3.441485809162259102e-03,4.036606755107641220e-03,1.814418938010931015e-03,6.019018590450286865e-03,4.052459262311458588e-03,8.629630319774150848e-03,9.473821148276329041e-03,2.119294367730617523e-03,3.316841321066021919e-03,3.422677982598543167e-03,1.902741147205233574e-03,2.761884825304150581e-03,2.923060674220323563e-03,3.810352180153131485e-03,3.779840422794222832e-03,1.014803419820964336e-03,3.570222295820713043e-03,2.369248541072010994e-03,2.997132949531078339e-03,2.073995303362607956e-03,1.875602523796260357e-03,4.718127660453319550e-03,2.636954654008150101e-03,2.818538341671228409e-03,4.868595395237207413e-03,2.818712498992681503e-03,4.254314117133617401e-03,2.094158204272389412e-03
1.578070223331451416e-02,1.377987395972013474e-02,1.463328767567873001e-02,2.810537442564964294e-02,1.213803607970476151e-02,2.632916159927845001e-02,1.028571370989084244e-02,5.986853502690792084e-03,2.066137269139289856e-02,6.725176423788070679e-02,3.289659023284912109e-01,8.039393275976181030e-02,9.860193729400634766e-02,4.232867620885372162e-03,1.108605228364467621e-02,3.717929422855377197e-01,2.330746874213218689e-02,7.575814612209796906e-03,1.011809706687927246e-02,2.143169008195400238e-02,2.938097342848777771e-03,1.515640527941286564e-03,1.684203976765275002e-03,2.111341804265975952e-03,7.316368632018566132e-03,4.541929345577955246e-03,4.030674230307340622e-03,3.472973592579364777e-03,1.905245007947087288e-03,1.954601611942052841e-03,2.155686728656291962e-03,1.930387690663337708e-03,4.545186180621385574e-03,3.371322760358452797e-03,4.466047044843435287e-03,5.874120164662599564e-03,8.841214701533317566e-03,3.618960734456777573e-03,3.376273903995752335e-03,4.086835309863090515e-03,4.111897200345993042e-03,2.914266893640160561e-03,3.398515749722719193e-03,4.869536031037569046e-03,5.801354534924030304e-03,4.547968041151762009e-03,1.388979610055685043e-03,2.730359090492129326e-03,2.355737378820776939e-03,3.994466736912727356e-03,1.626439159736037254e-03,2.707358216866850853e-03,4.002657718956470490e-03,1.697172061540186405e-03,2.760188421234488487e-03,2.986107720062136650e-03,2.333452459424734116e-03,3.003787482157349586e-03,6.194516085088253021e-03
9.068062528967857361e-03,6.961846724152565002e-03,8.593261241912841797e-03,1.482889708131551743e-02,4.802581854164600372e-03,2.083892375230789185e-02,2.900512889027595520e-03,1.200131699442863464e-02,3.381663560867309570e-02,1.750649884343147278e-02,3.321078419685363770e-01,2.411237955093383789e-01,4.704283550381660461e-02,1.108605228364467621e-02,4.653722420334815979e-02,3.724036738276481628e-02,2.248783856630325317e-01,3.367674350738525391e-02,1.613560505211353302e-02,1.775624789297580719e-02,1.077320892363786697e-02,1.304186182096600533e-03,7.808238733559846878e-03,1.412563608027994633e-03,2.390493405982851982e-03,2.346458612009882927e-03,1.617673086002469063e-03,2.396445954218506813e-03,2.836483996361494064e-03,1.594198285602033138e-03,3.101546783000230789e-03,1.794491312466561794e-03,2.429025247693061829e-03,7.723568473011255264e-03,1.034345850348472595e-02,5.537083838135004044e-03,6.265209987759590149e-03,1.106362603604793549e-02,2.638367237523198128e-03,4.193087108433246613e-03,1.180382259190082550e-02,3.555565606802701950e-03,2.523287432268261909e-03,4.638808779418468475e-03,5.834924057126045227e-03,3.447987837716937065e-03,2.088101580739021301e-03,2.066384302452206612e-03,3.047255333513021469e-03,2.176669193431735039e-03,2.076771343126893044e-03,3.120999317616224289e-03,1.669312827289104462e-03,2.575834514573216438e-03,1.791337155736982822e-03,3.320208517834544182e-03,2.531206235289573669e-03,2.566231880336999893e-03,3.275972092524170876e-03
1.575911231338977814e-02,1.162241771817207336e-02,9.578022174537181854e-03,8.682599291205406189e-03,2.386903855949640274e-03,6.507089827209711075e-03,7.166296243667602539e-03,1.658361032605171204e-02,8.500992320477962494e-03,2.690589800477027893e-02,1.994322426617145538e-02,1.278838794678449631e-02,1.709838956594467163e-01,3.717929422855377197e-01,3.724036738276481628e-02,1.372294733300805092e-03,1.376350130885839462e-02,2.643650174140930176e-01,1.382772773504257202e-01,6.565657909959554672e-03,1.918946974910795689e-03,1.353374030441045761e-02,2.284863265231251717e-03,2.523619914427399635e-03,6.483248900622129440e-03,3.032301785424351692e-03,3.458200488239526749e-03,3.552748821675777435e-03,1.441677100956439972e-03,3.282333957031369209e-03,1.632060739211738110e-03,7.151362951844930649e-03,2.866701921448111534e-03,2.247644122689962387e-03,4.985916428267955780e-03,1.024967152625322342e-02,2.269831299781799316e-02,2.260424662381410599e-03,4.160453565418720245e-03,3.795670811086893082e-03,3.331893123686313629e-03,2.347919158637523651e-03,5.399704445153474808e-03,5.131451878696680069e-03,2.637833822518587112e-03,6.033957004547119141e-03,1.250235596671700478e-03,4.953931551426649094e-03,4.026570357382297516e-03,4.544290713965892792e-03,1.992470817640423775e-03,1.769196125678718090e-03,5.616355221718549728e-03,4.632111638784408569e-03,4.211370367556810379e-03,4.234994761645793915e-03,2.955726580694317818e-03,2.385866362601518631e-03,4.056107718497514725e-03
3.713152138516306877e-03,4.483633674681186676e-03,4.305757582187652588e-03,4.159072879701852798e-03,3.384592244401574135e-03,7.789575029164552689e-03,3.657018765807151794e-03,4.541668575257062912e-03,1.539071500301361084e-01,9.158230572938919067e-02,1.451998762786388397e-02,3.312266990542411804e-02,2.914132550358772278e-02,2.330746874213218689e-02,2.248783856630325317e-01,1.376350130885839462e-02,3.899350762367248535e-02,3.009858913719654083e-02,1.857466846704483032e-01,2.153280563652515411e-02,1.292236521840095520e-02,5.727448966354131699e-03,1.662882976233959198e-03,1.477511716075241566e-03,1.046811463311314583e-03,9.159318287856876850e-04,2.446711994707584381e-03,3.252296475693583488e-03,3.623000113293528557e-03,3.905025776475667953e-03,3.127811709418892860e-03,2.235753228887915611e-03,8.559204638004302979e-03,1.018207799643278122e-02,1.785566098988056183e-02,3.671858226880431175e-03,8.261969313025474548e-03,1.185256801545619965e-02,2.331603784114122391e-03,1.510816975496709347e-03,8.470095694065093994e-03,5.889103282243013382e-03,2.436147304251790047e-03,2.063340507447719574e-03,1.527178846299648285e-02,5.141042638570070267e-03,3.602363634854555130e-03,4.585961811244487762e-03,5.506416782736778259e-03,1.350565697066485882e-03,3.403045935556292534e-03,7.552206981927156448e-03,2.554820850491523743e-03,2.431627595797181129e-03,2.444563433527946472e-03,2.700464567169547081e-03,5.435149651020765305e-03,2.741038333624601364e-03,2.662163227796554565e-03
1.092604734003543854e-02,8.719495497643947601e-03,6.683201994746923447e-03,1.508933678269386292e-02,3.347757505252957344e-03,4.372828640043735504e-03,8.811600506305694580e-03,2.746953256428241730e-02,9.235228411853313446e-03,1.248173322528600693e-02,1.112299319356679916e-02,2.086729742586612701e-02,2.275287732481956482e-02,7.575814612209796906e-03,3.367674350738525391e-02,2.643650174140930176e-01,3.009858913719654083e-02,5.883493577130138874e-04,4.679974541068077087e-02,6.261429190635681152e-01,5.332632921636104584e-03,1.732966452836990356e-01,1.884453697130084038e-03,1.541118719615042210e-03,3.882827470079064369e-03,1.739568775519728661e-03,5.066712386906147003e-03,4.749007057398557663e-03,4.697417840361595154e-03,1.842698664404451847e-03,3.050148254260420799e-03,3.416531952098011971e-03,6.028626114130020142e-03,1.184898242354393005e-02,4.103027749806642532e-03,9.764497168362140656e-03,7.443727459758520126e-03,6.308249663561582565e-03,4.610425326973199844e-03,4.481250420212745667e-03,3.702639369294047356e-03,2.679802710190415382e-03,2.681192243471741676e-03,4.147393628954887390e-03,3.398669185116887093e-03,3.239368787035346031e-03,1.735320198349654675e-03,3.038269933313131332e-03,5.139598622918128967e-03,2.499352442100644112e-03,2.946519758552312851e-03,2.987456740811467171e-03,4.017739556729793549e-03,4.445530008524656296e-03,2.777362009510397911e-03,2.697443356737494469e-03,4.014025907963514328e-03,1.513874973170459270e-03,2.401357283815741539e-03
3.060290357097983360e-03,2.826578915119171143e-03,2.967331092804670334e-03,3.431496676057577133e-03,4.101385828107595444e-03,5.369557067751884460e-03,5.860991310328245163e-03,8.301724679768085480e-03,7.343938574194908142e-03,7.776304148137569427e-03,6.360433064401149750e-03,2.384618110954761505e-02,3.482866659760475159e-02,1.011809706687927246e-02,1.613560505211353302e-02,1.382772773504257202e-01,1.857466846704483032e-01,4.679974541068077087e-02,1.416857936419546604e-03,3.315455466508865356e-02,2.781619131565093994e-01,3.070549340918660164e-03,7.696075481362640858e-04,1.856405433500185609e-04,4.089335270691663027e-04,5.526925087906420231e-04,3.947785589843988419e-03,1.856833696365356445e-03,3.067247802391648293e-03,6.201827432960271835e-03,5.407853424549102783e-02,1.021584589034318924e-02,1.954100281000137329e-02,2.698038890957832336e-02,3.326641768217086792e-02,1.221135910600423813e-02,4.483521357178688049e-02,8.139796555042266846e-02,6.861889734864234924e-03,5.274659488350152969e-03,1.641936600208282471e-02,1.020831242203712463e-02,5.169425159692764282e-03,1.075536198914051056e-02,9.249445982277393341e-03,4.268680233508348465e-03,2.524361712858080864e-03,1.954659353941679001e-03,9.033161215484142303e-03,1.991923665627837181e-03,2.497872803360223770e-03,2.335664816200733185e-03,2.628871938213706017e-03,1.626942423172295094e-03,1.538468641228973866e-03,1.591219799593091011e-03,1.545860781334340572e-03,1.985982526093721390e-03,2.109699882566928864e-03
4.555702675133943558e-03,3.472044831141829491e-03,4.005387891083955765e-03,2.772449515759944916e-03,2.373490016907453537e-03,6.821531336754560471e-03,4.543876741081476212e-03,6.266400683671236038e-03,4.396510496735572815e-02,2.945315092802047729e-02,1.042864751070737839e-02,4.254378378391265869e-02,1.479412056505680084e-02,2.143169008195400238e-02,1.775624789297580719e-02,6.565657909959554672e-03,2.153280563652515411e-02,6.261429190635681152e-01,3.315455466508865356e-02,4.861699417233467102e-03,1.620354875922203064e-02,3.950827941298484802e-02,1.589299878105521202e-03,2.778537571430206299e-03,2.399717690423130989e-03,1.836532843299210072e-03,3.223037114366889000e-03,4.694086033850908279e-03,2.719637379050254822e-02,6.238109897822141647e-03,1.043076440691947937e-02,1.535936165601015091e-02,8.910499513149261475e-03,1.159772276878356934e-02,3.727608174085617065e-02,4.456527996808290482e-03,5.075308494269847870e-03,2.194864116609096527e-02,4.403381142765283585e-03,1.503542764112353325e-03,7.176291197538375854e-03,2.880837069824337959e-03,2.152539091184735298e-03,1.306983875110745430e-03,5.010303109884262085e-03,3.034948371350765228e-03,4.909227136522531509e-03,2.503152471035718918e-03,4.111172631382942200e-03,1.573304645717144012e-03,3.188070375472307205e-03,3.273443086072802544e-03,1.815591938793659210e-03,2.427510917186737061e-03,2.334655961021780968e-03,1.614158274605870247e-03,5.294341128319501877e-03,3.675172571092844009e-03,2.789127640426158905e-03
3.508062800392508507e-03,1.880772993899881840e-03,2.678188495337963104e-03,2.635950455442070961e-03,1.787649816833436489e-03,2.532758517190814018e-03,5.320150405168533325e-03,2.782473806291818619e-03,1.021217741072177887e-02,9.455117397010326385e-03,3.879124065861105919e-03,1.291887369006872177e-02,2.641373127698898315e-02,2.938097342848777771e-03,1.077320892363786697e-02,1.918946974910795689e-03,1.292236521840095520e-02,5.332632921636104584e-03,2.781619131565093994e-01,1.620354875922203064e-02,2.615242032334208488e-03,2.621023217216134071e-03,1.156484708189964294e-02,4.221676790621131659e-04,4.690945497713983059e-04,6.988901295699179173e-04,1.580100855790078640e-03,5.600579548627138138e-03,7.364228367805480957e-02,4.984660074114799500e-03,2.044048309326171875e-01,2.032240107655525208e-02,8.835982531309127808e-02,3.624120354652404785e-01,1.115340739488601685e-01,7.533321157097816467e-03,1.003344915807247162e-02,7.650822401046752930e-02,1.232782378792762756e-02,3.639590460807085037e-03,2.249383367598056793e-02,2.912099659442901611e-02,4.281539004296064377e-03,2.445714781060814857e-03,1.931188814342021942e-02,4.917780868709087372e-03,3.465584944933652878e-03,3.304688027128577232e-03,3.370167687535285950e-03,1.874474459327757359e-03,3.392564831301569939e-03,5.748559255152940750e-03,2.081991871818900108e-03,1.691273297183215618e-03,1.900683040730655193e-03,2.373673953115940094e-03,1.662737340666353703e-03,2.800326095893979073e-03,1.958782551810145378e-03
2.148898085579276085e-03,1.669332734309136868e-03,2.384207444265484810e-03,2.863035071641206741e-03,2.024003770202398300e-03,7.529432419687509537e-03,2.990354085341095924e-03,2.917642937973141670e-03,1.997630810365080833e-03,2.696855692192912102e-03,2.383316168561577797e-03,4.781483206897974014e-03,9.824579581618309021e-03,1.515640527941286564e-03,1.304186182096600533e-03,1.353374030441045761e-02,5.727448966354131699e-03,1.732966452836990356e-01,3.070549340918660164e-03,3.950827941298484802e-02,2.621023217216134071e-03,2.075063297525048256e-03,4.918006435036659241e-02,4.343722760677337646e-02,5.919624492526054382e-02,2.752160467207431793e-02,7.487101480364799500e-03,4.199643433094024658e-02,1.538462638854980469e-01,5.768157169222831726e-02,2.960620447993278503e-02,9.996993541717529297e-01,4.271166771650314331e-02,5.864151287823915482e-03,1.369140949100255966e-02,1.002434920519590378e-02,5.683942232280969620e-03,4.230450373142957687e-03,5.912273656576871872e-03,1.858006697148084641e-03,3.124952549114823341e-03,2.909327391535043716e-03,2.032569842413067818e-03,1.461102860048413277e-03,1.961808186024427414e-03,2.890955191105604172e-03,1.765982131473720074e-03,4.620574880391359329e-03,1.367278862744569778e-03,2.114210976287722588e-03,2.507681958377361298e-03,1.344490796327590942e-03,2.502203686162829399e-03,4.905217327177524567e-03,1.149465329945087433e-03,1.419871579855680466e-03,2.679895609617233276e-03,1.285547856241464615e-03,1.196347060613334179e-03
1.922944909892976284e-03,2.171149011701345444e-03,2.764642704278230667e-03,2.459696028381586075e-03,2.590999007225036621e-03,2.870557829737663269e-03,4.757475107908248901e-03,3.291882341727614403e-03,4.618228878825902939e-03,4.419086966663599014e-03,3.369781654328107834e-03,7.035877089947462082e-03,8.880504406988620758e-03,1.684203976765275002e-03,7.808238733559846878e-03,2.284863265231251717e-03,1.662882976233959198e-03,1.884453697130084038e-03,7.696075481362640858e-04,1.589299878105521202e-03,1.156484708189964294e-02,4.918006435036659241e-02,1.943949144333600998e-03,2.680536825209856033e-03,1.052863821387290955e-01,1.221768907271325588e-03,2.099968492984771729e-02,3.794929087162017822e-01,3.597642779350280762e-01,4.533547461032867432e-01,6.247079372406005859e-01,8.332809805870056152e-02,4.655024781823158264e-02,1.375166233628988266e-02,1.507960259914398193e-02,6.045671179890632629e-03,3.299090312793850899e-03,3.751055523753166199e-02,5.784462671726942062e-03,2.447697799652814865e-03,2.594522200524806976e-03,1.031925715506076813e-02,1.911264494992792606e-03,2.807358978316187859e-03,5.407328717410564423e-03,3.007899969816207886e-03,2.118104835972189903e-03,3.987042699009180069e-03,2.051106654107570648e-03,1.425196882337331772e-03,8.008264936506748199e-03,1.983990147709846497e-02,9.176119230687618256e-03,2.842337824404239655e-03,2.302218694239854813e-03,1.837374060414731503e-03,2.969200955703854561e-03,2.439545234665274620e-03,1.105493400245904922e-03
4.089192021638154984e-03,3.179550170898437500e-03,3.845818107947707176e-03,3.144666785374283791e-03,3.420188790187239647e-03,2.568193012848496437e-03,3.516666125506162643e-03,2.730078762397170067e-03,2.256030449643731117e-03,2.490810118615627289e-03,1.978665590286254883e-03,3.278648247942328453e-03,1.039553666487336159e-03,2.111341804265975952e-03,1.412563608027994633e-03,2.523619914427399635e-03,1.477511716075241566e-03,1.541118719615042210e-03,1.856405433500185609e-04,2.778537571430206299e-03,4.221676790621131659e-04,4.343722760677337646e-02,2.680536825209856033e-03,1.616757712326943874e-03,3.537976369261741638e-02,3.619203269481658936e-01,7.468391656875610352e-01,4.148219525814056396e-02,2.409873902797698975e-01,9.277827739715576172e-01,1.591183990240097046e-01,5.861406922340393066e-01,1.879871785640716553e-01,3.407555865123867989e-03,6.866183597594499588e-03,1.138815097510814667e-02,4.197270609438419342e-03,2.764799166470766068e-03,4.031842108815908432e-03,2.590262331068515778e-03,2.519909990951418877e-03,1.614155247807502747e-03,3.934388514608144760e-03,4.745172802358865738e-03,9.035266004502773285e-03,3.462411463260650635e-03,2.014997880905866623e-03,6.361369974911212921e-03,5.483560729771852493e-03,6.930248811841011047e-03,6.244350224733352661e-03,1.616570632904767990e-03,3.419954562559723854e-03,5.954556632786989212e-03,5.140347406268119812e-03,3.756552236154675484e-03,3.127840114757418633e-03,1.939966692589223385e-03,2.880582353100180626e-03
5.781895946711301804e-03,4.792585037648677826e-03,5.998368375003337860e-03,6.572233047336339951e-03,4.003691487014293671e-03,4.273423459380865097e-03,8.724224753677845001e-03,4.173304885625839233e-03,2.707652980461716652e-03,3.761151805520057678e-03,2.524205483496189117e-03,3.977448213845491409e-03,1.947137713432312012e-02,7.316368632018566132e-03,2.390493405982851982e-03,6.483248900622129440e-03,1.046811463311314583e-03,3.882827470079064369e-03,4.089335270691663027e-04,2.399717690423130989e-03,4.690945497713983059e-04,5.919624492526054382e-02,1.052863821387290955e-01,3.537976369261741638e-02,7.694670930504798889e-04,1.088735535740852356e-01,9.494654834270477295e-02,1.568326912820339203e-02,6.963311135768890381e-02,2.267952114343643188e-01,3.992564976215362549e-02,4.095257818698883057e-02,1.333282329142093658e-02,7.058723829686641693e-03,6.982126738876104355e-03,6.488570943474769592e-03,4.340028390288352966e-03,2.895347308367490768e-03,5.384401883929967880e-03,4.171476233750581741e-03,2.518893918022513390e-03,2.083924598991870880e-03,3.576113609597086906e-03,3.242916427552700043e-03,2.702928846701979637e-03,4.953750409185886383e-03,1.977729843929409981e-03,6.894700229167938232e-03,4.889030475169420242e-03,1.086611580103635788e-02,9.400801733136177063e-03,1.846595318056643009e-03,4.216613247990608215e-03,1.831427216529846191e-02,5.011368542909622192e-03,3.926663659512996674e-03,4.483940545469522476e-03,3.424290101975202560e-03,4.305225796997547150e-03
1.040203403681516647e-02,5.579928401857614517e-03,5.817013792693614960e-03,4.597480408847332001e-03,5.313571076840162277e-03,6.162899080663919449e-03,5.648554768413305283e-03,5.394037347286939621e-03,1.610254636034369469e-03,1.396359060890972614e-03,1.295444089919328690e-03,3.032797714695334435e-03,3.676587017253041267e-03,4.541929345577955246e-03,2.346458612009882927e-03,3.032301785424351692e-03,9.159318287856876850e-04,1.739568775519728661e-03,5.526925087906420231e-04,1.836532843299210072e-03,6.988901295699179173e-04,2.752160467207431793e-02,1.221768907271325588e-03,3.619203269481658936e-01,1.088735535740852356e-01,9.920955635607242584e-04,1.090689152479171753e-01,3.015586733818054199e-01,4.809284210205078125e-02,5.411975383758544922e-01,1.123070623725652695e-02,1.394622027873992920e-01,2.724115177989006042e-02,2.872047247365117073e-03,4.662273917347192764e-03,8.061228320002555847e-03,5.026844330132007599e-03,2.012651879340410233e-03,7.037146016955375671e-03,8.110134862363338470e-03,1.167610171250998974e-03,1.134175457991659641e-03,7.492269854992628098e-03,6.553756538778543472e-03,2.245731884613633156e-03,5.018813535571098328e-03,2.700490411370992661e-03,9.414711035788059235e-03,5.783141124993562698e-03,4.215105995535850525e-02,1.218756381422281265e-02,2.042576204985380173e-03,4.153965041041374207e-03,1.068235840648412704e-02,4.540267400443553925e-03,5.857986398041248322e-03,6.933340337127447128e-03,2.000357257202267647e-03,7.210938259959220886e-03
7.448584772646427155e-03,3.702792571857571602e-03,3.077891189604997635e-03,2.863428322598338127e-03,1.984561560675501823e-03,2.237876411527395248e-03,1.635310240089893341e-03,2.416694536805152893e-03,1.136157079599797726e-03,2.059448044747114182e-03,2.878991421312093735e-03,2.354182535782456398e-03,2.153281820937991142e-03,4.030674230307340622e-03,1.617673086002469063e-03,3.458200488239526749e-03,2.446711994707584381e-03,5.066712386906147003e-03,3.947785589843988419e-03,3.223037114366889000e-03,1.580100855790078640e-03,7.487101480364799500e-03,2.099968492984771729e-02,7.468391656875610352e-01,9.494654834270477295e-02,1.090689152479171753e-01,1.257719588465988636e-03,1.195118874311447144e-01,4.861320927739143372e-02,9.877973198890686035e-01,8.214683085680007935e-02,5.967286601662635803e-02,7.003973424434661865e-02,5.269221030175685883e-03,2.757508307695388794e-03,4.359891638159751892e-03,4.259423818439245224e-03,2.753350650891661644e-03,6.140637677162885666e-03,5.138879641890525818e-03,1.474250340834259987e-03,1.833572052419185638e-03,3.799648256972432137e-03,1.695527927950024605e-03,2.568769501522183418e-03,6.388178560882806778e-03,1.908716396428644657e-03,5.072816740721464157e-03,2.198023721575737000e-03,1.695040240883827209e-02,6.529270205646753311e-03,2.006541937589645386e-03,4.834449850022792816e-03,2.920181024819612503e-03,4.357240628451108932e-03,3.372351638972759247e-03,3.226745175197720528e-03,3.017414361238479614e-03,6.604265421628952026e-03
