2.727529965341091156e-03,3.853501379489898682e-02,1.242159605026245117e-01,7.434650510549545288e-02,2.252481132745742798e-01,7.063175737857818604e-02,5.048489570617675781e-02,7.722925394773483276e-02,2.425456792116165161e-02,1.358266640454530716e-02,1.945614255964756012e-02,2.276727184653282166e-02,4.497734829783439636e-03,1.807638071477413177e-02,1.059923321008682251e-02,1.849314756691455841e-02,3.229169175028800964e-03,8.337378501892089844e-03,2.970424946397542953e-03,3.107334487140178680e-03,2.426379593089222908e-03,1.787911984138190746e-03,1.145945047028362751e-03,2.973505528643727303e-03,4.832536913454532623e-03,7.830308750271797180e-03,2.286179922521114349e-03,2.199281239882111549e-03,2.503001131117343903e-03,2.562351059168577194e-03,1.345034572295844555e-03,1.954723382368683815e-03,2.059892052784562111e-03,2.001665532588958740e-03,3.581840544939041138e-03,8.349431678652763367e-03,4.814845044165849686e-03,2.469495404511690140e-03,2.704500220715999603e-03,6.091597490012645721e-03,2.983984770253300667e-03,2.364952582865953445e-03,6.161854136735200882e-03,5.516680423170328140e-03,2.865731483325362206e-03,5.678229033946990967e-03,2.759688533842563629e-03,9.004853665828704834e-03,5.370125174522399902e-03,1.049987599253654480e-02,4.239686299115419388e-03,2.914419397711753845e-03,2.772834617644548416e-03,5.015076603740453720e-03,9.372858330607414246e-03,1.662813499569892883e-02,3.053011838346719742e-03,2.421327168121933937e-03,6.271393969655036926e-03
3.853501379489898682e-02,2.598948311060667038e-03,2.145519703626632690e-01,1.379223763942718506e-01,3.866453766822814941e-01,1.865290105342864990e-02,7.461677491664886475e-02,1.524004042148590088e-01,2.550280466675758362e-02,5.811137612909078598e-03,3.310647979378700256e-02,1.104195043444633484e-02,2.330242283642292023e-02,2.490870282053947449e-02,6.031421478837728500e-03,1.993049681186676025e-02,2.428314881399273872e-03,7.827633991837501526e-03,2.114690840244293213e-03,2.145253121852874756e-03,1.823634374886751175e-03,1.889495411887764931e-03,1.112477038986980915e-03,4.867428913712501526e-03,4.404784180223941803e-03,7.922759279608726501e-03,3.794563701376318932e-03,2.795181702822446823e-03,1.735190628096461296e-03,2.292555756866931915e-03,2.321527339518070221e-03,1.587381586432456970e-03,2.740107709541916847e-03,2.421516226604580879e-03,5.864087492227554321e-03,1.209163293242454529e-02,9.643493220210075378e-03,1.782986335456371307e-03,4.180810414254665375e-03,8.840053342282772064e-03,3.107514698058366776e-03,1.721694134175777435e-03,5.383213981986045837e-03,1.410182099789381027e-02,2.457540715113282204e-03,3.416397375985980034e-03,1.550383516587316990e-03,4.475995432585477829e-03,3.773220814764499664e-03,4.745539743453264236e-03,3.065701108425855637e-03,1.843673526309430599e-03,2.605417277663946152e-03,3.660825779661536217e-03,5.839376710355281830e-03,1.230584457516670227e-02,3.387693082913756371e-03,2.202255884185433388e-03,5.687807686626911163e-03
1.242159605026245117e-01,2.145519703626632690e-01,4.080010205507278442e-02,6.655503064393997192e-02,5.620217919349670410e-01,1.137261465191841125e-01,8.237119019031524658e-02,3.445592895150184631e-02,1.098124403506517410e-02,7.676383014768362045e-03,8.068709634244441986e-03,6.265750154852867126e-03,7.604023441672325134e-03,8.762187324464321136e-03,7.966048084199428558e-03,1.746624894440174103e-02,3.485586727038025856e-03,7.919046096503734589e-03,4.953945521265268326e-03,2.730029169470071793e-03,1.986419083550572395e-03,2.020302694290876389e-03,1.426971168257296085e-03,1.538607059046626091e-03,4.667886532843112946e-03,7.794003002345561981e-03,1.473499462008476257e-03,3.148573450744152069e-03,2.077994169667363167e-03,2.460917923599481583e-03,9.730430901981890202e-04,1.595811918377876282e-03,2.939549041911959648e-03,1.960824243724346161e-03,4.917778540402650833e-03,3.886093152686953545e-03,8.777582086622714996e-03,2.217239933088421822e-03,3.087607212364673615e-03,9.985016658902168274e-03,4.213174805045127869e-03,2.141122007742524147e-03,5.933180917054414749e-03,4.402733407914638519e-03,3.461904590949416161e-03,3.802915103733539581e-03,2.167416503652930260e-03,4.474170506000518799e-03,3.985119517892599106e-03,1.633905619382858276e-02,2.938076155260205269e-03,2.292657271027565002e-03,3.748590825125575066e-03,3.692712867632508278e-03,7.507908623665571213e-03,9.763939306139945984e-03,3.295163391157984734e-03,2.277778228744864464e-03,8.211739361286163330e-03
7.434650510549545288e-02,1.379223763942718506e-01,6.655503064393997192e-02,2.520063146948814392e-02,8.036131262779235840e-01,1.153861507773399353e-01,1.311583817005157471e-02,9.963600039482116699e-01,5.921721085906028748e-02,1.735024899244308472e-02,1.291736811399459839e-01,1.261853706091642380e-02,1.034663151949644089e-02,6.215475872159004211e-02,1.791120320558547974e-02,2.324127592146396637e-02,4.726138897240161896e-03,1.386615168303251266e-02,5.922646727412939072e-03,3.868003375828266144e-03,2.893163589760661125e-03,2.120241522789001465e-03,1.286959159187972546e-03,2.351319417357444763e-03,1.893878332339227200e-03,2.194312168285250664e-03,1.952500315383076668e-03,1.294948742724955082e-03,1.096424064598977566e-03,1.454757992178201675e-03,6.417419645003974438e-04,8.917871164157986641e-04,1.543276011943817139e-03,1.148290000855922699e-03,3.983673639595508575e-03,2.215079264715313911e-03,2.916836878284811974e-03,1.799865975044667721e-03,1.180588500574231148e-03,2.987530548125505447e-03,2.180164214223623276e-03,2.934922231361269951e-03,2.272526267915964127e-03,6.805281620472669601e-03,5.023137200623750687e-03,3.896147245541214943e-03,1.488232868723571301e-03,3.565168939530849457e-03,2.336211502552032471e-03,2.422574907541275024e-03,3.317216411232948303e-03,2.271523233503103256e-03,1.790288835763931274e-03,3.875151742249727249e-03,1.901120995171368122e-03,3.232452319934964180e-03,2.309771953150629997e-03,1.898979535326361656e-03,3.646331606432795525e-03
2.252481132745742798e-01,3.866453766822814941e-01,5.620217919349670410e-01,8.036131262779235840e-01,5.748017225414514542e-03,3.293626010417938232e-02,8.655179142951965332e-01,4.475421309471130371e-01,3.743674606084823608e-02,4.849242046475410461e-03,1.913614571094512939e-02,2.711680717766284943e-03,1.321852952241897583e-02,1.289786398410797119e-02,9.994133375585079193e-03,3.496101126074790955e-02,3.176418831571936607e-03,7.470232434570789337e-03,4.448120016604661942e-03,2.413583453744649887e-03,1.959394197911024094e-03,2.220027614384889603e-03,1.493299379944801331e-03,1.567347790114581585e-03,2.315707737579941750e-03,5.896793212741613388e-03,2.630889415740966797e-03,1.829980872571468353e-03,1.357371686026453972e-03,1.665018498897552490e-03,8.914141799323260784e-04,1.803412800654768944e-03,2.407865831628441811e-03,1.146750291809439659e-03,4.099853336811065674e-03,4.423541016876697540e-03,4.910908639430999756e-03,1.415588892996311188e-03,1.744395587593317032e-03,5.983659066259860992e-03,2.360443118959665298e-03,1.601641415618360043e-03,2.774026710540056229e-03,3.930175211280584335e-03,1.614894601516425610e-03,2.828179858624935150e-03,1.653195125982165337e-03,2.681434387341141701e-03,3.285620827227830887e-03,6.648119073361158371e-03,2.701304852962493896e-03,2.568134106695652008e-03,4.384275991469621658e-03,3.763588145375251770e-03,3.375975415110588074e-03,5.268590524792671204e-03,1.994674559682607651e-03,1.421527471393346786e-03,4.450563807040452957e-03
7.063175737857818604e-02,1.865290105342864990e-02,1.137261465191841125e-01,1.153861507773399353e-01,3.293626010417938232e-02,1.879705116152763367e-02,8.751375600695610046e-03,5.796902626752853394e-02,1.477890014648437500e-01,7.565986365079879761e-03,6.015742942690849304e-02,7.655395194888114929e-03,6.357913371175527573e-03,9.062900207936763763e-03,2.065920270979404449e-02,2.640654146671295166e-02,4.669178277254104614e-03,8.638168685138225555e-03,5.766038782894611359e-03,7.488373667001724243e-03,4.591653123497962952e-03,5.554434843361377716e-03,2.806886797770857811e-03,3.738031722605228424e-03,4.307210911065340042e-03,5.641625262796878815e-03,1.685019582509994507e-03,2.308759139850735664e-03,1.852759509347379208e-03,2.599337836727499962e-03,1.371488091535866261e-03,2.453802851960062981e-03,1.616303692571818829e-03,3.246256615966558456e-03,4.952953662723302841e-03,3.113150596618652344e-03,5.356076639145612717e-03,2.537759253755211830e-03,2.189504448324441910e-03,5.369022488594055176e-03,3.122045425698161125e-03,3.419642569497227669e-03,3.511606715619564056e-03,4.412504844367504120e-03,3.940985072404146194e-03,9.890337474644184113e-03,5.701742600649595261e-03,3.517169272527098656e-03,6.458519026637077332e-03,5.424359813332557678e-03,3.409860888496041298e-03,4.789736121892929077e-03,3.742212196812033653e-03,4.739654250442981720e-03,3.635917790234088898e-03,3.702621906995773315e-03,2.784396987408399582e-03,2.394892508164048195e-03,3.138813888654112816e-03
5.048489570617675781e-02,7.461677491664886475e-02,8.237119019031524658e-02,1.311583817005157471e-02,8.655179142951965332e-01,8.751375600695610046e-03,3.833240829408168793e-03,4.667191207408905029e-02,6.555318832397460938e-02,2.697907947003841400e-02,7.163870614022016525e-03,3.483468899503350258e-03,4.962257295846939087e-02,2.449571527540683746e-02,1.927643828094005585e-02,4.567143321037292480e-02,6.541625596582889557e-03,1.267289463430643082e-02,8.505027741193771362e-03,2.560313092544674873e-03,8.217768743634223938e-03,3.249277593567967415e-03,2.757863607257604599e-03,3.861470147967338562e-03,3.364424454048275948e-03,8.659900166094303131e-03,1.295514986850321293e-03,1.942932489328086376e-03,1.600046874955296516e-03,1.692492747679352760e-03,1.198914367705583572e-03,1.996461767703294754e-03,2.914078533649444580e-03,2.533963648602366447e-03,7.166146300733089447e-03,2.874144120141863823e-03,7.432135753333568573e-03,3.279564669355750084e-03,2.702676923945546150e-03,4.081233870238065720e-03,3.421089146286249161e-03,4.066484048962593079e-03,4.512099083513021469e-03,4.396331496536731720e-03,2.235359745100140572e-03,4.880391992628574371e-03,2.595448866486549377e-03,4.952697549015283585e-03,6.685772910714149475e-03,2.193833934143185616e-03,3.987639211118221283e-03,3.881793003529310226e-03,4.573083017021417618e-03,2.833019942045211792e-03,2.551631769165396690e-03,4.047671798616647720e-03,3.076171269640326500e-03,1.773804426193237305e-03,3.023695200681686401e-03
7.722925394773483276e-02,1.524004042148590088e-01,3.445592895150184631e-02,9.963600039482116699e-01,4.475421309471130371e-01,5.796902626752853394e-02,4.667191207408905029e-02,3.571754321455955505e-03,1.022657006978988647e-02,2.067795582115650177e-02,6.359200477600097656e-01,1.727593597024679184e-03,1.550618745386600494e-02,3.837055712938308716e-02,4.953224211931228638e-03,7.150369137525558472e-02,6.167016457766294479e-03,1.085827127099037170e-02,5.286228377372026443e-03,4.682262428104877472e-03,3.573619760572910309e-03,3.699121763929724693e-03,1.671429607085883617e-03,1.586909289471805096e-03,3.263231134042143822e-03,3.145808819681406021e-03,1.859723008237779140e-03,1.897772541269659996e-03,1.253200112842023373e-03,2.146987011656165123e-03,6.610718555748462677e-04,1.265421393327414989e-03,1.453853794373571873e-03,1.567394705489277840e-03,4.707880783826112747e-03,5.864654202014207840e-03,5.792255979031324387e-03,1.421714434400200844e-03,2.506837714463472366e-03,4.734434187412261963e-03,3.073265310376882553e-03,1.845908933319151402e-03,2.867890754714608192e-03,3.413602942600846291e-03,3.066960489377379417e-03,2.917373785749077797e-03,1.933940802700817585e-03,7.186302915215492249e-03,5.505281034857034683e-03,3.602314041927456856e-03,1.761907362379133701e-03,1.629147445783019066e-03,1.728748553432524204e-03,2.762249670922756195e-03,2.701363526284694672e-03,3.891902742907404900e-03,1.493744435720145702e-03,1.167488866485655308e-03,3.243921557441353798e-03
2.425456792116165161e-02,2.550280466675758362e-02,1.098124403506517410e-02,5.921721085906028748e-02,3.743674606084823608e-02,1.477890014648437500e-01,6.555318832397460938e-02,1.022657006978988647e-02,3.788954019546508789e-02,2.616539783775806427e-02,6.773374974727630615e-02,2.598176896572113037e-02,2.277655526995658875e-02,1.418101042509078979e-02,1.088100522756576538e-01,1.137499418109655380e-02,6.800228357315063477e-02,1.793390698730945587e-02,9.363800287246704102e-03,3.417105600237846375e-02,1.600862853229045868e-02,4.034012090414762497e-03,2.093282528221607208e-03,1.681606052443385124e-03,2.154105808585882187e-03,2.201435621827840805e-03,1.242142869159579277e-03,2.005654154345393181e-03,3.342801937833428383e-03,1.345096621662378311e-03,1.804669038392603397e-03,1.198686659336090088e-03,1.932950806804001331e-03,2.554498845711350441e-03,4.355941433459520340e-03,1.646427321247756481e-03,1.997887389734387398e-03,6.484200712293386459e-03,1.922333729453384876e-03,1.289157546125352383e-03,7.823413237929344177e-03,9.299424476921558380e-03,1.588499639183282852e-03,3.869587555527687073e-03,1.584867015480995178e-02,3.824810963124036789e-03,7.184839807450771332e-03,4.485317505896091461e-03,4.105156287550926208e-03,2.280313288792967796e-03,2.694488270208239555e-03,5.031487438827753067e-03,1.742816064506769180e-03,2.479033078998327255e-03,1.933151273988187313e-03,1.707652001641690731e-03,3.060769056901335716e-03,1.579865464009344578e-03,3.035016125068068504e-03
1.358266640454530716e-02,5.811137612909078598e-03,7.676383014768362045e-03,1.735024899244308472e-02,4.849242046475410461e-03,7.565986365079879761e-03,2.697907947003841400e-02,2.067795582115650177e-02,2.616539783775806427e-02,3.621948137879371643e-02,8.990900963544845581e-02,5.910539031028747559e-01,4.641808196902275085e-02,1.235872730612754822e-01,9.655465185642242432e-02,5.752621963620185852e-02,1.192760169506072998e-01,2.441733516752719879e-02,1.291478238999843597e-02,7.628115266561508179e-02,6.816703826189041138e-03,3.999766893684864044e-03,2.712391549721360207e-03,2.823230344802141190e-03,4.617387428879737854e-03,2.570478012785315514e-03,1.274871989153325558e-03,2.966786734759807587e-03,1.854679314419627190e-03,1.592188375070691109e-03,1.539718825370073318e-03,1.510873087681829929e-03,2.243796596303582191e-03,4.232487641274929047e-03,4.626453854143619537e-03,2.569903386756777763e-03,3.456041682511568069e-03,4.554509185254573822e-03,1.778940204530954361e-03,2.323304070159792900e-03,6.109517533332109451e-03,3.192173549905419350e-03,1.747497823089361191e-03,2.587180584669113159e-03,5.634449888020753860e-03,3.232352668419480324e-03,4.305281210690736771e-03,3.477835562080144882e-03,4.448730498552322388e-03,1.715854858048260212e-03,2.794922562316060066e-03,3.076150780543684959e-03,2.156761940568685532e-03,2.587421797215938568e-03,2.192712156102061272e-03,2.083115512505173683e-03,2.020778832957148552e-03,1.443760702386498451e-03,2.161234850063920021e-03
1.945614255964756012e-02,3.310647979378700256e-02,8.068709634244441986e-03,1.291736811399459839e-01,1.913614571094512939e-02,6.015742942690849304e-02,7.163870614022016525e-03,6.359200477600097656e-01,6.773374974727630615e-02,8.990900963544845581e-02,5.069752805866301060e-04,4.433896020054817200e-02,2.022549510002136230e-01,8.238904476165771484e-01,7.511615753173828125e-03,3.287359327077865601e-02,1.094950735569000244e-02,1.238410472869873047e-01,2.164650522172451019e-02,6.198154296725988388e-03,7.352711167186498642e-03,4.627066664397716522e-03,1.291116932407021523e-03,3.239193232730031013e-03,3.986506722867488861e-03,5.142720416188240051e-03,2.745362697169184685e-03,3.198709338903427124e-03,9.696077904663980007e-04,1.462635700590908527e-03,1.542918966151773930e-03,1.018256414681673050e-03,1.974262762814760208e-03,2.057168865576386452e-03,6.600696593523025513e-03,4.440223332494497299e-03,9.215049445629119873e-03,3.923671320080757141e-03,1.444081775844097137e-03,4.227580968290567398e-03,8.283689618110656738e-03,1.437271363101899624e-03,2.197613939642906189e-03,7.317570503801107407e-03,8.193917572498321533e-03,2.467842074111104012e-03,2.143488964065909386e-03,2.145731821656227112e-03,2.304917899891734123e-03,2.174866851419210434e-03,1.115249004215002060e-03,1.208754722028970718e-03,1.292147208005189896e-03,2.498519141227006912e-03,1.850935048423707485e-03,2.494581509381532669e-03,8.696072036400437355e-04,1.108348486013710499e-03,1.809756970033049583e-03
2.276727184653282166e-02,1.104195043444633484e-02,6.265750154852867126e-03,1.261853706091642380e-02,2.711680717766284943e-03,7.655395194888114929e-03,3.483468899503350258e-03,1.727593597024679184e-03,2.598176896572113037e-02,5.910539031028747559e-01,4.433896020054817200e-02,1.080143600702285767e-01,1.048597916960716248e-01,1.334892511367797852e-01,4.783351123332977295e-01,2.258382178843021393e-02,6.703658401966094971e-02,4.940322134643793106e-03,1.758952625095844269e-02,4.395260289311408997e-02,1.497615221887826920e-02,8.819625712931156158e-03,4.494089633226394653e-03,3.532933769747614861e-03,3.822024911642074585e-03,3.579082898795604706e-03,1.947821816429495811e-03,5.330321379005908966e-03,3.453277284279465675e-03,1.800996251404285431e-03,1.893874607048928738e-03,1.804229221306741238e-03,2.877353224903345108e-03,3.186865942552685738e-03,4.490743856877088547e-03,2.044785767793655396e-03,4.117569420486688614e-03,6.554182153195142746e-03,1.257642987184226513e-03,1.800889964215457439e-03,8.766052313148975372e-03,4.862643312662839890e-03,1.744789187796413898e-03,2.396523486822843552e-03,1.256822049617767334e-02,2.614443656057119370e-03,5.943136289715766907e-03,3.279665717855095863e-03,2.688932698220014572e-03,1.502284780144691467e-03,2.694829134270548820e-03,4.143547266721725464e-03,1.303304452449083328e-03,2.158632734790444374e-03,1.542343874461948872e-03,1.722272019833326340e-03,2.139684977009892464e-03,2.090628724545240402e-03,1.812501810491085052e-03
4.497734829783439636e-03,2.330242283642292023e-02,7.604023441672325134e-03,1.034663151949644089e-02,1.321852952241897583e-02,6.357913371175527573e-03,4.962257295846939087e-02,1.550618745386600494e-02,2.277655526995658875e-02,4.641808196902275085e-02,2.022549510002136230e-01,1.048597916960716248e-01,8.630237425677478313e-04,1.999420076608657837e-01,1.674226224422454834e-01,2.324817180633544922e-01,7.891719229519367218e-03,4.203625768423080444e-02,8.680440485477447510e-03,1.789907924830913544e-02,9.562808088958263397e-03,3.332485212013125420e-03,5.420680157840251923e-03,2.183685544878244400e-03,2.279291674494743347e-02,2.646626206114888191e-03,1.815093564800918102e-03,2.857018727809190750e-03,2.698828931897878647e-03,5.155615508556365967e-03,2.075024880468845367e-03,3.425811883062124252e-03,1.396905747242271900e-03,2.426879480481147766e-03,1.187181659042835236e-02,2.573322039097547531e-03,6.854199338704347610e-03,5.927840247750282288e-03,2.068303758278489113e-03,2.827295102179050446e-03,6.817504297941923141e-03,1.765419030562043190e-03,2.003281842917203903e-03,4.499981645494699478e-03,7.189420051872730255e-03,2.927072811871767044e-03,1.723737572319805622e-03,5.230642389506101608e-03,2.272370504215359688e-03,2.040957566350698471e-03,2.018186729401350021e-03,1.244874671101570129e-03,3.074631560593843460e-03,2.208414021879434586e-03,4.305340349674224854e-03,3.046114230528473854e-03,1.176189980469644070e-03,2.432849491015076637e-03,2.466261386871337891e-03
1.807638071477413177e-02,2.490870282053947449e-02,8.762187324464321136e-03,6.215475872159004211e-02,1.289786398410797119e-02,9.062900207936763763e-03,2.449571527540683746e-02,3.837055712938308716e-02,1.418101042509078979e-02,1.235872730612754822e-01,8.238904476165771484e-01,1.334892511367797852e-01,1.999420076608657837e-01,2.068305620923638344e-03,3.014432452619075775e-02,1.437825988978147507e-02,4.105534404516220093e-02,3.161668777465820312e-02,1.349804643541574478e-02,7.486874703317880630e-03,1.301417825743556023e-03,2.786901779472827911e-03,1.781201572157442570e-03,2.071993891149759293e-03,4.387186840176582336e-03,5.193638615310192108e-03,2.113525057211518288e-03,1.787342713214457035e-03,1.482463325373828411e-03,3.078185254707932472e-03,1.270945649594068527e-03,2.444447018206119537e-03,4.400973673909902573e-03,7.062443997710943222e-03,7.512870244681835175e-03,3.070639679208397865e-03,1.722817495465278625e-02,7.980939932167530060e-03,2.295236103236675262e-03,2.556042280048131943e-03,5.097696557641029358e-03,2.188701415434479713e-03,3.247942076995968819e-03,7.524021901190280914e-03,7.410814054310321808e-03,7.408232893794775009e-03,2.186672529205679893e-03,2.595087280496954918e-03,2.585025737062096596e-03,1.883045188151299953e-03,1.784947817213833332e-03,1.435120007954537868e-03,1.760867773555219173e-03,1.731965690851211548e-03,1.837787684053182602e-03,2.540474059060215950e-03,1.888488535769283772e-03,8.859965018928050995e-04,1.701632631011307240e-03
1.059923321008682251e-02,6.031421478837728500e-03,7.966048084199428558e-03,1.791120320558547974e-02,9.994133375585079193e-03,2.065920270979404449e-02,1.927643828094005585e-02,4.953224211931228638e-03,1.088100522756576538e-01,9.655465185642242432e-02,7.511615753173828125e-03,4.783351123332977295e-01,1.674226224422454834e-01,3.014432452619075775e-02,1.722303219139575958e-02,1.392694748938083649e-02,6.189753860235214233e-02,1.124777458608150482e-02,4.263984970748424530e-03,2.472850121557712555e-02,1.288477517664432526e-02,2.064144704490900040e-03,3.707566531375050545e-03,1.725483103655278683e-03,2.532817656174302101e-03,1.929460908286273479e-03,1.566613558679819107e-03,2.518710447475314140e-03,2.844356466084718704e-03,1.948148128576576710e-03,2.611635020002722740e-03,1.795882359147071838e-03,3.476193407550454140e-03,5.220972932875156403e-03,1.793648488819599152e-02,3.384835086762905121e-03,6.277804262936115265e-03,2.533147111535072327e-02,1.989161362871527672e-03,2.388694090768694878e-03,3.762850537896156311e-02,7.607561536133289337e-03,1.897974871098995209e-03,4.131303168833255768e-03,2.045293897390365601e-02,5.825364030897617340e-03,4.274013917893171310e-03,1.973142148926854134e-03,3.218887140974402428e-03,1.267012674361467361e-03,2.136706141754984856e-03,3.472036449238657951e-03,1.415182370692491531e-03,1.749699469655752182e-03,1.611655810847878456e-03,1.699385466054081917e-03,2.073718933388590813e-03,1.756329787895083427e-03,2.275450620800256729e-03
1.849314756691455841e-02,1.993049681186676025e-02,1.746624894440174103e-02,2.324127592146396637e-02,3.496101126074790955e-02,2.640654146671295166e-02,4.567143321037292480e-02,7.150369137525558472e-02,1.137499418109655380e-02,5.752621963620185852e-02,3.287359327077865601e-02,2.258382178843021393e-02,2.324817180633544922e-01,1.437825988978147507e-02,1.392694748938083649e-02,1.043037162162363529e-03,2.523523755371570587e-03,9.854457378387451172e-01,2.088091522455215454e-01,3.920102491974830627e-03,8.559908717870712280e-03,9.211237542331218719e-03,1.281361677683889866e-03,4.434655420482158661e-03,1.241506543010473251e-02,8.313863538205623627e-03,1.678160973824560642e-03,2.607224509119987488e-03,2.078906865790486336e-03,3.903623670339584351e-03,1.526012201793491840e-03,3.493789816275238991e-03,4.368640948086977005e-03,2.859013853594660759e-03,3.060977207496762276e-03,2.794741885736584663e-03,3.695037961006164551e-02,2.609621034935116768e-03,3.230761270970106125e-03,4.165759775787591934e-03,3.077774308621883392e-03,1.663935370743274689e-03,2.767641795799136162e-03,2.712310291826725006e-03,5.009799264371395111e-03,2.235791645944118500e-03,1.244519604369997978e-03,3.952620550990104675e-03,1.697307801805436611e-03,1.197919016703963280e-03,1.561391749419271946e-03,8.124231826514005661e-04,6.981102633289992809e-04,1.650155405513942242e-03,1.917245564982295036e-03,5.749993026256561279e-03,1.149477437138557434e-03,6.751971086487174034e-04,2.640446880832314491e-03
3.229169175028800964e-03,2.428314881399273872e-03,3.485586727038025856e-03,4.726138897240161896e-03,3.176418831571936607e-03,4.669178277254104614e-03,6.541625596582889557e-03,6.167016457766294479e-03,6.800228357315063477e-02,1.192760169506072998e-01,1.094950735569000244e-02,6.703658401966094971e-02,7.891719229519367218e-03,4.105534404516220093e-02,6.189753860235214233e-02,2.523523755371570587e-03,1.300936657935380936e-02,2.992554334923624992e-03,3.022442571818828583e-02,1.660207659006118774e-01,5.373403057456016541e-02,1.562200207263231277e-02,1.352557446807622910e-02,5.982552655041217804e-03,3.208707319572567940e-03,2.611437579616904259e-03,2.787466393783688545e-03,4.926539026200771332e-03,8.400258608162403107e-03,5.560870748013257980e-03,5.184206180274486542e-03,3.488032147288322449e-03,1.115763746201992035e-02,6.949719507247209549e-03,3.873521834611892700e-02,2.038761973381042480e-03,7.912710309028625488e-03,2.808741107583045959e-02,1.663698581978678703e-03,1.644199131987988949e-03,1.766137406229972839e-02,6.998435128480195999e-03,1.366352662444114685e-03,2.272946760058403015e-03,1.227036211639642715e-02,3.105166833847761154e-03,1.214068941771984100e-02,3.206359455361962318e-03,2.467600395902991295e-03,1.371046062558889389e-03,4.255861975252628326e-03,4.103865940123796463e-03,1.235704403370618820e-03,2.080386504530906677e-03,1.685875584371387959e-03,2.058232203125953674e-03,2.224190859124064445e-03,1.758962869644165039e-03,2.205787692219018936e-03
8.337378501892089844e-03,7.827633991837501526e-03,7.919046096503734589e-03,1.386615168303251266e-02,7.470232434570789337e-03,8.638168685138225555e-03,1.267289463430643082e-02,1.085827127099037170e-02,1.793390698730945587e-02,2.441733516752719879e-02,1.238410472869873047e-01,4.940322134643793106e-03,4.203625768423080444e-02,3.161668777465820312e-02,1.124777458608150482e-02,9.854457378387451172e-01,2.992554334923624992e-03,1.097313710488379002e-03,9.413363039493560791e-02,6.408850848674774170e-02,2.383686974644660950e-02,6.950189173221588135e-02,5.113738588988780975e-04,8.602855959907174110e-04,3.309857565909624100e-03,2.097242511808872223e-03,3.996206913143396378e-03,3.366481279954314232e-03,4.739361815154552460e-03,6.739468313753604889e-03,3.868090221658349037e-03,7.497271057218313217e-03,5.189436953514814377e-03,4.287175834178924561e-03,8.055461570620536804e-03,6.792211905121803284e-03,9.646208025515079498e-03,6.028054282069206238e-03,2.222844166681170464e-03,2.626302652060985565e-03,4.166222643107175827e-03,4.365676082670688629e-03,2.220800844952464104e-03,4.356895107775926590e-03,5.084478296339511871e-03,3.517668927088379860e-03,3.944895230233669281e-03,2.110871719196438789e-03,3.739931853488087654e-03,2.915145596489310265e-03,1.635666820220649242e-03,1.180811668746173382e-03,1.968038734048604965e-03,1.500391867011785507e-03,2.004333538934588432e-03,1.984801376238465309e-03,1.669738092459738255e-03,1.252524089068174362e-03,2.999109914526343346e-03
2.970424946397542953e-03,2.114690840244293213e-03,4.953945521265268326e-03,5.922646727412939072e-03,4.448120016604661942e-03,5.766038782894611359e-03,8.505027741193771362e-03,5.286228377372026443e-03,9.363800287246704102e-03,1.291478238999843597e-02,2.164650522172451019e-02,1.758952625095844269e-02,8.680440485477447510e-03,1.349804643541574478e-02,4.263984970748424530e-03,2.088091522455215454e-01,3.022442571818828583e-02,9.413363039493560791e-02,2.539887093007564545e-03,8.265546709299087524e-02,8.399510383605957031e-02,8.227576501667499542e-03,1.587753416970372200e-03,3.290027612820267677e-03,3.085528034716844559e-03,1.044051721692085266e-03,1.119349524378776550e-02,5.529335234314203262e-03,1.232466008514165878e-02,3.575300052762031555e-02,2.222796157002449036e-02,1.136506255716085434e-02,2.228868938982486725e-02,8.014567196369171143e-03,1.787219941616058350e-02,7.376142311841249466e-03,1.774492487311363220e-02,1.868270523846149445e-02,4.331845324486494064e-03,3.949351608753204346e-03,1.125037297606468201e-02,9.388974867761135101e-03,3.515541786327958107e-03,1.188146416097879410e-02,6.015638820827007294e-03,2.763631986454129219e-03,3.325539873912930489e-03,2.158408751711249352e-03,3.174256300553679466e-03,1.533498056232929230e-03,2.368704183027148247e-03,1.366820652037858963e-03,9.022325393743813038e-04,1.677444553934037685e-03,1.084093120880424976e-03,1.431219279766082764e-03,1.484373118728399277e-03,1.067880424670875072e-03,1.455834950320422649e-03
3.107334487140178680e-03,2.145253121852874756e-03,2.730029169470071793e-03,3.868003375828266144e-03,2.413583453744649887e-03,7.488373667001724243e-03,2.560313092544674873e-03,4.682262428104877472e-03,3.417105600237846375e-02,7.628115266561508179e-02,6.198154296725988388e-03,4.395260289311408997e-02,1.789907924830913544e-02,7.486874703317880630e-03,2.472850121557712555e-02,3.920102491974830627e-03,1.660207659006118774e-01,6.408850848674774170e-02,8.265546709299087524e-02,9.199541062116622925e-02,3.594657033681869507e-02,4.256935417652130127e-02,1.136827748268842697e-02,8.088716305792331696e-03,4.074179567396640778e-03,4.139413591474294662e-03,1.791381277143955231e-02,7.395764812827110291e-03,5.686038359999656677e-02,6.159422453492879868e-03,6.400375626981258392e-03,3.425056580454111099e-03,1.586422882974147797e-02,1.136900670826435089e-02,1.528689730912446976e-02,2.068527974188327789e-03,5.648782476782798767e-03,1.820595562458038330e-02,1.638544839806854725e-03,1.471759169362485409e-03,9.731848724186420441e-03,4.502827767282724380e-03,1.122325658798217773e-03,1.119033317081630230e-03,5.468249786645174026e-03,2.574207028374075890e-03,9.042052552103996277e-03,2.346492139622569084e-03,2.013321500271558762e-03,9.796745143830776215e-04,2.067449502646923065e-03,3.541328711435198784e-03,8.425528067164123058e-04,1.912235398776829243e-03,1.413288176991045475e-03,1.425295835360884666e-03,2.590746385976672173e-03,1.502453582361340523e-03,2.368344692513346672e-03
2.426379593089222908e-03,1.823634374886751175e-03,1.986419083550572395e-03,2.893163589760661125e-03,1.959394197911024094e-03,4.591653123497962952e-03,8.217768743634223938e-03,3.573619760572910309e-03,1.600862853229045868e-02,6.816703826189041138e-03,7.352711167186498642e-03,1.497615221887826920e-02,9.562808088958263397e-03,1.301417825743556023e-03,1.288477517664432526e-02,8.559908717870712280e-03,5.373403057456016541e-02,2.383686974644660950e-02,8.399510383605957031e-02,3.594657033681869507e-02,2.386802807450294495e-03,6.107635796070098877e-03,5.475508049130439758e-03,1.094858394935727119e-03,2.860002219676971436e-03,1.999286178033798933e-04,1.282984670251607895e-02,8.827553130686283112e-03,8.858153223991394043e-02,1.015099789947271347e-02,2.423427626490592957e-02,1.499531045556068420e-02,1.131991073489189148e-01,2.864311635494232178e-02,1.832677237689495087e-02,4.365564323961734772e-03,6.944426801055669785e-03,6.236445531249046326e-02,3.996402490884065628e-03,2.676127245649695396e-03,3.577863052487373352e-02,1.877803169190883636e-02,2.311417600139975548e-03,3.296733135357499123e-03,2.225335128605365753e-02,2.501349197700619698e-03,7.792306132614612579e-03,3.912401385605335236e-03,4.872302524745464325e-03,1.694450038485229015e-03,5.966196302324533463e-03,7.610254921019077301e-03,2.059114864096045494e-03,1.409626565873622894e-03,2.136769238859415054e-03,1.413119258359074593e-03,1.736760721541941166e-03,2.756037283688783646e-03,2.445950871333479881e-03
1.787911984138190746e-03,1.889495411887764931e-03,2.020302694290876389e-03,2.120241522789001465e-03,2.220027614384889603e-03,5.554434843361377716e-03,3.249277593567967415e-03,3.699121763929724693e-03,4.034012090414762497e-03,3.999766893684864044e-03,4.627066664397716522e-03,8.819625712931156158e-03,3.332485212013125420e-03,2.786901779472827911e-03,2.064144704490900040e-03,9.211237542331218719e-03,1.562200207263231277e-02,6.950189173221588135e-02,8.227576501667499542e-03,4.256935417652130127e-02,6.107635796070098877e-03,1.360008772462606430e-02,2.577117085456848145e-01,2.876688912510871887e-02,3.498379141092300415e-02,4.327366594225168228e-03,1.465344429016113281e-01,3.838115632534027100e-01,1.620522588491439819e-01,8.242292404174804688e-01,7.169414311647415161e-02,8.676820248365402222e-02,8.378969877958297729e-02,5.894403904676437378e-03,5.261468701064586639e-03,3.496920689940452576e-03,4.011260811239480972e-03,2.673692535609006882e-03,2.628851914778351784e-03,1.515703392215073109e-03,3.254835726693272591e-03,3.333343891426920891e-03,1.048405305482447147e-03,1.268884516321122646e-03,1.698954496532678604e-03,1.854926464147865772e-03,2.461148658767342567e-03,1.939558773301541805e-03,2.109850291162729263e-03,1.099114189855754375e-03,1.285460893996059895e-03,3.395301755517721176e-03,1.470381394028663635e-03,2.307155868038535118e-03,1.861899159848690033e-03,1.719539985060691833e-03,2.222881186753511429e-03,1.346959383226931095e-03,2.085702260956168175e-03
1.145945047028362751e-03,1.112477038986980915e-03,1.426971168257296085e-03,1.286959159187972546e-03,1.493299379944801331e-03,2.806886797770857811e-03,2.757863607257604599e-03,1.671429607085883617e-03,2.093282528221607208e-03,2.712391549721360207e-03,1.291116932407021523e-03,4.494089633226394653e-03,5.420680157840251923e-03,1.781201572157442570e-03,3.707566531375050545e-03,1.281361677683889866e-03,1.352557446807622910e-02,5.113738588988780975e-04,1.587753416970372200e-03,1.136827748268842697e-02,5.475508049130439758e-03,2.577117085456848145e-01,4.904909525066614151e-03,5.827637389302253723e-02,5.420986413955688477e-01,8.702741935849189758e-03,6.765824556350708008e-01,6.783627271652221680e-01,2.398229539394378662e-01,5.005064010620117188e-01,2.288113832473754883e-01,6.179231405258178711e-02,5.517298355698585510e-02,1.846218667924404144e-02,5.058200564235448837e-03,2.851431723684072495e-03,3.368589095771312714e-03,1.107234787195920944e-02,5.754438228905200958e-03,2.262779977172613144e-03,5.592396017163991928e-03,9.037438780069351196e-03,1.136417966336011887e-03,1.629580394364893436e-03,1.645382842980325222e-03,2.452751621603965759e-03,3.364802105352282524e-03,1.659453264437615871e-03,3.529361914843320847e-03,1.067440025508403778e-03,1.926502678543329239e-03,6.758893840014934540e-03,3.180613275617361069e-03,4.002663306891918182e-03,1.827768981456756592e-03,2.091305330395698547e-03,1.921188551932573318e-03,2.770447870716452599e-03,2.253274666145443916e-03
2.973505528643727303e-03,4.867428913712501526e-03,1.538607059046626091e-03,2.351319417357444763e-03,1.567347790114581585e-03,3.738031722605228424e-03,3.861470147967338562e-03,1.586909289471805096e-03,1.681606052443385124e-03,2.823230344802141190e-03,3.239193232730031013e-03,3.532933769747614861e-03,2.183685544878244400e-03,2.071993891149759293e-03,1.725483103655278683e-03,4.434655420482158661e-03,5.982552655041217804e-03,8.602855959907174110e-04,3.290027612820267677e-03,8.088716305792331696e-03,1.094858394935727119e-03,2.876688912510871887e-02,5.827637389302253723e-02,2.002344932407140732e-03,3.210088238120079041e-02,6.324952244758605957e-01,9.953930377960205078e-01,1.779641509056091309e-01,8.361934870481491089e-02,2.351611703634262085e-01,3.473627939820289612e-02,1.129806339740753174e-01,1.917340755462646484e-01,4.177290014922618866e-03,6.033068057149648666e-03,6.728662177920341492e-03,2.745959442108869553e-03,2.160010393708944321e-03,2.235415158793330193e-03,4.207680933177471161e-03,2.322563668712973595e-03,2.240240341052412987e-03,2.290214411914348602e-03,3.754031145945191383e-03,3.387976437807083130e-03,2.377075143158435822e-03,1.787947723641991615e-03,3.473708173260092735e-03,4.918971098959445953e-03,4.792589694261550903e-03,3.355267224833369255e-03,2.056889003142714500e-03,2.066320506855845451e-03,3.946351353079080582e-03,3.265663981437683105e-03,3.420820925384759903e-03,2.318035578355193138e-03,2.203934127464890480e-03,2.581575652584433556e-03
4.832536913454532623e-03,4.404784180223941803e-03,4.667886532843112946e-03,1.893878332339227200e-03,2.315707737579941750e-03,4.307210911065340042e-03,3.364424454048275948e-03,3.263231134042143822e-03,2.154105808585882187e-03,4.617387428879737854e-03,3.986506722867488861e-03,3.822024911642074585e-03,2.279291674494743347e-02,4.387186840176582336e-03,2.532817656174302101e-03,1.241506543010473251e-02,3.208707319572567940e-03,3.309857565909624100e-03,3.085528034716844559e-03,4.074179567396640778e-03,2.860002219676971436e-03,3.498379141092300415e-02,5.420986413955688477e-01,3.210088238120079041e-02,3.484137589111924171e-03,1.445042639970779419e-01,1.721528172492980957e-01,2.194718271493911743e-01,6.968600302934646606e-02,4.964621365070343018e-02,1.574780046939849854e-02,1.883360557258129120e-02,2.605602703988552094e-02,2.858028514310717583e-03,2.553910948336124420e-03,8.975935168564319611e-03,5.994061939418315887e-03,4.542074166238307953e-03,2.580616855993866920e-03,6.418839097023010254e-03,3.820046084001660347e-03,1.864456571638584137e-03,1.838696771301329136e-03,3.446387127041816711e-03,1.806703279726207256e-03,3.342809854075312614e-03,1.819455414079129696e-03,3.708573989570140839e-03,2.916279714554548264e-03,4.965010099112987518e-03,2.612247364595532417e-03,3.462949534878134727e-03,3.417730564251542091e-03,7.313719950616359711e-03,5.406384821981191635e-03,3.047441132366657257e-03,1.910899649374186993e-03,3.685894422233104706e-03,5.090181250125169754e-03
7.830308750271797180e-03,7.922759279608726501e-03,7.794003002345561981e-03,2.194312168285250664e-03,5.896793212741613388e-03,5.641625262796878815e-03,8.659900166094303131e-03,3.145808819681406021e-03,2.201435621827840805e-03,2.570478012785315514e-03,5.142720416188240051e-03,3.579082898795604706e-03,2.646626206114888191e-03,5.193638615310192108e-03,1.929460908286273479e-03,8.313863538205623627e-03,2.611437579616904259e-03,2.097242511808872223e-03,1.044051721692085266e-03,4.139413591474294662e-03,1.999286178033798933e-04,4.327366594225168228e-03,8.702741935849189758e-03,6.324952244758605957e-01,1.445042639970779419e-01,1.296027214266359806e-03,3.783358335494995117e-01,4.885364770889282227e-01,1.087349280714988708e-02,8.313351869583129883e-02,4.493257962167263031e-03,1.509428396821022034e-02,4.476469755172729492e-02,2.084329025819897652e-03,3.750698175281286240e-03,3.354900702834129333e-02,7.625968195497989655e-03,1.464093220420181751e-03,7.708639372140169144e-03,5.591571331024169922e-03,1.285295002162456512e-03,2.307899063453078270e-03,4.852280020713806152e-03,5.543867126107215881e-03,1.652331091463565826e-03,3.641245421022176743e-03,2.713748719543218613e-03,1.012166030704975128e-02,1.250641886144876480e-02,1.621364615857601166e-02,4.175358451902866364e-03,2.034844132140278816e-03,5.802494008094072342e-03,9.569738991558551788e-03,4.690142348408699036e-03,3.848403692245483398e-03,5.095985252410173416e-03,2.611487405374646187e-03,5.450954660773277283e-03
2.286179922521114349e-03,3.794563701376318932e-03,1.473499462008476257e-03,1.952500315383076668e-03,2.630889415740966797e-03,1.685019582509994507e-03,1.295514986850321293e-03,1.859723008237779140e-03,1.242142869159579277e-03,1.274871989153325558e-03,2.745362697169184685e-03,1.947821816429495811e-03,1.815093564800918102e-03,2.113525057211518288e-03,1.566613558679819107e-03,1.678160973824560642e-03,2.787466393783688545e-03,3.996206913143396378e-03,1.119349524378776550e-02,1.791381277143955231e-02,1.282984670251607895e-02,1.465344429016113281e-01,6.765824556350708008e-01,9.953930377960205078e-01,1.721528172492980957e-01,3.783358335494995117e-01,4.754274559672921896e-04,1.032812967896461487e-01,3.926332294940948486e-02,3.015944063663482666e-01,5.453567206859588623e-02,1.739628985524177551e-02,1.764709129929542542e-02,1.338329445570707321e-02,4.555748309940099716e-03,1.057075802236795425e-02,4.046983551234006882e-03,4.337527789175510406e-03,5.318901035934686661e-03,2.809618599712848663e-03,1.382708433084189892e-03,1.702906447462737560e-03,1.944691175594925880e-03,2.220081398263573647e-03,1.887997030280530453e-03,2.499650930985808372e-03,1.554117654450237751e-03,2.602578606456518173e-03,2.601410495117306709e-03,4.697632044553756714e-03,2.181859919801354408e-03,2.553354715928435326e-03,3.008276224136352539e-03,1.753362012095749378e-03,5.384016316384077072e-03,2.895665587857365608e-03,2.105392515659332275e-03,3.122705966234207153e-03,4.656650125980377197e-03
