2.710782224312424660e-03,1.229031085968017578e-01,1.484730541706085205e-01,5.647499114274978638e-02,2.655566036701202393e-01,8.558071404695510864e-02,1.536734402179718018e-01,5.566819757223129272e-02,1.605415903031826019e-02,9.507561102509498596e-03,1.165938843041658401e-02,5.578086711466312408e-03,4.967863671481609344e-03,4.243093542754650116e-03,6.742006633430719376e-03,9.934987872838973999e-03,3.265715204179286957e-03,6.232165265828371048e-03,5.667927209287881851e-03,3.156275488436222076e-03,2.561955014243721962e-03,2.594388788565993309e-03,1.335895038209855556e-03,1.727357506752014160e-03,2.636945806443691254e-03,4.193071275949478149e-03,2.178887603804469109e-03,2.643215004354715347e-03,2.766150981187820435e-03,1.673305989243090153e-03,1.281137694604694843e-03,2.511395374312996864e-03,2.750712446868419647e-03,1.418136293068528175e-03,4.082321189343929291e-03,1.169445924460887909e-02,9.475968778133392334e-03,2.766043180599808693e-03,2.485369797796010971e-03,1.081140432506799698e-02,4.396181087940931320e-03,1.296720467507839203e-03,9.654110297560691833e-03,8.010595105588436127e-03,2.986427396535873413e-03,5.684949923306703568e-03,2.148947212845087051e-03,7.312729954719543457e-03,7.861007936298847198e-03,1.244572550058364868e-02,4.333126824349164963e-03,3.125714836642146111e-03,5.385007243603467941e-03,5.033514928072690964e-03,7.673382759094238281e-03,1.718028448522090912e-02,5.109781399369239807e-03,2.603522036224603653e-03,5.550946108996868134e-03
1.229031085968017578e-01,1.044477615505456924e-02,3.023055791854858398e-01,2.060058712959289551e-02,2.430160492658615112e-01,1.919598132371902466e-02,7.813001424074172974e-02,1.103791370987892151e-01,1.817496120929718018e-02,1.201229635626077652e-02,2.122607268393039703e-02,4.835856612771749496e-03,6.436443421989679337e-03,1.156988367438316345e-02,5.268910899758338928e-03,7.985112257301807404e-03,2.657502191141247749e-03,1.514386478811502457e-02,5.560852121561765671e-03,2.557519823312759399e-03,3.622071119025349617e-03,1.522431848570704460e-03,2.094825962558388710e-03,2.242806134745478630e-03,3.825170220807194710e-03,7.271425798535346985e-03,1.657681539654731750e-03,2.521805698052048683e-03,2.281958237290382385e-03,2.080503152683377266e-03,3.934753127396106720e-03,2.997138770297169685e-03,4.006974864751100540e-03,1.472520409151911736e-03,5.515913944691419601e-03,7.159049622714519501e-03,6.059512030333280563e-03,1.978982007130980492e-03,3.728259820491075516e-03,6.432742811739444733e-03,2.761909505352377892e-03,1.425830880180001259e-03,4.457907285541296005e-03,5.344127770513296127e-03,2.955921925604343414e-03,6.617069710046052933e-03,1.893210457637906075e-03,5.461812019348144531e-03,7.530384231358766556e-03,8.744140155613422394e-03,3.319695824757218361e-03,2.892288612201809883e-03,4.006640054285526276e-03,2.448147395625710487e-03,6.401442922651767731e-03,7.524641230702400208e-03,5.461600143462419510e-03,3.512553172186017036e-03,1.306334417313337326e-02
1.484730541706085205e-01,3.023055791854858398e-01,4.092374444007873535e-02,3.097544424235820770e-02,7.088723182678222656e-01,7.684213668107986450e-02,4.037591069936752319e-02,5.489719659090042114e-02,2.142522111535072327e-02,5.621547345072031021e-03,3.382632043212652206e-03,3.968803677707910538e-03,3.117374144494533539e-03,5.528145004063844681e-03,4.253003746271133423e-03,9.471382945775985718e-03,2.553594997152686119e-03,5.714397411793470383e-03,3.049904713407158852e-03,2.218034351244568825e-03,2.094681374728679657e-03,2.505501499399542809e-03,1.171004027128219604e-03,2.407490275800228119e-03,2.540214452892541885e-03,4.978770390152931213e-03,1.843056757934391499e-03,2.201700583100318909e-03,1.675022649578750134e-03,1.924381358548998833e-03,1.157519407570362091e-03,2.398297889158129692e-03,2.575416816398501396e-03,2.145291771739721298e-03,2.793543506413698196e-03,4.899845924228429794e-03,4.764452110975980759e-03,2.118165371939539909e-03,2.565115457400679588e-03,7.648674305528402328e-03,1.623532618395984173e-03,2.519146539270877838e-03,7.670689374208450317e-03,5.791555624455213547e-03,2.830009441822767258e-03,9.261908009648323059e-03,2.372362185269594193e-03,5.736827850341796875e-03,1.781816966831684113e-02,7.698975969105958939e-03,5.256031174212694168e-03,4.565383773297071457e-03,8.510288782417774200e-03,7.418395020067691803e-03,1.073772553354501724e-02,1.620958559215068817e-02,5.073663778603076935e-03,5.422945134341716766e-03,1.567837409675121307e-02
5.647499114274978638e-02,2.060058712959289551e-02,3.097544424235820770e-02,9.551242738962173462e-02,7.558491826057434082e-01,5.991773679852485657e-02,2.330519258975982666e-03,8.727068901062011719e-01,5.555204749107360840e-01,6.022696848958730698e-03,6.449741125106811523e-02,5.144487135112285614e-03,1.428917981684207916e-02,1.674106158316135406e-02,9.628613479435443878e-03,2.221073023974895477e-02,3.627857659012079239e-03,2.552645653486251831e-02,1.358509529381990433e-02,4.308043513447046280e-03,4.064069129526615143e-03,1.878526643849909306e-03,1.256116665899753571e-03,2.386785810813307762e-03,2.788755111396312714e-03,3.458519233390688896e-03,1.716284430585801601e-03,1.620435505174100399e-03,1.821999787352979183e-03,1.131198601797223091e-03,1.194705022498965263e-03,1.697472529485821724e-03,2.084894571453332901e-03,1.136202015914022923e-03,3.046190831810235977e-03,2.109981840476393700e-03,1.879327697679400444e-03,2.207972807809710503e-03,1.818631310015916824e-03,5.380457732826471329e-03,1.639982452616095543e-03,2.936697797849774361e-03,3.608062397688627243e-03,2.926976885646581650e-03,3.285002661868929863e-03,2.771074883639812469e-03,2.016174839809536934e-03,4.849412012845277786e-03,4.157177638262510300e-03,2.191290725022554398e-03,5.422628950327634811e-03,3.864631755277514458e-03,5.541885737329721451e-03,3.863635240122675896e-03,2.201155060902237892e-03,4.109695088118314743e-03,9.008786641061306000e-03,3.617403563112020493e-03,6.957684177905321121e-03
2.655566036701202393e-01,2.430160492658615112e-01,7.088723182678222656e-01,7.558491826057434082e-01,1.204720046371221542e-02,2.022356353700160980e-02,7.891513109207153320e-01,6.430283188819885254e-01,5.105700809508562088e-03,3.445068839937448502e-03,3.837662516161799431e-03,1.595212612301111221e-03,3.398696659132838249e-03,5.476520862430334091e-03,6.339144427329301834e-03,9.664367884397506714e-03,2.625630702823400497e-03,9.331261739134788513e-03,5.169734358787536621e-03,3.170903772115707397e-03,2.108073327690362930e-03,3.273170674219727516e-03,2.954310504719614983e-03,2.311193151399493217e-03,2.364770276471972466e-03,3.874323330819606781e-03,2.696737879887223244e-03,1.516222371719777584e-03,1.784777035936713219e-03,1.661780639551579952e-03,1.147472648881375790e-03,2.020404674112796783e-03,2.036976628005504608e-03,2.178650349378585815e-03,5.239030346274375916e-03,4.324127454310655594e-03,4.273896571248769760e-03,1.787983463145792484e-03,2.222572453320026398e-03,3.887158585712313652e-03,1.724975532852113247e-03,1.670198398642241955e-03,6.930399686098098755e-03,3.483032109215855598e-03,2.061856212094426155e-03,4.467501770704984665e-03,2.144976519048213959e-03,4.400445148348808289e-03,6.147014442831277847e-03,4.334501456469297409e-03,3.770319744944572449e-03,4.031648859381675720e-03,7.686126977205276489e-03,4.724872298538684845e-03,5.389301571995019913e-03,4.451394081115722656e-03,3.604671452194452286e-03,2.919699298217892647e-03,4.751243162900209427e-03
8.558071404695510864e-02,1.919598132371902466e-02,7.684213668107986450e-02,5.991773679852485657e-02,2.022356353700160980e-02,1.410405524075031281e-02,2.674804069101810455e-03,5.162092670798301697e-02,9.031558036804199219e-02,4.360876511782407761e-03,1.962470263242721558e-02,5.392745602875947952e-03,4.759405739605426788e-03,2.204071730375289917e-02,9.721032343804836273e-03,2.892376109957695007e-02,7.823943160474300385e-03,4.187087342143058777e-02,2.200975827872753143e-02,7.692665327340364456e-03,7.774806581437587738e-03,5.171934142708778381e-03,4.002897068858146667e-03,4.150607157498598099e-03,3.918579779565334320e-03,4.922323860228061676e-03,1.613429165445268154e-03,2.049268456175923347e-03,2.599467523396015167e-03,2.138876821845769882e-03,1.851182663813233376e-03,3.942050039768218994e-03,2.292839344590902328e-03,3.215875942260026932e-03,6.075822748243808746e-03,2.959326142445206642e-03,3.604135476052761078e-03,3.362822579219937325e-03,3.284353297203779221e-03,2.577410545200109482e-03,4.297985695302486420e-03,2.141787437722086906e-03,3.987991251051425934e-03,1.917973626405000687e-03,2.337394515052437782e-03,5.513531621545553207e-03,3.950750920921564102e-03,3.240486839786171913e-03,1.244442444294691086e-02,6.852254737168550491e-03,3.198430873453617096e-03,3.988779615610837936e-03,4.461292177438735962e-03,4.424312151968479156e-03,3.169323084875941277e-03,7.713455241173505783e-03,5.052837543189525604e-03,3.523379797115921974e-03,6.788211409002542496e-03
1.536734402179718018e-01,7.813001424074172974e-02,4.037591069936752319e-02,2.330519258975982666e-03,7.891513109207153320e-01,2.674804069101810455e-03,7.838406600058078766e-03,7.691580057144165039e-02,5.956257507205009460e-02,1.968465745449066162e-02,2.419814234599471092e-03,4.263976588845252991e-03,2.691706642508506775e-02,1.012354716658592224e-02,1.083365548402070999e-02,1.492198649793863297e-02,3.710263874381780624e-03,2.166908048093318939e-02,9.622485376894474030e-03,6.426175590604543686e-03,9.292349219322204590e-03,3.984740935266017914e-03,3.356109606102108955e-03,3.203450003638863564e-03,5.089080426841974258e-03,7.501036394387483597e-03,1.116331666707992554e-03,2.752045635133981705e-03,1.932915649376809597e-03,1.686961855739355087e-03,2.284446964040398598e-03,3.287795465439558029e-03,2.630888018757104874e-03,1.840066863223910332e-03,4.391548689454793930e-03,2.955756150186061859e-03,6.633303128182888031e-03,2.559258602559566498e-03,3.710165154188871384e-03,5.374203901737928391e-03,3.283139085397124290e-03,2.691282890737056732e-03,3.272988600656390190e-03,3.730584168806672096e-03,2.391799353063106537e-03,5.626521073281764984e-03,2.220600144937634468e-03,6.656598299741744995e-03,6.279023829847574234e-03,5.723437294363975525e-03,6.254537496715784073e-03,3.654434345662593842e-03,6.330649834126234055e-03,3.363649128004908562e-03,4.409837070852518082e-03,4.207263235002756119e-03,4.068788606673479080e-03,2.712431363761425018e-03,1.078113354742527008e-02
5.566819757223129272e-02,1.103791370987892151e-01,5.489719659090042114e-02,8.727068901062011719e-01,6.430283188819885254e-01,5.162092670798301697e-02,7.691580057144165039e-02,6.640703417360782623e-03,1.251678820699453354e-02,1.284084375947713852e-02,1.890947669744491577e-02,9.867732878774404526e-04,1.742108538746833801e-02,1.676626689732074738e-02,7.704245392233133316e-03,4.172776266932487488e-02,9.037396870553493500e-03,2.182920835912227631e-02,7.083917036652565002e-03,6.674957461655139923e-03,7.176933344453573227e-03,4.640817176550626755e-03,5.147550720721483231e-03,2.852447330951690674e-03,3.830909263342618942e-03,3.593990113586187363e-03,2.785618184134364128e-03,2.839944092556834221e-03,1.981129636988043785e-03,2.786513417959213257e-03,9.557387675158679485e-04,2.051523420959711075e-03,1.484347041696310043e-03,1.677433378063142300e-03,3.027030732482671738e-03,3.759262152016162872e-03,4.591108299791812897e-03,2.610594499856233597e-03,2.113547176122665405e-03,3.840611316263675690e-03,3.191240597516298294e-03,1.450034789741039276e-03,2.591980155557394028e-03,3.047036705538630486e-03,2.441775286570191383e-03,6.089715752750635147e-03,3.063917858526110649e-03,3.239611862227320671e-03,7.870139554142951965e-03,3.417090745642781258e-03,2.465230645611882210e-03,3.073171945288777351e-03,2.693445421755313873e-03,4.187782295048236847e-03,1.709599164314568043e-03,3.354014130309224129e-03,1.650774502195417881e-03,1.714089070446789265e-03,4.224533215165138245e-03
1.605415903031826019e-02,1.817496120929718018e-02,2.142522111535072327e-02,5.555204749107360840e-01,5.105700809508562088e-03,9.031558036804199219e-02,5.956257507205009460e-02,1.251678820699453354e-02,1.090256962925195694e-02,8.851868100464344025e-03,9.441782720386981964e-03,2.213270403444766998e-02,2.103353850543498993e-03,3.402724117040634155e-02,4.053483530879020691e-02,1.371009554713964462e-02,6.166303530335426331e-02,1.328889094293117523e-02,3.299757093191146851e-02,4.292940720915794373e-02,2.973264642059803009e-02,9.752871468663215637e-03,7.405712269246578217e-03,1.513004652224481106e-03,2.651119837537407875e-03,2.526211552321910858e-03,1.335562323220074177e-03,2.377679105848073959e-03,6.313099525868892670e-03,1.342514646239578724e-03,3.020046278834342957e-03,1.681682770140469074e-03,1.911341678351163864e-03,5.637357477098703384e-03,3.406524658203125000e-03,1.376729924231767654e-03,2.211527433246374130e-03,7.804637309163808823e-03,1.470924820750951767e-03,1.506610424257814884e-03,1.030298043042421341e-02,7.628422696143388748e-03,1.578635536134243011e-03,1.526830717921257019e-03,1.384316012263298035e-02,4.765517544001340866e-03,8.435274474322795868e-03,2.543887589126825333e-03,3.543055616319179535e-03,1.866918872110545635e-03,3.529174020513892174e-03,1.121373660862445831e-02,1.722431043162941933e-03,1.662599621340632439e-03,1.679513137787580490e-03,2.407199237495660782e-03,3.940915688872337341e-03,2.812705002725124359e-03,2.888110000640153885e-03
9.507561102509498596e-03,1.201229635626077652e-02,5.621547345072031021e-03,6.022696848958730698e-03,3.445068839937448502e-03,4.360876511782407761e-03,1.968465745449066162e-02,1.284084375947713852e-02,8.851868100464344025e-03,1.875888928771018982e-02,1.213757768273353577e-01,7.899465411901473999e-02,6.008964180946350098e-01,7.671132683753967285e-02,1.219350099563598633e-01,2.147717587649822235e-02,9.247914701700210571e-02,9.084388613700866699e-03,1.592711731791496277e-02,7.461016625165939331e-02,6.424762774258852005e-03,5.614584311842918396e-03,1.110762171447277069e-02,5.618709605187177658e-03,5.423323251307010651e-03,4.032104276120662689e-03,2.175766276195645332e-03,5.036443006247282028e-03,3.170147305354475975e-03,1.954559702426195145e-03,1.537331496365368366e-03,3.055230481550097466e-03,1.980334054678678513e-03,3.999240696430206299e-03,3.861235454678535461e-03,2.280977088958024979e-03,3.933869302272796631e-03,4.126768093556165695e-03,1.274578156881034374e-03,1.964413793757557869e-03,4.794254899024963379e-03,2.359159989282488823e-03,3.140955930575728416e-03,1.955068670213222504e-03,4.803060553967952728e-03,3.357416018843650818e-03,4.229114856570959091e-03,2.265451243147253990e-03,4.389111883938312531e-03,2.320709172636270523e-03,2.813022118061780930e-03,2.750919200479984283e-03,2.209199126809835434e-03,3.122170222923159599e-03,2.569384174421429634e-03,2.439424395561218262e-03,3.180133877322077751e-03,2.008395269513130188e-03,4.297749139368534088e-03
1.165938843041658401e-02,2.122607268393039703e-02,3.382632043212652206e-03,6.449741125106811523e-02,3.837662516161799431e-03,1.962470263242721558e-02,2.419814234599471092e-03,1.890947669744491577e-02,9.441782720386981964e-03,1.213757768273353577e-01,6.712324102409183979e-04,7.176484446972608566e-03,2.714221477508544922e-01,7.435127496719360352e-01,4.673692956566810608e-02,4.529895260930061340e-02,1.302080787718296051e-02,1.636223867535591125e-02,8.643943816423416138e-02,1.803986169397830963e-02,1.358198933303356171e-02,5.840206984430551529e-03,1.010373141616582870e-02,6.095640826970338821e-03,7.456669118255376816e-03,5.575384479016065598e-03,2.594211138784885406e-03,4.083820153027772903e-03,2.245494630187749863e-03,2.729512518271803856e-03,2.065688371658325195e-03,2.323499647900462151e-03,1.850296510383486748e-03,1.873389934189617634e-03,4.319857340306043625e-03,3.259249264374375343e-03,8.443079888820648193e-03,3.325974568724632263e-03,2.510786289349198341e-03,3.041548887267708778e-03,6.692138034850358963e-03,2.929642796516418457e-03,4.836760926991701126e-03,4.817722365260124207e-03,6.167232058942317963e-03,3.927566111087799072e-03,1.513001858256757259e-03,2.037311904132366180e-03,3.319561481475830078e-03,1.638122950680553913e-03,2.456972608342766762e-03,2.133219735696911812e-03,2.581128850579261780e-03,2.677728887647390366e-03,1.073861727491021156e-03,4.902369342744350433e-03,2.437691437080502510e-03,2.583557972684502602e-03,3.343030810356140137e-03
5.578086711466312408e-03,4.835856612771749496e-03,3.968803677707910538e-03,5.144487135112285614e-03,1.595212612301111221e-03,5.392745602875947952e-03,4.263976588845252991e-03,9.867732878774404526e-04,2.213270403444766998e-02,7.899465411901473999e-02,7.176484446972608566e-03,4.861166328191757202e-02,1.499019842594861984e-02,8.397990465164184570e-02,4.823824763298034668e-01,2.391952648758888245e-02,1.242254376411437988e-01,5.451195314526557922e-02,6.649810820817947388e-02,2.859277836978435516e-02,1.859292201697826385e-02,9.067295119166374207e-03,7.084336597472429276e-03,7.503170520067214966e-03,5.040863063186407089e-03,4.481367766857147217e-03,2.574926940724253654e-03,4.651682451367378235e-03,6.856643594801425934e-03,2.292899414896965027e-03,2.968076150864362717e-03,2.822945360094308853e-03,3.825804451480507851e-03,3.731668693944811821e-03,3.942848183214664459e-03,2.425365382805466652e-03,2.577128587290644646e-03,8.720407262444496155e-03,1.739301369525492191e-03,3.063012147322297096e-03,1.146944612264633179e-02,5.505910143256187439e-03,1.986133633181452751e-03,2.705174032598733902e-03,1.923823170363903046e-02,5.636521149426698685e-03,5.582500714808702469e-03,2.860298845916986465e-03,2.408855594694614410e-03,1.601673313416540623e-03,2.641818718984723091e-03,4.090621601790189743e-03,1.294371206313371658e-03,2.304410329088568687e-03,2.395138610154390335e-03,3.250625915825366974e-03,4.188808612525463104e-03,2.045098925009369850e-03,3.077110042795538902e-03
4.967863671481609344e-03,6.436443421989679337e-03,3.117374144494533539e-03,1.428917981684207916e-02,3.398696659132838249e-03,4.759405739605426788e-03,2.691706642508506775e-02,1.742108538746833801e-02,2.103353850543498993e-03,6.008964180946350098e-01,2.714221477508544922e-01,1.499019842594861984e-02,1.420172397047281265e-03,8.355601131916046143e-02,8.066848665475845337e-02,1.304931789636611938e-01,9.517139755189418793e-03,2.185600250959396362e-02,3.890652582049369812e-02,2.874970808625221252e-02,1.188144180923700333e-02,8.813307620584964752e-03,3.872817009687423706e-02,7.601109798997640610e-03,4.478873685002326965e-02,1.135187316685914993e-02,2.941446145996451378e-03,1.088283117860555649e-02,5.903189536184072495e-03,4.099364392459392548e-03,3.060991642996668816e-03,4.457116127014160156e-03,2.169033046811819077e-03,2.912161638960242271e-03,7.043209392577409744e-03,2.954195253551006317e-03,3.538859542459249496e-03,2.365351887419819832e-03,1.159688108600676060e-03,2.417191164568066597e-03,2.957167569547891617e-03,2.070911461487412453e-03,1.265543047338724136e-03,1.654855674132704735e-03,4.407511558383703232e-03,2.758856629952788353e-03,2.249814802780747414e-03,2.707914216443896294e-03,2.388341818004846573e-03,1.848927582614123821e-03,1.764680491760373116e-03,1.717887353152036667e-03,1.883362536318600178e-03,2.914466429501771927e-03,2.661351813003420830e-03,4.206002689898014069e-03,2.043909160420298576e-03,2.593501703813672066e-03,3.093243809416890144e-03
4.243093542754650116e-03,1.156988367438316345e-02,5.528145004063844681e-03,1.674106158316135406e-02,5.476520862430334091e-03,2.204071730375289917e-02,1.012354716658592224e-02,1.676626689732074738e-02,3.402724117040634155e-02,7.671132683753967285e-02,7.435127496719360352e-01,8.397990465164184570e-02,8.355601131916046143e-02,1.523842103779315948e-03,1.803497225046157837e-02,1.035520900040864944e-02,7.316881790757179260e-03,4.245138913393020630e-02,1.413062959909439087e-02,8.117726072669029236e-03,3.943510819226503372e-03,3.703339956700801849e-03,6.928469520062208176e-03,2.970614237710833549e-03,1.163678336888551712e-02,5.623333621770143509e-03,3.529905108734965324e-03,4.910338204354047775e-03,5.211842246353626251e-03,4.345640540122985840e-03,4.705416969954967499e-03,2.449471736326813698e-03,4.159424453973770142e-03,5.407292395830154419e-03,7.698596920818090439e-03,3.374960040673613548e-03,1.006326917558908463e-02,5.099740810692310333e-03,2.172070555388927460e-03,3.294648136943578720e-03,5.575317889451980591e-03,2.627864480018615723e-03,3.041631309315562248e-03,8.920156396925449371e-03,5.697916261851787567e-03,7.266870234161615372e-03,1.708425232209265232e-03,1.956702210009098053e-03,2.308966591954231262e-03,2.848054980859160423e-03,1.419375301338732243e-03,2.057596808299422264e-03,2.086025662720203400e-03,2.073891693726181984e-03,2.099489094689488411e-03,2.776783658191561699e-03,2.662868471816182137e-03,1.639751368202269077e-03,3.573844442144036293e-03
6.742006633430719376e-03,5.268910899758338928e-03,4.253003746271133423e-03,9.628613479435443878e-03,6.339144427329301834e-03,9.721032343804836273e-03,1.083365548402070999e-02,7.704245392233133316e-03,4.053483530879020691e-02,1.219350099563598633e-01,4.673692956566810608e-02,4.823824763298034668e-01,8.066848665475845337e-02,1.803497225046157837e-02,8.303903043270111084e-03,2.113259769976139069e-02,4.607495069503784180e-01,2.094383537769317627e-02,1.761496439576148987e-02,2.546847425401210785e-02,1.840172894299030304e-02,3.610370447859168053e-03,7.300859782844781876e-03,3.320603165775537491e-03,3.954755607992410660e-03,1.810948597267270088e-03,1.549029489979147911e-03,5.481379572302103043e-03,5.081312265247106552e-03,1.757863909006118774e-03,4.902510903775691986e-03,2.920337952673435211e-03,2.470256760716438293e-03,1.150882150977849960e-02,1.071495562791824341e-02,2.171342028304934502e-03,3.701419103890657425e-03,1.157815381884574890e-02,2.110342495143413544e-03,2.634606789797544479e-03,8.351330645382404327e-03,5.816021002829074860e-03,1.542910817079246044e-03,2.606676425784826279e-03,1.126331742852926254e-02,4.091695882380008698e-03,4.398356657475233078e-03,1.495742937549948692e-03,2.562737558037042618e-03,1.127692754380404949e-03,1.466846675612032413e-03,3.499455284327268600e-03,1.566529390402138233e-03,1.824995968490839005e-03,1.583131030201911926e-03,1.596816699020564556e-03,2.408152213320136070e-03,1.793969655409455299e-03,2.236173488199710846e-03
9.934987872838973999e-03,7.985112257301807404e-03,9.471382945775985718e-03,2.221073023974895477e-02,9.664367884397506714e-03,2.892376109957695007e-02,1.492198649793863297e-02,4.172776266932487488e-02,1.371009554713964462e-02,2.147717587649822235e-02,4.529895260930061340e-02,2.391952648758888245e-02,1.304931789636611938e-01,1.035520900040864944e-02,2.113259769976139069e-02,6.340341642498970032e-04,4.108541645109653473e-03,9.721793532371520996e-01,2.088379561901092529e-01,5.827880930155515671e-03,1.286717597395181656e-02,8.534310385584831238e-03,4.192720633000135422e-03,5.131980404257774353e-02,2.494033984839916229e-02,9.645583108067512512e-03,8.257372304797172546e-03,6.273254752159118652e-03,4.552964121103286743e-03,5.505497567355632782e-03,1.585441175848245621e-03,5.392319057136774063e-03,3.481086110696196556e-03,2.120885299518704414e-03,4.809568170458078384e-03,3.938144538551568985e-03,9.413376450538635254e-03,1.748358248732984066e-03,2.997855423018336296e-03,3.277722746133804321e-03,2.147586783394217491e-03,1.277178176678717136e-03,3.717234591022133827e-03,3.558526514098048210e-03,2.391767455264925957e-03,3.612506669014692307e-03,8.980056736618280411e-04,2.270435215905308723e-03,1.347627141512930393e-03,1.792765106074512005e-03,1.334529952146112919e-03,1.054550288245081902e-03,6.016162806190550327e-04,1.766415894962847233e-03,2.636369084939360619e-03,2.719739684835076332e-03,1.775252050720155239e-03,1.256172196008265018e-03,2.038096310570836067e-03
3.265715204179286957e-03,2.657502191141247749e-03,2.553594997152686119e-03,3.627857659012079239e-03,2.625630702823400497e-03,7.823943160474300385e-03,3.710263874381780624e-03,9.037396870553493500e-03,6.166303530335426331e-02,9.247914701700210571e-02,1.302080787718296051e-02,1.242254376411437988e-01,9.517139755189418793e-03,7.316881790757179260e-03,4.607495069503784180e-01,4.108541645109653473e-03,1.778333820402622223e-02,1.004221513867378235e-01,2.681938409805297852e-01,6.209794804453849792e-02,2.605961263179779053e-01,2.796546556055545807e-02,1.360673550516366959e-02,1.085333619266748428e-02,2.713818335905671120e-03,2.897822298109531403e-03,3.041520249098539352e-03,4.531390499323606491e-03,1.777412928640842438e-02,3.671495243906974792e-03,3.303310833871364594e-03,3.456509904935956001e-03,6.260408554226160049e-03,8.855659514665603638e-03,1.134618185460567474e-02,2.543234266340732574e-03,2.730735577642917633e-03,8.818237110972404480e-03,1.315942266955971718e-03,2.410242566838860512e-03,7.797167170792818069e-03,4.448132589459419250e-03,1.340339542366564274e-03,1.656231819652020931e-03,4.937877412885427475e-03,2.781914081424474716e-03,3.306734841316938400e-03,2.237489912658929825e-03,1.828759210184216499e-03,6.213913438841700554e-04,2.716533839702606201e-03,2.600386273115873337e-03,9.107062360271811485e-04,2.020907588303089142e-03,1.327941427007317543e-03,1.648873789235949516e-03,2.732551656663417816e-03,2.607788657769560814e-03,2.766223391517996788e-03
6.232165265828371048e-03,1.514386478811502457e-02,5.714397411793470383e-03,2.552645653486251831e-02,9.331261739134788513e-03,4.187087342143058777e-02,2.166908048093318939e-02,2.182920835912227631e-02,1.328889094293117523e-02,9.084388613700866699e-03,1.636223867535591125e-02,5.451195314526557922e-02,2.185600250959396362e-02,4.245138913393020630e-02,2.094383537769317627e-02,9.721793532371520996e-01,1.004221513867378235e-01,1.214691204950213432e-03,1.024941354990005493e-01,5.154315009713172913e-02,5.443171132355928421e-03,1.205263286828994751e-02,9.876064723357558250e-04,3.623942146077752113e-03,4.279770888388156891e-03,4.197703208774328232e-03,4.313747864216566086e-03,4.785585217177867889e-03,6.577649153769016266e-03,4.257557447999715805e-03,3.901043441146612167e-03,7.654500193893909454e-03,3.244962310418486595e-03,2.977042924612760544e-03,4.958020523190498352e-03,6.125979591161012650e-03,4.733722191303968430e-03,4.709004890173673630e-03,1.991387223824858665e-03,3.104833187535405159e-03,3.499896032735705376e-03,1.614940701983869076e-03,2.251066500321030617e-03,4.466530866920948029e-03,2.395005431026220322e-03,2.646340522915124893e-03,2.860821085050702095e-03,1.679870649240911007e-03,3.591120708733797073e-03,1.742822816595435143e-03,1.710724085569381714e-03,1.415828126482665539e-03,1.806533895432949066e-03,1.451311283744871616e-03,2.079184865579009056e-03,1.442063017748296261e-03,1.811145222745835781e-03,1.243343111127614975e-03,2.229057718068361282e-03
5.667927209287881851e-03,5.560852121561765671e-03,3.049904713407158852e-03,1.358509529381990433e-02,5.169734358787536621e-03,2.200975827872753143e-02,9.622485376894474030e-03,7.083917036652565002e-03,3.299757093191146851e-02,1.592711731791496277e-02,8.643943816423416138e-02,6.649810820817947388e-02,3.890652582049369812e-02,1.413062959909439087e-02,1.761496439576148987e-02,2.088379561901092529e-01,2.681938409805297852e-01,1.024941354990005493e-01,1.471398980356752872e-03,8.122206479310989380e-02,2.730537950992584229e-01,9.767577052116394043e-03,4.203193821012973785e-03,1.845827209763228893e-03,2.373982453718781471e-03,1.762067549861967564e-03,6.986836437135934830e-03,3.062457311898469925e-03,6.333181634545326233e-03,7.250463124364614487e-03,6.679388228803873062e-03,6.106477696448564529e-03,6.145493593066930771e-03,8.092129603028297424e-03,8.867104537785053253e-03,3.934949636459350586e-03,6.247854791581630707e-03,5.254051182419061661e-03,2.029297407716512680e-03,4.985802341252565384e-03,5.927825346589088440e-03,2.055609133094549179e-03,2.349348273128271103e-03,7.912653498351573944e-03,3.089283592998981476e-03,3.505754983052611351e-03,2.524712355807423592e-03,1.335024368017911911e-03,2.455129055306315422e-03,1.299562980420887470e-03,1.260076416656374931e-03,1.525458646938204765e-03,1.064364798367023468e-03,1.988822594285011292e-03,9.635373135097324848e-04,1.664285431616008282e-03,1.246157800778746605e-03,1.022713608108460903e-03,1.797420089133083820e-03
3.156275488436222076e-03,2.557519823312759399e-03,2.218034351244568825e-03,4.308043513447046280e-03,3.170903772115707397e-03,7.692665327340364456e-03,6.426175590604543686e-03,6.674957461655139923e-03,4.292940720915794373e-02,7.461016625165939331e-02,1.803986169397830963e-02,2.859277836978435516e-02,2.874970808625221252e-02,8.117726072669029236e-03,2.546847425401210785e-02,5.827880930155515671e-03,6.209794804453849792e-02,5.154315009713172913e-02,8.122206479310989380e-02,7.240831106901168823e-02,2.756917104125022888e-02,8.022343367338180542e-02,1.755602285265922546e-02,3.786932444199919701e-03,6.065534427762031555e-03,2.593047916889190674e-03,1.298889610916376114e-02,1.650441251695156097e-02,3.913380205631256104e-02,1.010175701230764389e-02,2.496734960004687309e-03,1.161537505686283112e-02,4.437102470546960831e-03,8.239241316914558411e-03,9.031398221850395203e-03,1.991491531953215599e-03,2.905589528381824493e-03,1.096877083182334900e-02,2.142353216186165810e-03,1.650142716243863106e-03,7.568224798887968063e-03,4.016968421638011932e-03,1.287722960114479065e-03,1.232508919201791286e-03,8.339051157236099243e-03,3.216119017452001572e-03,6.042542867362499237e-03,2.650232054293155670e-03,1.687749754637479782e-03,8.775133755989372730e-04,2.289396245032548904e-03,2.839433727785944939e-03,7.895307498984038830e-04,1.985763199627399445e-03,1.211644499562680721e-03,1.813135924749076366e-03,2.632235875353217125e-03,1.996555132791399956e-03,2.384646562859416008e-03
2.561955014243721962e-03,3.622071119025349617e-03,2.094681374728679657e-03,4.064069129526615143e-03,2.108073327690362930e-03,7.774806581437587738e-03,9.292349219322204590e-03,7.176933344453573227e-03,2.973264642059803009e-02,6.424762774258852005e-03,1.358198933303356171e-02,1.859292201697826385e-02,1.188144180923700333e-02,3.943510819226503372e-03,1.840172894299030304e-02,1.286717597395181656e-02,2.605961263179779053e-01,5.443171132355928421e-03,2.730537950992584229e-01,2.756917104125022888e-02,1.304591773077845573e-03,5.068703088909387589e-03,6.762704346328973770e-03,1.040898496285080910e-03,2.695205854251980782e-03,8.115735836327075958e-04,6.990939844399690628e-03,1.471476815640926361e-02,6.416139751672744751e-02,6.932480260729789734e-03,3.099365159869194031e-02,6.347120739519596100e-03,3.647631779313087463e-02,6.852909177541732788e-02,2.439668774604797363e-02,7.454054430127143860e-03,7.526112254709005356e-03,4.446268081665039062e-02,5.928142927587032318e-03,4.715857561677694321e-03,2.200268395245075226e-02,6.707429420202970505e-03,2.346051391214132309e-03,4.438159987330436707e-03,1.063517760485410690e-02,2.474238397553563118e-03,4.705381114035844803e-03,2.653725910931825638e-03,2.521021291613578796e-03,7.951391162350773811e-04,2.357618417590856552e-03,3.011562861502170563e-03,1.479975180700421333e-03,1.361744245514273643e-03,1.777061261236667633e-03,1.042780815623700619e-03,1.127231982536613941e-03,1.663582166656851768e-03,2.279664389789104462e-03
2.594388788565993309e-03,1.522431848570704460e-03,2.505501499399542809e-03,1.878526643849909306e-03,3.273170674219727516e-03,5.171934142708778381e-03,3.984740935266017914e-03,4.640817176550626755e-03,9.752871468663215637e-03,5.614584311842918396e-03,5.840206984430551529e-03,9.067295119166374207e-03,8.813307620584964752e-03,3.703339956700801849e-03,3.610370447859168053e-03,8.534310385584831238e-03,2.796546556055545807e-02,1.205263286828994751e-02,9.767577052116394043e-03,8.022343367338180542e-02,5.068703088909387589e-03,1.713940501213073730e-02,5.902143716812133789e-01,2.650616876780986786e-02,4.809603840112686157e-02,1.922399923205375671e-02,7.279702275991439819e-02,3.078390955924987793e-01,9.017321467399597168e-02,2.576173543930053711e-01,1.282979268580675125e-02,3.299698606133460999e-02,4.717719182372093201e-02,5.532398819923400879e-03,4.339900333434343338e-03,3.588175401091575623e-03,3.683594521135091782e-03,3.914217464625835419e-03,2.493687206879258156e-03,1.406033523380756378e-03,3.541066311299800873e-03,2.054075943306088448e-03,1.425824011676013470e-03,1.046085264533758163e-03,2.062091836705803871e-03,3.066204022616147995e-03,2.114721108227968216e-03,1.812326605431735516e-03,1.883517601527273655e-03,1.123734633438289165e-03,1.486424123868346214e-03,2.134687965735793114e-03,1.225704676471650600e-03,2.549110213294625282e-03,1.329550519585609436e-03,2.341455314308404922e-03,2.930814400315284729e-03,2.508084056898951530e-03,2.572596305981278419e-03
1.335895038209855556e-03,2.094825962558388710e-03,1.171004027128219604e-03,1.256116665899753571e-03,2.954310504719614983e-03,4.002897068858146667e-03,3.356109606102108955e-03,5.147550720721483231e-03,7.405712269246578217e-03,1.110762171447277069e-02,1.010373141616582870e-02,7.084336597472429276e-03,3.872817009687423706e-02,6.928469520062208176e-03,7.300859782844781876e-03,4.192720633000135422e-03,1.360673550516366959e-02,9.876064723357558250e-04,4.203193821012973785e-03,1.755602285265922546e-02,6.762704346328973770e-03,5.902143716812133789e-01,3.968187607824802399e-03,2.907148329541087151e-03,1.045229062438011169e-01,6.071735639125108719e-03,3.322573900222778320e-01,3.783230185508728027e-01,7.547323405742645264e-02,1.175190582871437073e-01,1.257854998111724854e-01,2.829320356249809265e-02,2.620055899024009705e-02,1.322086807340383530e-02,6.840553600341081619e-03,3.363105701282620430e-03,6.542006973177194595e-03,9.705565869808197021e-03,3.815867705270648003e-03,1.994424033910036087e-03,3.796655451878905296e-03,8.972623385488986969e-03,1.562089077197015285e-03,2.113459631800651550e-03,2.494141459465026855e-03,2.390196779742836952e-03,2.404265338554978371e-03,1.303157419897615910e-03,1.764372340403497219e-03,1.675153500400483608e-03,2.107183681800961494e-03,4.591396078467369080e-03,1.458972925320267677e-03,3.030301537364721298e-03,1.964776543900370598e-03,9.452435187995433807e-04,2.591119846329092979e-03,1.789569621905684471e-03,1.459227176383137703e-03
1.727357506752014160e-03,2.242806134745478630e-03,2.407490275800228119e-03,2.386785810813307762e-03,2.311193151399493217e-03,4.150607157498598099e-03,3.203450003638863564e-03,2.852447330951690674e-03,1.513004652224481106e-03,5.618709605187177658e-03,6.095640826970338821e-03,7.503170520067214966e-03,7.601109798997640610e-03,2.970614237710833549e-03,3.320603165775537491e-03,5.131980404257774353e-02,1.085333619266748428e-02,3.623942146077752113e-03,1.845827209763228893e-03,3.786932444199919701e-03,1.040898496285080910e-03,2.650616876780986786e-02,2.907148329541087151e-03,1.355584943667054176e-03,2.822223119437694550e-02,3.098286390304565430e-01,9.837706089019775391e-01,1.187243834137916565e-01,4.478506371378898621e-02,1.686551421880722046e-01,1.767252236604690552e-01,3.826726973056793213e-02,5.800586566329002380e-02,5.859216209501028061e-03,5.972110200673341751e-03,6.524087861180305481e-03,2.817455679178237915e-03,2.573389327153563499e-03,1.948576536960899830e-03,4.775487352162599564e-03,3.953384701162576675e-03,1.857503666542470455e-03,2.699404023587703705e-03,4.623229149729013443e-03,5.842843558639287949e-03,5.638325121253728867e-03,1.717042061500251293e-03,3.218532074242830276e-03,4.031501244753599167e-03,2.462414326146245003e-03,2.462859498336911201e-03,2.100666286423802376e-03,2.091587986797094345e-03,2.618404338136315346e-03,3.137513296678662300e-03,2.685242099687457085e-03,2.594888675957918167e-03,2.068215049803256989e-03,3.903020871803164482e-03
2.636945806443691254e-03,3.825170220807194710e-03,2.540214452892541885e-03,2.788755111396312714e-03,2.364770276471972466e-03,3.918579779565334320e-03,5.089080426841974258e-03,3.830909263342618942e-03,2.651119837537407875e-03,5.423323251307010651e-03,7.456669118255376816e-03,5.040863063186407089e-03,4.478873685002326965e-02,1.163678336888551712e-02,3.954755607992410660e-03,2.494033984839916229e-02,2.713818335905671120e-03,4.279770888388156891e-03,2.373982453718781471e-03,6.065534427762031555e-03,2.695205854251980782e-03,4.809603840112686157e-02,1.045229062438011169e-01,2.822223119437694550e-02,3.222069237381219864e-03,9.263770282268524170e-02,8.501705527305603027e-02,1.950647234916687012e-01,7.694173604249954224e-02,1.163908913731575012e-01,2.814581431448459625e-02,2.765420451760292053e-02,2.360019646584987640e-02,6.732261274009943008e-03,4.884598776698112488e-03,8.312527090311050415e-03,4.285857081413269043e-03,3.291813656687736511e-03,3.802631283178925514e-03,3.984731156378984451e-03,4.600425250828266144e-03,1.670621451921761036e-03,1.529172412119805813e-03,3.901497693732380867e-03,2.292567864060401917e-03,2.946461085230112076e-03,1.808715984225273132e-03,3.200959879904985428e-03,3.498885082080960274e-03,4.249919205904006958e-03,2.141766948625445366e-03,1.902567339129745960e-03,1.962463604286313057e-03,4.882223904132843018e-03,4.134904593229293823e-03,2.107028150931000710e-03,2.168769016861915588e-03,3.574552247300744057e-03,3.232836257666349411e-03
4.193071275949478149e-03,7.271425798535346985e-03,4.978770390152931213e-03,3.458519233390688896e-03,3.874323330819606781e-03,4.922323860228061676e-03,7.501036394387483597e-03,3.593990113586187363e-03,2.526211552321910858e-03,4.032104276120662689e-03,5.575384479016065598e-03,4.481367766857147217e-03,1.135187316685914993e-02,5.623333621770143509e-03,1.810948597267270088e-03,9.645583108067512512e-03,2.897822298109531403e-03,4.197703208774328232e-03,1.762067549861967564e-03,2.593047916889190674e-03,8.115735836327075958e-04,1.922399923205375671e-02,6.071735639125108719e-03,3.098286390304565430e-01,9.263770282268524170e-02,3.116855397820472717e-03,1.543980389833450317e-01,4.105711877346038818e-01,9.759629145264625549e-03,1.390778273344039917e-01,4.439742770045995712e-03,8.676917292177677155e-03,3.157673031091690063e-02,2.302488312125205994e-03,4.520897287875413895e-03,6.848488468676805496e-03,8.343641646206378937e-03,1.583902980200946331e-03,5.660007707774639130e-03,1.143008936196565628e-02,1.535692834295332432e-03,2.695669652894139290e-03,4.090918693691492081e-03,3.868417115882039070e-03,2.111989771947264671e-03,3.873740322887897491e-03,1.810850575566291809e-03,8.648944087326526642e-03,4.073786549270153046e-03,9.330640546977519989e-03,3.607462625950574875e-03,2.399505348876118660e-03,3.931285813450813293e-03,5.557709373533725739e-03,6.229449529200792313e-03,8.632539771497249603e-03,1.545329112559556961e-02,2.624857705086469650e-03,4.922227934002876282e-03
2.178887603804469109e-03,1.657681539654731750e-03,1.843056757934391499e-03,1.716284430585801601e-03,2.696737879887223244e-03,1.613429165445268154e-03,1.116331666707992554e-03,2.785618184134364128e-03,1.335562323220074177e-03,2.175766276195645332e-03,2.594211138784885406e-03,2.574926940724253654e-03,2.941446145996451378e-03,3.529905108734965324e-03,1.549029489979147911e-03,8.257372304797172546e-03,3.041520249098539352e-03,4.313747864216566086e-03,6.986836437135934830e-03,1.298889610916376114e-02,6.990939844399690628e-03,7.279702275991439819e-02,3.322573900222778320e-01,9.837706089019775391e-01,8.501705527305603027e-02,1.543980389833450317e-01,5.866253632120788097e-04,1.876082271337509155e-01,1.827207766473293304e-02,8.721547126770019531e-01,3.034920617938041687e-02,2.824047952890396118e-02,7.878720015287399292e-02,6.902239751070737839e-03,2.566234441474080086e-03,1.356428675353527069e-02,4.484152887016534805e-03,2.678834367543458939e-03,3.482059109956026077e-03,5.012412089854478836e-03,1.683319918811321259e-03,2.230012556537985802e-03,4.602383822202682495e-03,3.729510353878140450e-03,3.727429080754518509e-03,5.073209293186664581e-03,1.376862288452684879e-03,3.906563390046358109e-03,1.456532394513487816e-03,2.064637839794158936e-03,1.603913609869778156e-03,1.708601601421833038e-03,2.247206633910536766e-03,2.170662395656108856e-03,2.267419360578060150e-03,7.264489773660898209e-03,2.712995279580354691e-03,1.779797952622175217e-03,3.418562235310673714e-03
