3.003605233971029520e-04,1.766054481267929077e-01,5.082719326019287109e-01,7.046686857938766479e-02,1.532644331455230713e-01,1.225336715579032898e-01,2.907820045948028564e-01,4.446713626384735107e-02,5.167529731988906860e-02,1.583020016551017761e-02,1.673045940697193146e-02,1.174584031105041504e-02,6.547686643898487091e-03,2.029906027019023895e-02,7.745485287159681320e-03,1.756103150546550751e-02,5.176632199436426163e-03,7.971661165356636047e-03,3.769428003579378128e-03,5.517038982361555099e-03,2.926543820649385452e-03,2.434153808280825615e-03,1.376001047901809216e-03,3.166766371577978134e-03,6.112051196396350861e-03,1.118541788309812546e-02,5.698032677173614502e-03,2.937165554612874985e-03,2.244922099635004997e-03,3.066769568249583244e-03,1.403882750310003757e-03,2.481251955032348633e-03,2.086344407871365547e-03,1.781217637471854687e-03,2.321133157238364220e-03,7.296869531273841858e-03,6.876524537801742554e-03,2.304384019225835800e-03,1.815653289668262005e-03,3.035766538232564926e-03,2.775740809738636017e-03,7.306282641366124153e-04,6.069859489798545837e-03,4.877069499343633652e-03,2.533414168283343315e-03,2.892856951802968979e-03,2.679881639778614044e-03,4.891670774668455124e-03,3.478579455986618996e-03,2.845234237611293793e-03,2.235408639535307884e-03,1.526186708360910416e-03,2.755008870735764503e-03,5.347393453121185303e-03,5.643391050398349762e-03,6.168924737721681595e-03,7.641157601028680801e-03,3.288792213425040245e-03,7.741000503301620483e-03
1.766054481267929077e-01,5.913075525313615799e-03,4.669277369976043701e-01,4.997349083423614502e-01,3.213605582714080811e-01,2.703459858894348145e-01,1.233680471777915955e-01,1.015941426157951355e-01,8.300436660647392273e-03,9.103497490286827087e-03,2.629682980477809906e-02,5.133273079991340637e-03,2.159423567354679108e-02,9.915696457028388977e-03,7.024752441793680191e-03,6.041400600224733353e-03,3.329466562718153000e-03,4.550003912299871445e-03,2.951628994196653366e-03,2.265325281769037247e-03,1.621973817236721516e-03,2.498348243534564972e-03,1.226534368470311165e-03,3.275691764429211617e-03,5.963445641100406647e-03,8.408524096012115479e-03,4.800738301128149033e-03,2.154128160327672958e-03,2.353729913011193275e-03,2.994392765685915947e-03,1.611104235053062439e-03,1.835407456383109093e-03,1.986812334507703781e-03,1.317730755545198917e-03,2.395417774096131325e-03,5.447546020150184631e-03,9.890780784189701080e-03,1.359085668809711933e-03,2.787448000162839890e-03,8.835224434733390808e-03,1.785832457244396210e-03,1.126790186390280724e-03,3.251996589824557304e-03,7.586390711367130280e-03,1.718958956189453602e-03,2.664856379851698875e-03,1.237813034094870090e-03,3.131553297862410545e-03,4.449879284948110580e-03,8.286643773317337036e-03,2.485044533386826515e-03,1.638881978578865528e-03,4.784070886671543121e-03,3.404808929190039635e-03,4.588313400745391846e-03,6.035701837390661240e-03,3.402463626116514206e-03,4.521717317402362823e-03,1.101379934698343277e-02
5.082719326019287109e-01,4.669277369976043701e-01,8.075340092182159424e-02,1.170301660895347595e-01,6.393241286277770996e-01,9.790007770061492920e-02,2.645566500723361969e-02,6.709012389183044434e-02,1.471743639558553696e-02,3.296653041616082191e-03,1.203110441565513611e-02,5.808901041746139526e-03,7.942546159029006958e-03,8.411685004830360413e-03,6.634145043790340424e-03,7.004528306424617767e-03,4.364215303212404251e-03,6.753719411790370941e-03,1.901648472994565964e-03,3.496061544865369797e-03,1.407929579727351665e-03,2.063828287646174431e-03,1.958958804607391357e-03,3.384079085662961006e-03,5.861375015228986740e-03,5.018970463424921036e-03,2.492984989657998085e-03,3.465456655248999596e-03,2.118567470461130142e-03,1.568861771374940872e-03,1.288215629756450653e-03,1.954813720658421516e-03,2.581847133114933968e-03,1.657575019635260105e-03,2.239136258140206337e-03,6.655453704297542572e-03,1.542012114077806473e-02,1.240535522811114788e-03,3.062202595174312592e-03,1.551111601293087006e-02,2.960618119686841965e-03,1.233731047250330448e-03,5.274764727801084518e-03,6.608236115425825119e-03,1.413644873537123203e-03,3.064255928620696068e-03,1.907205558381974697e-03,4.156024660915136337e-03,2.844148082658648491e-03,6.617477163672447205e-03,2.825190778821706772e-03,1.556211500428617001e-03,3.763196524232625961e-03,5.842222832143306732e-03,3.452878445386886597e-03,4.983896389603614807e-03,6.018362473696470261e-03,3.778206882998347282e-03,9.904233738780021667e-03
7.046686857938766479e-02,4.997349083423614502e-01,1.170301660895347595e-01,4.897884093225002289e-03,5.093936324119567871e-01,2.975090146064758301e-01,1.107759475708007812e-01,9.575683474540710449e-01,2.174594551324844360e-01,5.350282881408929825e-03,1.089112088084220886e-01,5.426706280559301376e-03,1.521423272788524628e-02,8.370722644031047821e-03,4.983896389603614807e-03,3.292397363111376762e-03,3.206227207556366920e-03,8.219297043979167938e-03,3.028132952749729156e-03,1.759004779160022736e-03,1.269688596948981285e-03,1.452989992685616016e-03,1.898391288705170155e-03,3.347321413457393646e-03,7.782899774610996246e-03,1.853653928264975548e-03,2.622813917696475983e-03,2.829570788890123367e-03,2.886828966438770294e-03,1.460617408156394958e-03,1.609962549991905689e-03,1.470460440032184124e-03,3.337714355438947678e-03,2.088865730911493301e-03,3.191511845216155052e-03,2.754326444119215012e-03,5.372641608119010925e-03,2.273091813549399376e-03,2.615614095702767372e-03,3.947895951569080353e-03,4.321994725614786148e-03,1.503008767031133175e-03,2.266092691570520401e-03,3.355568507686257362e-03,3.008856903761625290e-03,2.858802909031510353e-03,1.262073288671672344e-03,2.497195731848478317e-03,2.811860060319304466e-03,1.944170100614428520e-03,2.973106689751148224e-03,1.913387677632272243e-03,6.971954833716154099e-03,1.954768085852265358e-03,3.174588084220886230e-03,3.666147822514176369e-03,5.137034691870212555e-03,2.041826955974102020e-03,5.402950104326009750e-03
1.532644331455230713e-01,3.213605582714080811e-01,6.393241286277770996e-01,5.093936324119567871e-01,1.891470397822558880e-03,1.040349155664443970e-01,8.516904115676879883e-01,8.312452435493469238e-01,2.563230879604816437e-02,6.289410404860973358e-03,1.895181648433208466e-02,2.092888113111257553e-03,1.067213807255029678e-02,8.912672288715839386e-03,3.164922818541526794e-03,4.296622704714536667e-03,3.011512802913784981e-03,2.414035843685269356e-03,1.982494257390499115e-03,2.068797824904322624e-03,2.000159118324518204e-03,1.273185829631984234e-03,3.451070748269557953e-03,2.916838275268673897e-03,5.331196356564760208e-03,4.606481641530990601e-03,1.751475268974900246e-03,2.720082411542534828e-03,2.219759393483400345e-03,2.311004092916846275e-03,1.775888609699904919e-03,2.877141116186976433e-03,2.738332375884056091e-03,1.690595410764217377e-03,2.481043105944991112e-03,7.191830314695835114e-03,4.775566514581441879e-03,1.851845416240394115e-03,3.375521628186106682e-03,7.272148504853248596e-03,1.843479578383266926e-03,1.437725848518311977e-03,3.316901391372084618e-03,4.489833489060401917e-03,1.743430853821337223e-03,2.653308212757110596e-03,1.468750997446477413e-03,2.579998457804322243e-03,4.044916015118360519e-03,3.436258295550942421e-03,3.986245486885309219e-03,2.278290688991546631e-03,4.691135138273239136e-03,3.526936052367091179e-03,3.337958361953496933e-03,3.488950431346893311e-03,4.082150757312774658e-03,4.382217768579721451e-03,5.967749282717704773e-03
1.225336715579032898e-01,2.703459858894348145e-01,9.790007770061492920e-02,2.975090146064758301e-01,1.040349155664443970e-01,7.329291198402643204e-03,1.587291210889816284e-01,4.950650036334991455e-02,8.619166165590286255e-02,1.253578066825866699e-02,4.002899304032325745e-02,1.639394275844097137e-02,1.124432776123285294e-02,1.479767262935638428e-02,9.502623230218887329e-03,6.111732684075832367e-03,5.912982858717441559e-03,3.860190045088529587e-03,5.666005890816450119e-03,6.001137662678956985e-03,2.047149697318673134e-03,3.051109611988067627e-03,3.057559486478567123e-03,2.474256092682480812e-03,4.914144054055213928e-03,8.360568434000015259e-03,1.918774330988526344e-03,2.137515461072325706e-03,2.718121977522969246e-03,2.626376226544380188e-03,1.220642938278615475e-03,1.513312919996678829e-03,1.993008423596620560e-03,1.055581029504537582e-03,3.496264340355992317e-03,4.848556127399206161e-03,3.242461709305644035e-03,2.099685138091444969e-03,1.423657289706170559e-03,4.684662912040948868e-03,3.660032525658607483e-03,1.501649734564125538e-03,3.485810244455933571e-03,6.942003499716520309e-03,1.884559518657624722e-03,4.886131267994642258e-03,2.502922667190432549e-03,2.095403149724006653e-03,3.367047756910324097e-03,4.966350272297859192e-03,2.572153462097048759e-03,3.052403684705495834e-03,6.677111145108938217e-03,4.232927691191434860e-03,5.306994542479515076e-03,4.604518879204988480e-03,4.372805822640657425e-03,2.780948765575885773e-03,4.163874778896570206e-03
2.907820045948028564e-01,1.233680471777915955e-01,2.645566500723361969e-02,1.107759475708007812e-01,8.516904115676879883e-01,1.587291210889816284e-01,2.153627108782529831e-03,1.598393172025680542e-01,1.487933285534381866e-02,1.742600053548812866e-01,6.641543470323085785e-03,3.022189019247889519e-03,2.250803634524345398e-02,5.276291165500879288e-03,1.129095908254384995e-02,8.188901469111442566e-03,3.932479303330183029e-03,1.289063505828380585e-02,6.490987259894609451e-03,4.980002995580434799e-03,4.275497514754533768e-03,2.434793161228299141e-03,5.738165695220232010e-03,3.024388104677200317e-03,6.035888101905584335e-03,6.699266843497753143e-03,1.301866024732589722e-03,3.110378514975309372e-03,1.703092129901051521e-03,1.257979660294950008e-03,1.678916742093861103e-03,2.082712016999721527e-03,2.438429044559597969e-03,1.248653978109359741e-03,4.280606284737586975e-03,2.194841392338275909e-03,6.239818874746561050e-03,2.014941303059458733e-03,2.427048049867153168e-03,5.491245072335004807e-03,3.527195658534765244e-03,1.881386036984622478e-03,3.328813007101416588e-03,3.077809233218431473e-03,3.856521099805831909e-03,3.004727419465780258e-03,2.495445543900132179e-03,2.087051514536142349e-03,2.921064151450991631e-03,1.894008135423064232e-03,3.096610074862837791e-03,1.706354320049285889e-03,2.806284930557012558e-03,2.952612936496734619e-03,3.745155641809105873e-03,8.495928719639778137e-03,4.694001749157905579e-03,5.851047579199075699e-03,6.631029304116964340e-03
4.446713626384735107e-02,1.015941426157951355e-01,6.709012389183044434e-02,9.575683474540710449e-01,8.312452435493469238e-01,4.950650036334991455e-02,1.598393172025680542e-01,5.836595315486192703e-03,1.128038112074136734e-02,8.201467245817184448e-02,3.653050214052200317e-02,1.474682125262916088e-03,8.827719837427139282e-03,9.896171279251575470e-03,7.274810224771499634e-03,1.194782927632331848e-02,3.827778855338692665e-03,1.601234823465347290e-02,7.965841330587863922e-03,4.495077300816774368e-03,3.095622407272458076e-03,3.000072669237852097e-03,2.228976227343082428e-03,1.843707752414047718e-03,3.807065077126026154e-03,3.101198701187968254e-03,2.401288598775863647e-03,2.858067862689495087e-03,1.647801836952567101e-03,1.492748386226594448e-03,1.218994148075580597e-03,3.325666300952434540e-03,2.187154488638043404e-03,1.444620895199477673e-03,2.993953181430697441e-03,6.587359122931957245e-03,7.010268513113260269e-03,2.240346977487206459e-03,2.054650569334626198e-03,7.539855316281318665e-03,2.919381251558661461e-03,1.379725756123661995e-03,1.670568133704364300e-03,5.445637274533510208e-03,2.622164087370038033e-03,2.471079351380467415e-03,1.882241340354084969e-03,4.515730775892734528e-03,3.231340320780873299e-03,3.456629812717437744e-03,2.801984548568725586e-03,4.032562021166086197e-03,5.050222855061292648e-03,2.480274997651576996e-03,2.000079257413744926e-03,2.446614205837249756e-03,2.305467380210757256e-03,2.888457383960485458e-03,5.560717079788446426e-03
5.167529731988906860e-02,8.300436660647392273e-03,1.471743639558553696e-02,2.174594551324844360e-01,2.563230879604816437e-02,8.619166165590286255e-02,1.487933285534381866e-02,1.128038112074136734e-02,4.901634529232978821e-02,3.055471554398536682e-02,1.850157976150512695e-02,8.916885592043399811e-03,4.710835404694080353e-03,1.844464335590600967e-03,4.206559062004089355e-02,5.885968916118144989e-03,6.402803212404251099e-02,9.242688305675983429e-03,4.214571043848991394e-02,2.577886357903480530e-02,2.057905308902263641e-02,4.227211698889732361e-03,8.527313359081745148e-03,1.536261755973100662e-03,1.734407851472496986e-03,1.679367618635296822e-03,1.602483331225812435e-03,2.364139305427670479e-03,4.724630154669284821e-03,1.248840708285570145e-03,2.463993849232792854e-03,1.715176273137331009e-03,3.173479111865162849e-03,2.703664358705282211e-03,5.883544683456420898e-03,2.421858254820108414e-03,1.777252415195107460e-03,1.525131333619356155e-02,2.578092273324728012e-03,2.468438586220145226e-03,9.366472251713275909e-03,4.613917320966720581e-03,1.739594503305852413e-03,2.106878906488418579e-03,1.193253323435783386e-02,4.719948396086692810e-03,6.775277666747570038e-03,3.662245115265250206e-03,3.567819483578205109e-03,2.237210981547832489e-03,3.705756040289998055e-03,6.655040662735700607e-03,5.651383660733699799e-03,1.428058720193803310e-03,2.246345160529017448e-03,1.784438034519553185e-03,7.104543969035148621e-03,5.034644156694412231e-03,5.074894055724143982e-03
1.583020016551017761e-02,9.103497490286827087e-03,3.296653041616082191e-03,5.350282881408929825e-03,6.289410404860973358e-03,1.253578066825866699e-02,1.742600053548812866e-01,8.201467245817184448e-02,3.055471554398536682e-02,3.084737993776798248e-02,1.885051280260086060e-02,1.307319700717926025e-01,1.574147492647171021e-01,7.156063802540302277e-03,8.073183894157409668e-02,1.480160839855670929e-02,1.324087530374526978e-01,1.277640741318464279e-02,7.477654144167900085e-03,5.694898962974548340e-02,1.342392805963754654e-02,2.608952345326542854e-03,4.502065014094114304e-03,2.834159880876541138e-03,2.030253643169999123e-03,1.946715288795530796e-03,2.009618096053600311e-03,2.209380967542529106e-03,2.659370424225926399e-03,1.752352458424866199e-03,3.042089752852916718e-03,1.462018699385225773e-03,2.646388486027717590e-03,3.422887763008475304e-03,6.522876676172018051e-03,3.175525227561593056e-03,3.774633398279547691e-03,1.058665942400693893e-02,1.671280828304588795e-03,1.965390751138329506e-03,7.499407045543193817e-03,3.930434584617614746e-03,1.589286257512867451e-03,4.106226377189159393e-03,5.277675576508045197e-03,3.326208563521504402e-03,4.359194077551364899e-03,3.033828921616077423e-03,4.216082394123077393e-03,1.945892930962145329e-03,1.641513314098119736e-03,2.447023987770080566e-03,2.653488656505942345e-03,2.343005267903208733e-03,3.158061299473047256e-03,3.068942576646804810e-03,3.431333461776375771e-03,6.228590384125709534e-03,4.723092075437307358e-03
1.673045940697193146e-02,2.629682980477809906e-02,1.203110441565513611e-02,1.089112088084220886e-01,1.895181648433208466e-02,4.002899304032325745e-02,6.641543470323085785e-03,3.653050214052200317e-02,1.850157976150512695e-02,1.885051280260086060e-02,1.312552485615015030e-03,2.033329755067825317e-02,2.689112424850463867e-01,1.388641744852066040e-01,4.921621084213256836e-02,1.542313303798437119e-02,1.898946054279804230e-02,1.026513800024986267e-02,5.456771701574325562e-03,5.600659642368555069e-03,1.036444865167140961e-02,3.051283769309520721e-03,6.396146491169929504e-03,2.000204985961318016e-03,2.704667160287499428e-03,2.057017991319298744e-03,2.291356446221470833e-03,3.307921579107642174e-03,1.056847861036658287e-03,1.475213095545768738e-03,1.657478744164109230e-03,1.219183555804193020e-03,2.273535355925559998e-03,2.024493878707289696e-03,6.171687971800565720e-03,2.960468875244259834e-03,1.698339916765689850e-02,4.423904698342084885e-03,1.728750881738960743e-03,5.789957940578460693e-03,9.654493071138858795e-03,2.189565915614366531e-03,4.666473250836133957e-03,5.327874328941106796e-03,8.485447615385055542e-03,2.943997737020254135e-03,4.309332463890314102e-03,4.407051485031843185e-03,3.605521051213145256e-03,5.990125704556703568e-03,5.714389495551586151e-03,3.148300806060433388e-03,4.812407772988080978e-03,5.194052588194608688e-03,2.940089674666523933e-03,3.350474173203110695e-03,1.294200425036251545e-03,3.750026226043701172e-03,3.984577953815460205e-03
1.174584031105041504e-02,5.133273079991340637e-03,5.808901041746139526e-03,5.426706280559301376e-03,2.092888113111257553e-03,1.639394275844097137e-02,3.022189019247889519e-03,1.474682125262916088e-03,8.916885592043399811e-03,1.307319700717926025e-01,2.033329755067825317e-02,1.086013671010732651e-02,7.447414100170135498e-03,5.762255564332008362e-02,7.411229610443115234e-01,3.032894618809223175e-02,3.559886813163757324e-01,3.578240424394607544e-02,7.117728143930435181e-02,3.906617313623428345e-02,2.566332556307315826e-02,5.190278869122266769e-03,2.737447153776884079e-03,2.607590053230524063e-03,2.410476561635732651e-03,2.477332251146435738e-03,1.582436962053179741e-03,2.155414083972573280e-03,3.545930376276373863e-03,2.096465323120355606e-03,1.585212652571499348e-03,2.069538226351141930e-03,4.479334224015474319e-03,4.357666708528995514e-03,6.618645973503589630e-03,3.105687675997614861e-03,4.249795805662870407e-03,6.816225592046976089e-03,1.740501495078206062e-03,2.732696011662483215e-03,5.833406001329421997e-03,3.506827866658568382e-03,1.769461319781839848e-03,3.313698107376694679e-03,9.022551588714122772e-03,5.445381626486778259e-03,3.898964729160070419e-03,3.470721654593944550e-03,3.604092635214328766e-03,2.665574662387371063e-03,4.848657175898551941e-03,6.327338982373476028e-03,3.215195843949913979e-03,4.214167129248380661e-03,3.617179812863469124e-03,4.047043155878782272e-03,3.074593842029571533e-03,3.619702067226171494e-03,1.924311742186546326e-03
6.547686643898487091e-03,2.159423567354679108e-02,7.942546159029006958e-03,1.521423272788524628e-02,1.067213807255029678e-02,1.124432776123285294e-02,2.250803634524345398e-02,8.827719837427139282e-03,4.710835404694080353e-03,1.574147492647171021e-01,2.689112424850463867e-01,7.447414100170135498e-03,5.932347266934812069e-04,6.716783344745635986e-02,6.027705222368240356e-02,2.384928911924362183e-01,2.873110771179199219e-02,2.813316322863101959e-02,2.729085274040699005e-02,1.391625776886940002e-02,5.415756721049547195e-03,2.596211852505803108e-03,4.620866850018501282e-03,2.397332806140184402e-03,5.295784678310155869e-03,2.583428984507918358e-03,1.335773500613868237e-03,5.079808179289102554e-03,3.199822269380092621e-03,3.487919690087437630e-03,2.132740570232272148e-03,2.311008516699075699e-03,4.790565930306911469e-03,2.034846926108002663e-03,4.150626715272665024e-03,3.654849249869585037e-03,5.076302681118249893e-03,8.554119616746902466e-03,1.795719959773123264e-03,3.266385756433010101e-03,2.073707059025764465e-03,2.104015555232763290e-03,2.369994530454277992e-03,3.792216069996356964e-03,4.827661905437707901e-03,3.209901740774512291e-03,1.545677543617784977e-03,3.035786561667919159e-03,6.391705945134162903e-03,6.020159460604190826e-03,2.512407256290316582e-03,2.277968917042016983e-03,4.863804206252098083e-03,6.911011412739753723e-03,1.937330700457096100e-03,7.971827872097492218e-03,6.916449405252933502e-03,4.184806719422340393e-03,7.188293151557445526e-03
2.029906027019023895e-02,9.915696457028388977e-03,8.411685004830360413e-03,8.370722644031047821e-03,8.912672288715839386e-03,1.479767262935638428e-02,5.276291165500879288e-03,9.896171279251575470e-03,1.844464335590600967e-03,7.156063802540302277e-03,1.388641744852066040e-01,5.762255564332008362e-02,6.716783344745635986e-02,1.582612632773816586e-03,1.763081550598144531e-02,5.215631723403930664e-01,9.702486917376518250e-03,1.526207569986581802e-02,1.943816244602203369e-02,6.763879675418138504e-03,1.214709714986383915e-03,1.977595267817378044e-03,2.081234008073806763e-03,3.154010977596044540e-03,4.172718618065118790e-03,4.582908935844898224e-03,3.450951306149363518e-03,3.402402391657233238e-03,3.283766098320484161e-03,2.549345372244715691e-03,2.674239221960306168e-03,2.917387522757053375e-03,4.675469361245632172e-03,3.226364729925990105e-03,6.778442300856113434e-03,3.136439714580774307e-03,5.296709481626749039e-03,6.638024467974901199e-03,3.248815890401601791e-03,3.681489964947104454e-03,3.914518747478723526e-03,3.242699196562170982e-03,5.895541049540042877e-03,4.112496972084045410e-03,7.090090773999691010e-03,9.994590654969215393e-03,3.256106050685048103e-03,7.420150563120841980e-03,7.622011005878448486e-03,9.204029105603694916e-03,3.918144386261701584e-03,3.723807632923126221e-03,6.578574888408184052e-03,5.059393122792243958e-03,3.681946313008666039e-03,2.933269366621971130e-03,4.383949097245931625e-03,4.306612070649862289e-03,8.741479367017745972e-03
7.745485287159681320e-03,7.024752441793680191e-03,6.634145043790340424e-03,4.983896389603614807e-03,3.164922818541526794e-03,9.502623230218887329e-03,1.129095908254384995e-02,7.274810224771499634e-03,4.206559062004089355e-02,8.073183894157409668e-02,4.921621084213256836e-02,7.411229610443115234e-01,6.027705222368240356e-02,1.763081550598144531e-02,8.934465050697326660e-02,9.878048300743103027e-02,2.623139023780822754e-01,6.659483909606933594e-02,5.553891882300376892e-02,2.244779095053672791e-02,4.257832653820514679e-03,2.304783090949058533e-03,7.107756100594997406e-03,1.382360234856605530e-03,2.730307169258594513e-03,1.470131566748023033e-03,1.301231910474598408e-03,2.299190266057848930e-03,2.079646103084087372e-03,1.111967954784631729e-03,2.001412212848663330e-03,1.480903592891991138e-03,2.258000895380973816e-03,4.423228092491626740e-03,5.445099901407957077e-03,2.832820639014244080e-03,4.133194684982299805e-03,6.946593988686800003e-03,2.186131663620471954e-03,1.982216956093907356e-03,6.847402080893516541e-03,5.357285961508750916e-03,2.159246709197759628e-03,3.094060113653540611e-03,3.360086353495717049e-03,5.007484927773475647e-03,2.972453832626342773e-03,1.769646769389510155e-03,2.918505808338522911e-03,1.908817444927990437e-03,2.982376608997583389e-03,3.764891531318426132e-03,5.178228951990604401e-03,2.889807568863034248e-03,1.999258995056152344e-03,3.265226492658257484e-03,4.024931695312261581e-03,2.047933172434568405e-03,3.547150408849120140e-03
1.756103150546550751e-02,6.041400600224733353e-03,7.004528306424617767e-03,3.292397363111376762e-03,4.296622704714536667e-03,6.111732684075832367e-03,8.188901469111442566e-03,1.194782927632331848e-02,5.885968916118144989e-03,1.480160839855670929e-02,1.542313303798437119e-02,3.032894618809223175e-02,2.384928911924362183e-01,5.215631723403930664e-01,9.878048300743103027e-02,1.838661730289459229e-03,6.889996584504842758e-03,6.242153644561767578e-01,6.832119077444076538e-02,3.663981799036264420e-03,3.923048730939626694e-03,5.124093499034643173e-03,2.006058814004063606e-03,2.812450751662254333e-03,9.863030165433883667e-03,4.879162181168794632e-03,1.769539667293429375e-03,2.280757995322346687e-03,2.587062539532780647e-03,3.031873609870672226e-03,1.827855128794908524e-03,5.239326041191816330e-03,3.169073024764657021e-03,2.379445359110832214e-03,7.818887941539287567e-03,6.854883860796689987e-03,1.277160272002220154e-02,2.363094827160239220e-03,2.741612959653139114e-03,3.248513210564851761e-03,2.494016895070672035e-03,2.083397004753351212e-03,4.105791915208101273e-03,2.407099818810820580e-03,3.459324594587087631e-03,5.521131679415702820e-03,2.041812520474195480e-03,5.762385204434394836e-03,3.178303828462958336e-03,4.535238258540630341e-03,2.462808974087238312e-03,2.683649072423577309e-03,5.416624713689088821e-03,4.833679180592298508e-03,4.906367044895887375e-03,8.833124302327632904e-03,3.103505121544003487e-03,2.948019187897443771e-03,5.042370408773422241e-03
5.176632199436426163e-03,3.329466562718153000e-03,4.364215303212404251e-03,3.206227207556366920e-03,3.011512802913784981e-03,5.912982858717441559e-03,3.932479303330183029e-03,3.827778855338692665e-03,6.402803212404251099e-02,1.324087530374526978e-01,1.898946054279804230e-02,3.559886813163757324e-01,2.873110771179199219e-02,9.702486917376518250e-03,2.623139023780822754e-01,6.889996584504842758e-03,6.483891047537326813e-03,3.492959961295127869e-02,9.839145839214324951e-02,6.903619319200515747e-02,1.920920051634311676e-02,5.869056563824415207e-03,2.207200741395354271e-03,2.173608867451548576e-03,1.523256883956491947e-03,1.580733689479529858e-03,2.878378145396709442e-03,2.071527531370520592e-03,3.911550622433423996e-03,3.148964140564203262e-03,3.493052907288074493e-03,1.721608103252947330e-03,6.512132007628679276e-03,7.687596604228019714e-03,1.537996530532836914e-02,4.395997617393732071e-03,3.400632413104176521e-03,1.973156630992889404e-02,2.657633274793624878e-03,1.608389895409345627e-03,7.222188170999288559e-03,6.252321414649486542e-03,1.541378558613359928e-03,2.423051046207547188e-03,8.365088142454624176e-03,4.088131710886955261e-03,2.996051916852593422e-03,4.865868017077445984e-03,5.225992295891046524e-03,3.182094777002930641e-03,3.946703858673572540e-03,7.077028509229421616e-03,2.328928792849183083e-03,3.460717154666781425e-03,2.537380438297986984e-03,2.075694501399993896e-03,6.386172492057085037e-03,2.510495018213987350e-03,4.154442343860864639e-03
7.971661165356636047e-03,4.550003912299871445e-03,6.753719411790370941e-03,8.219297043979167938e-03,2.414035843685269356e-03,3.860190045088529587e-03,1.289063505828380585e-02,1.601234823465347290e-02,9.242688305675983429e-03,1.277640741318464279e-02,1.026513800024986267e-02,3.578240424394607544e-02,2.813316322863101959e-02,1.526207569986581802e-02,6.659483909606933594e-02,6.242153644561767578e-01,3.492959961295127869e-02,5.284174112603068352e-04,8.093179762363433838e-02,4.778329133987426758e-01,4.562807735055685043e-03,1.001945734024047852e-01,2.203392097726464272e-03,3.258979646489024162e-03,3.783266292884945869e-03,3.360222326591610909e-03,2.493883948773145676e-03,2.749062143266201019e-03,8.553408086299896240e-03,1.855218084529042244e-03,3.056710818782448769e-03,3.709285752847790718e-03,4.635689780116081238e-03,5.379837937653064728e-03,8.234423585236072540e-03,1.141605712473392487e-02,3.840668126940727234e-03,4.496859852224588394e-03,3.189799841493368149e-03,3.272825386375188828e-03,3.494183300063014030e-03,1.442098058760166168e-03,3.621728392317891121e-03,2.749260747805237770e-03,4.243043251335620880e-03,4.752203822135925293e-03,1.996250823140144348e-03,4.566453862935304642e-03,6.076713092625141144e-03,3.434302518144249916e-03,2.154234796762466431e-03,2.035615034401416779e-03,3.177507547661662102e-03,3.406624775379896164e-03,3.395077772438526154e-03,3.117680782452225685e-03,2.786832861602306366e-03,2.018402796238660812e-03,3.187371883541345596e-03
3.769428003579378128e-03,2.951628994196653366e-03,1.901648472994565964e-03,3.028132952749729156e-03,1.982494257390499115e-03,5.666005890816450119e-03,6.490987259894609451e-03,7.965841330587863922e-03,4.214571043848991394e-02,7.477654144167900085e-03,5.456771701574325562e-03,7.117728143930435181e-02,2.729085274040699005e-02,1.943816244602203369e-02,5.553891882300376892e-02,6.832119077444076538e-02,9.839145839214324951e-02,8.093179762363433838e-02,2.576810074970126152e-03,7.173991948366165161e-02,1.671219766139984131e-01,7.413877639919519424e-03,6.119022727943956852e-04,3.027837083209306002e-04,3.603434597607702017e-04,7.318777497857809067e-04,4.620434716343879700e-03,1.215585856698453426e-03,5.333892535418272018e-03,4.839276429265737534e-03,1.692491583526134491e-02,1.119244936853647232e-02,9.605454280972480774e-03,2.871068753302097321e-02,1.891520060598850250e-02,9.531314484775066376e-03,2.028777077794075012e-02,1.759517937898635864e-02,4.385562613606452942e-03,3.177947364747524261e-03,1.930681802332401276e-02,1.212977059185504913e-02,2.277986146509647369e-03,8.481910452246665955e-03,5.733352620154619217e-03,7.865911349654197693e-03,4.043141845613718033e-03,4.124409053474664688e-03,7.591011933982372284e-03,1.876272028312087059e-03,4.443257581442594528e-03,2.279945416375994682e-03,1.949330675415694714e-03,2.002500230446457863e-03,9.101775358431041241e-04,1.731911208480596542e-03,2.387291053310036659e-03,2.604629145935177803e-03,2.562387613579630852e-03
5.517038982361555099e-03,2.265325281769037247e-03,3.496061544865369797e-03,1.759004779160022736e-03,2.068797824904322624e-03,6.001137662678956985e-03,4.980002995580434799e-03,4.495077300816774368e-03,2.577886357903480530e-02,5.694898962974548340e-02,5.600659642368555069e-03,3.906617313623428345e-02,1.391625776886940002e-02,6.763879675418138504e-03,2.244779095053672791e-02,3.663981799036264420e-03,6.903619319200515747e-02,4.778329133987426758e-01,7.173991948366165161e-02,5.412165075540542603e-02,3.562572225928306580e-02,9.081347286701202393e-02,2.285962458699941635e-03,4.056934267282485962e-03,1.220536651089787483e-03,1.696420134976506233e-03,4.089786205440759659e-03,4.037695936858654022e-03,2.193468436598777771e-02,5.301052704453468323e-03,9.165481664240360260e-03,1.082934346050024033e-02,1.536039263010025024e-02,1.312674302607774734e-02,2.172857522964477539e-02,4.142347257584333420e-03,2.556278137490153313e-03,1.701821386814117432e-02,3.108631819486618042e-03,1.237814198248088360e-03,4.032023716717958450e-03,3.556396812200546265e-03,1.325185177847743034e-03,1.436641206964850426e-03,1.085387356579303741e-02,5.139825865626335144e-03,4.058595281094312668e-03,2.845092210918664932e-03,3.040526760742068291e-03,1.974203623831272125e-03,3.616326022893190384e-03,2.772220177575945854e-03,1.745740300975739956e-03,1.990744844079017639e-03,2.524978946894407272e-03,1.997855259105563164e-03,4.838516470044851303e-03,2.518472261726856232e-03,3.403129987418651581e-03
2.926543820649385452e-03,1.621973817236721516e-03,1.407929579727351665e-03,1.269688596948981285e-03,2.000159118324518204e-03,2.047149697318673134e-03,4.275497514754533768e-03,3.095622407272458076e-03,2.057905308902263641e-02,1.342392805963754654e-02,1.036444865167140961e-02,2.566332556307315826e-02,5.415756721049547195e-03,1.214709714986383915e-03,4.257832653820514679e-03,3.923048730939626694e-03,1.920920051634311676e-02,4.562807735055685043e-03,1.671219766139984131e-01,3.562572225928306580e-02,2.055657096207141876e-03,5.595921073108911514e-03,2.954991161823272705e-02,5.728225223720073700e-04,3.098137676715850830e-04,5.800405633635818958e-04,3.567346371710300446e-03,3.304177429527044296e-03,3.855500370264053345e-02,5.983159411698579788e-03,3.977258503437042236e-02,5.393836274743080139e-02,4.972189068794250488e-01,7.421542406082153320e-01,1.174530014395713806e-01,6.674005649983882904e-03,1.169914472848176956e-02,1.275628507137298584e-01,4.853754304349422455e-03,3.204177832230925560e-03,2.478830143809318542e-02,1.672900095582008362e-02,2.283274661749601364e-03,3.201772458851337433e-03,1.733023673295974731e-02,5.483256652951240540e-03,5.586604587733745575e-03,2.701848046854138374e-03,4.120851866900920868e-03,1.710301614366471767e-03,3.032053820788860321e-03,5.104368552565574646e-03,1.457804231904447079e-03,1.195212593302130699e-03,1.716135069727897644e-03,1.123080728575587273e-03,1.325295073911547661e-03,2.524412004277110100e-03,2.763128839433193207e-03
2.434153808280825615e-03,2.498348243534564972e-03,2.063828287646174431e-03,1.452989992685616016e-03,1.273185829631984234e-03,3.051109611988067627e-03,2.434793161228299141e-03,3.000072669237852097e-03,4.227211698889732361e-03,2.608952345326542854e-03,3.051283769309520721e-03,5.190278869122266769e-03,2.596211852505803108e-03,1.977595267817378044e-03,2.304783090949058533e-03,5.124093499034643173e-03,5.869056563824415207e-03,1.001945734024047852e-01,7.413877639919519424e-03,9.081347286701202393e-02,5.595921073108911514e-03,2.401983365416526794e-03,1.084200069308280945e-01,1.867221482098102570e-02,3.256819397211074829e-02,5.064174532890319824e-03,1.788413897156715393e-02,1.037002056837081909e-01,7.220722734928131104e-02,4.486953839659690857e-02,1.319224536418914795e-01,9.979456067085266113e-01,1.895681619644165039e-01,1.383019238710403442e-02,2.054387144744396210e-02,1.058809272944927216e-02,3.340350231155753136e-03,6.525781936943531036e-03,1.168673485517501831e-02,1.263850019313395023e-03,3.674933454021811485e-03,2.025409368798136711e-03,3.108655335381627083e-03,1.195056713186204433e-03,2.285718917846679688e-03,4.182484466582536697e-03,1.874706358648836613e-03,2.131914719939231873e-03,2.159543801099061966e-03,1.782194594852626324e-03,2.459980547428131104e-03,1.570341293700039387e-03,1.439210143871605396e-03,3.142151981592178345e-03,1.142608467489480972e-03,1.179532380774617195e-03,2.196094021201133728e-03,1.605031895451247692e-03,1.041437033563852310e-03
1.376001047901809216e-03,1.226534368470311165e-03,1.958958804607391357e-03,1.898391288705170155e-03,3.451070748269557953e-03,3.057559486478567123e-03,5.738165695220232010e-03,2.228976227343082428e-03,8.527313359081745148e-03,4.502065014094114304e-03,6.396146491169929504e-03,2.737447153776884079e-03,4.620866850018501282e-03,2.081234008073806763e-03,7.107756100594997406e-03,2.006058814004063606e-03,2.207200741395354271e-03,2.203392097726464272e-03,6.119022727943956852e-04,2.285962458699941635e-03,2.954991161823272705e-02,1.084200069308280945e-01,1.275040209293365479e-03,6.756471004337072372e-03,6.937131285667419434e-02,8.609021082520484924e-03,2.530724704265594482e-01,5.438968539237976074e-01,7.375035285949707031e-01,2.186421602964401245e-01,3.218576312065124512e-01,4.872405529022216797e-02,8.218433707952499390e-02,2.206536196172237396e-02,1.093213912099599838e-02,4.674744326621294022e-03,3.121582325547933578e-03,1.865982450544834137e-02,6.553433369845151901e-03,1.322197262197732925e-03,6.364631932228803635e-03,3.790663555264472961e-03,1.572472625412046909e-03,1.529314438812434673e-03,7.431962992995977402e-03,5.527550354599952698e-03,2.105118241161108017e-03,3.345589619129896164e-03,1.485647284425795078e-03,1.428812392987310886e-03,5.199448205530643463e-03,2.472602063789963722e-03,3.217131132259964943e-03,4.915874917060136795e-03,2.652732655405998230e-03,1.769260852597653866e-03,1.850361702963709831e-03,2.273091813549399376e-03,1.008958555757999420e-03
3.166766371577978134e-03,3.275691764429211617e-03,3.384079085662961006e-03,3.347321413457393646e-03,2.916838275268673897e-03,2.474256092682480812e-03,3.024388104677200317e-03,1.843707752414047718e-03,1.536261755973100662e-03,2.834159880876541138e-03,2.000204985961318016e-03,2.607590053230524063e-03,2.397332806140184402e-03,3.154010977596044540e-03,1.382360234856605530e-03,2.812450751662254333e-03,2.173608867451548576e-03,3.258979646489024162e-03,3.027837083209306002e-04,4.056934267282485962e-03,5.728225223720073700e-04,1.867221482098102570e-02,6.756471004337072372e-03,2.680501202121376991e-03,2.402689680457115173e-02,5.749827623367309570e-01,7.345137596130371094e-01,1.273132264614105225e-01,4.075941443443298340e-01,9.389005899429321289e-01,3.250416517257690430e-01,3.160392343997955322e-01,5.635437369346618652e-02,4.314604215323925018e-03,5.672405939549207687e-03,7.932390086352825165e-03,4.007203504443168640e-03,3.396912477910518646e-03,3.072882536798715591e-03,2.733139088377356529e-03,1.766949892044067383e-03,1.842602388933300972e-03,3.376532346010208130e-03,2.881875494495034218e-03,6.995194591581821442e-03,6.533060222864151001e-03,1.709965290501713753e-03,5.299903452396392822e-03,4.939703270792961121e-03,4.544469993561506271e-03,3.221923951059579849e-03,1.611076644621789455e-03,3.182062879204750061e-03,3.121651941910386086e-03,3.441261593252420425e-03,2.878965344280004501e-03,2.769290003925561905e-03,2.140598371624946594e-03,3.208445152267813683e-03
6.112051196396350861e-03,5.963445641100406647e-03,5.861375015228986740e-03,7.782899774610996246e-03,5.331196356564760208e-03,4.914144054055213928e-03,6.035888101905584335e-03,3.807065077126026154e-03,1.734407851472496986e-03,2.030253643169999123e-03,2.704667160287499428e-03,2.410476561635732651e-03,5.295784678310155869e-03,4.172718618065118790e-03,2.730307169258594513e-03,9.863030165433883667e-03,1.523256883956491947e-03,3.783266292884945869e-03,3.603434597607702017e-04,1.220536651089787483e-03,3.098137676715850830e-04,3.256819397211074829e-02,6.937131285667419434e-02,2.402689680457115173e-02,7.489220588468015194e-04,1.754541695117950439e-01,1.345594674348831177e-01,5.027846097946166992e-01,1.738601028919219971e-01,3.325528204441070557e-01,3.044418059289455414e-02,2.158715389668941498e-02,1.458160579204559326e-02,4.562565125524997711e-03,5.456575192511081696e-03,7.630516774952411652e-03,1.052265521138906479e-02,2.994815586134791374e-03,7.496590260416269302e-03,5.561896134167909622e-03,3.003360470756888390e-03,1.417962834239006042e-03,2.484486671164631844e-03,6.171740591526031494e-03,4.442953504621982574e-03,4.464146215468645096e-03,1.777577330358326435e-03,8.096440695226192474e-03,4.570350516587495804e-03,9.671024978160858154e-03,4.395803436636924744e-03,1.349455444142222404e-03,4.656634759157896042e-03,9.755468927323818207e-03,5.403039511293172836e-03,3.006759099662303925e-03,2.382665639743208885e-03,5.218484438955783844e-03,3.074985230341553688e-03
1.118541788309812546e-02,8.408524096012115479e-03,5.018970463424921036e-03,1.853653928264975548e-03,4.606481641530990601e-03,8.360568434000015259e-03,6.699266843497753143e-03,3.101198701187968254e-03,1.679367618635296822e-03,1.946715288795530796e-03,2.057017991319298744e-03,2.477332251146435738e-03,2.583428984507918358e-03,4.582908935844898224e-03,1.470131566748023033e-03,4.879162181168794632e-03,1.580733689479529858e-03,3.360222326591610909e-03,7.318777497857809067e-04,1.696420134976506233e-03,5.800405633635818958e-04,5.064174532890319824e-03,8.609021082520484924e-03,5.749827623367309570e-01,1.754541695117950439e-01,2.380419056862592697e-03,5.252445936203002930e-01,5.139756798744201660e-01,5.126594379544258118e-02,3.525829911231994629e-01,1.962969638407230377e-02,1.402570307254791260e-01,2.713584154844284058e-02,1.586909289471805096e-03,3.943003248423337936e-03,8.613687008619308472e-03,3.535872790962457657e-03,1.638746936805546284e-03,4.723899066448211670e-03,1.056400779634714127e-02,1.729514799080789089e-03,1.040465198457241058e-03,6.112752482295036316e-03,4.001883789896965027e-03,1.890835002996027470e-03,4.417539574205875397e-03,2.701822435483336449e-03,1.461104955524206161e-02,5.788700655102729797e-03,1.764180138707160950e-02,9.009412489831447601e-03,1.955823274329304695e-03,3.687113756313920021e-03,4.422344267368316650e-03,4.885159898549318314e-03,1.956092193722724915e-03,3.597066970542073250e-03,1.979740336537361145e-03,3.793534822762012482e-03
5.698032677173614502e-03,4.800738301128149033e-03,2.492984989657998085e-03,2.622813917696475983e-03,1.751475268974900246e-03,1.918774330988526344e-03,1.301866024732589722e-03,2.401288598775863647e-03,1.602483331225812435e-03,2.009618096053600311e-03,2.291356446221470833e-03,1.582436962053179741e-03,1.335773500613868237e-03,3.450951306149363518e-03,1.301231910474598408e-03,1.769539667293429375e-03,2.878378145396709442e-03,2.493883948773145676e-03,4.620434716343879700e-03,4.089786205440759659e-03,3.567346371710300446e-03,1.788413897156715393e-02,2.530724704265594482e-01,7.345137596130371094e-01,1.345594674348831177e-01,5.252445936203002930e-01,9.716367931105196476e-04,7.926572859287261963e-02,3.190157115459442139e-01,9.664182662963867188e-01,4.342038929462432861e-02,3.659249842166900635e-01,6.621498614549636841e-02,4.479710943996906281e-03,2.845461713150143623e-03,8.147442713379859924e-03,2.373185008764266968e-03,2.771189436316490173e-03,3.515628632158041000e-03,3.892465028911828995e-03,1.907069236040115356e-03,1.469568116590380669e-03,2.610995667055249214e-03,1.657740678638219833e-03,2.730392618104815483e-03,2.661650534719228745e-03,1.098342821933329105e-03,3.185169771313667297e-03,2.873361110687255859e-03,1.136118918657302856e-02,4.135874565690755844e-03,1.626851968467235565e-03,2.943712519481778145e-03,2.531600184738636017e-03,4.531928338110446930e-03,2.424095291644334793e-03,2.633409108966588974e-03,2.294764388352632523e-03,3.043567994609475136e-03
