5.320203490555286407e-03,3.128298819065093994e-01,5.700267851352691650e-02,4.852630943059921265e-02,1.463406533002853394e-01,4.763010889291763306e-02,1.260154098272323608e-01,5.841064080595970154e-02,6.186661496758460999e-02,2.513780631124973297e-02,1.580204628407955170e-02,5.894163157790899277e-03,2.552542090415954590e-02,2.086140215396881104e-02,7.407591678202152252e-03,6.923143751919269562e-03,4.668961744755506516e-03,1.378216221928596497e-02,3.353893291205167770e-03,5.434280727058649063e-03,2.363907638937234879e-03,3.695660969242453575e-03,1.775583368726074696e-03,3.449219977483153343e-03,9.037306532263755798e-03,1.669854857027530670e-02,9.514820761978626251e-03,5.718646571040153503e-03,2.696438925340771675e-03,3.012389410287141800e-03,1.830604742281138897e-03,3.240263322368264198e-03,2.558385953307151794e-03,1.298597315326333046e-03,3.687383607029914856e-03,3.406707197427749634e-03,1.286907680332660675e-02,2.354791620746254921e-03,1.571887289173901081e-03,4.047000780701637268e-03,4.389457870274782181e-03,1.200740225613117218e-03,2.626257715746760368e-03,6.536997389048337936e-03,2.398952841758728027e-03,3.027528524398803711e-03,1.403744332492351532e-03,2.567302668467164040e-03,3.262402955442667007e-03,3.989190794527530670e-03,1.833295449614524841e-03,1.947409473359584808e-03,2.000679960474371910e-03,3.564222482964396477e-03,6.194328423589468002e-03,3.575156908482313156e-03,4.528061952441930771e-03,2.359576523303985596e-03,6.306318566203117371e-03
3.128298819065093994e-01,2.851824648678302765e-02,3.409014046192169189e-01,2.260948270559310913e-01,3.424630463123321533e-01,2.346491254866123199e-02,1.106112450361251831e-01,8.483956754207611084e-02,8.752257563173770905e-03,5.455470178276300430e-03,3.470224142074584961e-02,6.943683605641126633e-03,1.667411439120769501e-02,1.717286929488182068e-02,5.276899319142103195e-03,1.309306453913450241e-02,3.434078767895698547e-03,5.583850666880607605e-03,3.334717825055122375e-03,3.015564288944005966e-03,2.271438948810100555e-03,1.557493815198540688e-03,2.062590327113866806e-03,4.076263867318630219e-03,6.416540127247571945e-03,1.179903000593185425e-02,4.626631736755371094e-03,2.770500490441918373e-03,1.748365699313580990e-03,3.532428527250885963e-03,2.090858528390526772e-03,1.789570553228259087e-03,2.242588438093662262e-03,1.103291520848870277e-03,3.190846182405948639e-03,4.698608536273241043e-03,9.529945440590381622e-03,1.307493075728416443e-03,3.051086794584989548e-03,7.259230595082044601e-03,3.069247584789991379e-03,1.187918474897742271e-03,3.473467426374554634e-03,1.011860370635986328e-02,3.562789876013994217e-03,3.922456409782171249e-03,1.270155422389507294e-03,2.825922798365354538e-03,3.857524832710623741e-03,6.721301935613155365e-03,1.812997856177389622e-03,1.344122225418686867e-03,3.332505933940410614e-03,5.144936032593250275e-03,4.754407797008752823e-03,5.252678412944078445e-03,2.431783825159072876e-03,1.851605484262108803e-03,8.456663228571414948e-03
5.700267851352691650e-02,3.409014046192169189e-01,8.195433020591735840e-02,2.413232922554016113e-01,4.121517241001129150e-01,1.046608462929725647e-01,4.680656269192695618e-02,7.883322238922119141e-02,1.640107855200767517e-02,1.064467430114746094e-02,1.766010932624340057e-02,5.079434253275394440e-03,1.308968197554349899e-02,2.089411951601505280e-02,4.533171653747558594e-03,9.472908452153205872e-03,4.301288630813360214e-03,4.194246139377355576e-03,1.784726162441074848e-03,4.219685215502977371e-03,2.157425973564386368e-03,2.435378031805157661e-03,2.690074732527136803e-03,3.800991689786314964e-03,8.305596187710762024e-03,4.442230332642793655e-03,2.459836658090353012e-03,4.779355134814977646e-03,2.094349591061472893e-03,2.173661487177014351e-03,1.059865695424377918e-03,2.258190186694264412e-03,2.464808290824294090e-03,1.936514163389801979e-03,2.975492039695382118e-03,4.782819654792547226e-03,1.933921501040458679e-02,1.960814930498600006e-03,2.028266433626413345e-03,1.662336476147174835e-02,3.409990575164556503e-03,9.454748942516744137e-04,4.409537650644779205e-03,6.411851383745670319e-03,2.667753491550683975e-03,3.075820161029696465e-03,1.735227764584124088e-03,2.191130071878433228e-03,2.093034563586115837e-03,1.172426715493202209e-02,2.823601942509412766e-03,1.442324602976441383e-03,2.351674018427729607e-03,5.175473168492317200e-03,3.230305155739188194e-03,5.722951609641313553e-03,4.562225192785263062e-03,2.975760959088802338e-03,3.957782406359910965e-03
4.852630943059921265e-02,2.260948270559310913e-01,2.413232922554016113e-01,5.153889302164316177e-03,4.875707030296325684e-01,9.874277561902999878e-02,1.770539768040180206e-02,9.758620858192443848e-01,1.154066175222396851e-01,1.243539247661828995e-02,1.332774013280868530e-01,9.213647805154323578e-03,2.753965556621551514e-02,1.383529882878065109e-02,8.226331323385238647e-03,7.464634720236063004e-03,3.852154826745390892e-03,9.462810121476650238e-03,6.750163622200489044e-03,3.734678728505969048e-03,1.829001354053616524e-03,1.961490605026483536e-03,2.779297530651092529e-03,2.759147668257355690e-03,8.447599597275257111e-03,5.416683387011289597e-03,3.327443264424800873e-03,3.155333455651998520e-03,2.788899699226021767e-03,2.050654729828238487e-03,1.133308280259370804e-03,1.556058996357023716e-03,2.000962849706411362e-03,1.153387012891471386e-03,2.206002827733755112e-03,2.241907874122262001e-03,7.448788732290267944e-03,2.019719220697879791e-03,1.529455650597810745e-03,4.441737197339534760e-03,2.746898215264081955e-03,1.770464819855988026e-03,2.739043673500418663e-03,4.196357913315296173e-03,3.859827294945716858e-03,2.413733862340450287e-03,1.060706563293933868e-03,2.069412264972925186e-03,2.218376379460096359e-03,3.044994780793786049e-03,2.996508963406085968e-03,1.567511004395782948e-03,1.531990361399948597e-03,2.100752433761954308e-03,3.462194232270121574e-03,2.242791233584284782e-03,6.889135111123323441e-03,1.906709978356957436e-03,3.599229501560330391e-03
1.463406533002853394e-01,3.424630463123321533e-01,4.121517241001129150e-01,4.875707030296325684e-01,8.355664089322090149e-03,1.077664643526077271e-01,7.308136820793151855e-01,7.086871266365051270e-01,5.841701105237007141e-02,6.983131635934114456e-03,9.793359786272048950e-03,3.293362911790609360e-03,1.888682134449481964e-02,1.428561285138130188e-02,7.296188734471797943e-03,5.382670555263757706e-03,3.089712699875235558e-03,3.229801543056964874e-03,3.635097295045852661e-03,3.325464203953742981e-03,2.296779537573456764e-03,1.368508674204349518e-03,3.000453347340226173e-03,2.803245326504111290e-03,5.860538687556982040e-03,8.800700306892395020e-03,3.506757784634828568e-03,2.223732881247997284e-03,2.092886017635464668e-03,2.675600582733750343e-03,1.301494077779352665e-03,3.044847398996353149e-03,1.756120123900473118e-03,1.197154750116169453e-03,4.235326312482357025e-03,3.945905249565839767e-03,6.609760690480470657e-03,1.662071677856147289e-03,1.383465831167995930e-03,4.635657183825969696e-03,2.866797149181365967e-03,8.847892750054597855e-04,2.379426034167408943e-03,3.443183610215783119e-03,2.974396105855703354e-03,2.627599518746137619e-03,8.787902188487350941e-04,2.014776458963751793e-03,2.721873112022876740e-03,4.037392791360616684e-03,3.820427227765321732e-03,1.789783476851880550e-03,5.264431703835725784e-03,4.230739548802375793e-03,2.333976328372955322e-03,3.890403779223561287e-03,3.455554135143756866e-03,2.054943004623055458e-03,4.812627099454402924e-03
4.763010889291763306e-02,2.346491254866123199e-02,1.046608462929725647e-01,9.874277561902999878e-02,1.077664643526077271e-01,1.331769581884145737e-02,2.686412446200847626e-02,9.697668999433517456e-02,2.413833737373352051e-01,1.593410782516002655e-02,6.801641732454299927e-02,4.549662582576274872e-03,9.000063873827457428e-03,1.075638085603713989e-02,1.686735637485980988e-02,1.008222158998250961e-02,8.942200802266597748e-03,1.514358166605234146e-02,6.589447148144245148e-03,4.604046698659658432e-03,4.576950334012508392e-03,5.926629062741994858e-03,5.045873578637838364e-03,3.597354050725698471e-03,5.758286453783512115e-03,5.213535856455564499e-03,2.102148253470659256e-03,2.869425108656287193e-03,4.144704435020685196e-03,4.989458713680505753e-03,1.516376854851841927e-03,2.968924352899193764e-03,2.075483091175556183e-03,1.638772664591670036e-03,4.829359706491231918e-03,4.421368241310119629e-03,6.239612121134996414e-03,1.848213258199393749e-03,1.449397066608071327e-03,3.801412414759397507e-03,4.770153202116489410e-03,1.468177069909870625e-03,2.104174811393022537e-03,3.665687981992959976e-03,2.264910377562046051e-03,4.960213787853717804e-03,2.707974752411246300e-03,1.652011880651116371e-03,2.507052151486277580e-03,3.486219327896833420e-03,2.313321689143776894e-03,2.523704897612333298e-03,2.857438754290342331e-03,3.591474145650863647e-03,3.719094907864928246e-03,3.404883434996008873e-03,6.053900346159934998e-03,2.078959485515952110e-03,8.137280121445655823e-03
1.260154098272323608e-01,1.106112450361251831e-01,4.680656269192695618e-02,1.770539768040180206e-02,7.308136820793151855e-01,2.686412446200847626e-02,3.593365428969264030e-03,1.537277251482009888e-01,5.558368563652038574e-02,1.318538840860128403e-02,3.789651673287153244e-03,1.448812545277178288e-03,4.768413677811622620e-02,8.310994133353233337e-03,9.796551428735256195e-03,7.294941693544387817e-03,5.369447637349367142e-03,9.927734732627868652e-03,1.030514854937791824e-02,5.444457288831472397e-03,4.300915170460939407e-03,2.625145018100738525e-03,6.069598253816366196e-03,4.505945369601249695e-03,6.901808083057403564e-03,8.570975624024868011e-03,1.147129456512629986e-03,5.119700450450181961e-03,2.253272570669651031e-03,1.962315058335661888e-03,1.852303626947104931e-03,2.180207753553986549e-03,2.805157331749796867e-03,1.555153867229819298e-03,6.900831125676631927e-03,3.920182585716247559e-03,2.338015846908092499e-02,1.807419816032052040e-03,3.048420185223221779e-03,5.021126009523868561e-03,6.159801501780748367e-03,2.454819856211543083e-03,2.991138957440853119e-03,4.063347354531288147e-03,2.494674175977706909e-03,3.264099825173616409e-03,1.714694662950932980e-03,2.717181341722607613e-03,2.694780239835381508e-03,2.026500878855586052e-03,2.282316563650965691e-03,1.763545209541916847e-03,2.308816183358430862e-03,3.452998120337724686e-03,4.794052336364984512e-03,3.870221786201000214e-03,5.390472244471311569e-03,4.323817789554595947e-03,2.585165388882160187e-02
5.841064080595970154e-02,8.483956754207611084e-02,7.883322238922119141e-02,9.758620858192443848e-01,7.086871266365051270e-01,9.697668999433517456e-02,1.537277251482009888e-01,1.648595207370817661e-03,7.403227500617504120e-03,8.920724689960479736e-02,7.464443892240524292e-02,4.421666264533996582e-03,3.715412691235542297e-02,8.553965948522090912e-03,5.252733360975980759e-03,1.926019601523876190e-02,3.274901304394006729e-03,8.640758693218231201e-03,4.829678218811750412e-03,3.994485829025506973e-03,2.506201155483722687e-03,2.428019186481833458e-03,4.168128129094839096e-03,2.165711484849452972e-03,3.961521200835704803e-03,7.115615531802177429e-03,2.383841201663017273e-03,3.183665452525019646e-03,1.558215473778545856e-03,2.022163942456245422e-03,1.019197399728000164e-03,1.415916485711932182e-03,1.388913369737565517e-03,1.316868816502392292e-03,2.427067607641220093e-03,5.845023784786462784e-03,7.998569868505001068e-03,1.314138644374907017e-03,2.062679734081029892e-03,8.649965748190879822e-03,4.381483886390924454e-03,1.092925318516790867e-03,2.357564866542816162e-03,7.022095378488302231e-03,2.886573784053325653e-03,3.561693010851740837e-03,1.590969273820519447e-03,3.361715702340006828e-03,2.089151879772543907e-03,5.078424699604511261e-03,2.496383618563413620e-03,3.141917521134018898e-03,4.751901607960462570e-03,2.573450561612844467e-03,2.447833074256777763e-03,1.831222441978752613e-03,2.802577568218111992e-03,1.270171720534563065e-03,4.656966309994459152e-03
6.186661496758460999e-02,8.752257563173770905e-03,1.640107855200767517e-02,1.154066175222396851e-01,5.841701105237007141e-02,2.413833737373352051e-01,5.558368563652038574e-02,7.403227500617504120e-03,2.218948863446712494e-02,6.133767962455749512e-02,6.100805848836898804e-02,4.528754949569702148e-02,3.829609835520386696e-03,5.707998760044574738e-03,5.996514856815338135e-02,4.188904073089361191e-03,6.531043350696563721e-02,1.220292411744594574e-02,8.159658871591091156e-03,4.222167655825614929e-02,2.197500690817832947e-02,4.860795568674802780e-03,5.809553433209657669e-03,1.761512481607496738e-03,3.173264907673001289e-03,2.376602496951818466e-03,1.617629197426140308e-03,2.218029228970408440e-03,3.817456075921654701e-03,1.501902821473777294e-03,2.326822606846690178e-03,1.761324587278068066e-03,1.576056005433201790e-03,2.880967222154140472e-03,4.032506607472896576e-03,1.407889300025999546e-03,1.819016528315842152e-03,9.129678830504417419e-03,1.550434273667633533e-03,1.523389597423374653e-03,9.249567985534667969e-03,3.357074456289410591e-03,2.161310752853751183e-03,3.863356309011578560e-03,1.016880292445421219e-02,3.161318833008408546e-03,4.941735416650772095e-03,2.327210968360304832e-03,2.042771549895405769e-03,2.131117507815361023e-03,2.509010955691337585e-03,4.548255354166030884e-03,2.291891723871231079e-03,1.760933082550764084e-03,1.298958552069962025e-03,2.643737941980361938e-03,8.460086770355701447e-03,3.910250030457973480e-03,4.584638401865959167e-03
2.513780631124973297e-02,5.455470178276300430e-03,1.064467430114746094e-02,1.243539247661828995e-02,6.983131635934114456e-03,1.593410782516002655e-02,1.318538840860128403e-02,8.920724689960479736e-02,6.133767962455749512e-02,5.733339115977287292e-02,3.751160576939582825e-02,4.180635809898376465e-01,2.409945875406265259e-01,6.519953906536102295e-02,9.292912483215332031e-02,2.901648357510566711e-02,1.191838681697845459e-01,1.347017660737037659e-02,8.883677423000335693e-03,4.868954420089721680e-02,7.089705206453800201e-03,2.177902963012456894e-03,3.481297753751277924e-03,2.306022448465228081e-03,2.740158466622233391e-03,2.076937351375818253e-03,2.025758381932973862e-03,3.174194134771823883e-03,2.563278656452894211e-03,1.280243624933063984e-03,1.843427657149732113e-03,1.565715065225958824e-03,2.824231749400496483e-03,1.933063846081495285e-03,3.461373504251241684e-03,2.368881134316325188e-03,3.679630812257528305e-03,6.161489058285951614e-03,1.283225952647626400e-03,1.540672616101801395e-03,5.645874422043561935e-03,4.736816510558128357e-03,1.305589219555258751e-03,4.484068136662244797e-03,4.224554635584354401e-03,2.464074641466140747e-03,3.490819362923502922e-03,2.065805252641439438e-03,2.474552718922495842e-03,2.173616085201501846e-03,1.380484201945364475e-03,2.505264244973659515e-03,1.433695317246019840e-03,2.516131149604916573e-03,2.311041345819830894e-03,2.971117151901125908e-03,3.464918117970228195e-03,4.378809593617916107e-03,5.253981798887252808e-03
1.580204628407955170e-02,3.470224142074584961e-02,1.766010932624340057e-02,1.332774013280868530e-01,9.793359786272048950e-03,6.801641732454299927e-02,3.789651673287153244e-03,7.464443892240524292e-02,6.100805848836898804e-02,3.751160576939582825e-02,1.947464072145521641e-03,1.500851474702358246e-02,6.011843308806419373e-02,6.730616092681884766e-02,4.510303959250450134e-02,1.532756350934505463e-02,2.494329772889614105e-02,1.645407080650329590e-02,1.122694648802280426e-02,9.850242175161838531e-03,7.040692027658224106e-03,2.302590059116482735e-03,4.857090301811695099e-03,2.424614503979682922e-03,2.845223527401685715e-03,2.885160502046346664e-03,4.929443355649709702e-03,5.019185133278369904e-03,1.567082828842103481e-03,1.684512710198760033e-03,1.441138447262346745e-03,9.558025049045681953e-04,2.288553165271878242e-03,1.428925315849483013e-03,8.164492435753345490e-03,3.189020557329058647e-03,1.816147193312644958e-02,3.327606245875358582e-03,1.611415762454271317e-03,4.424038808792829514e-03,1.556286402046680450e-02,2.163478638976812363e-03,4.141725599765777588e-03,4.852885846048593521e-03,7.865833118557929993e-03,2.879491075873374939e-03,2.543829381465911865e-03,2.516682026907801628e-03,2.957282820716500282e-03,5.526148248463869095e-03,4.850632045418024063e-03,2.011082600802183151e-03,2.780609065666794777e-03,3.962906077504158020e-03,1.676945597864687443e-03,3.102455055341124535e-03,2.460660412907600403e-03,2.358053810894489288e-03,5.525372456759214401e-03
5.894163157790899277e-03,6.943683605641126633e-03,5.079434253275394440e-03,9.213647805154323578e-03,3.293362911790609360e-03,4.549662582576274872e-03,1.448812545277178288e-03,4.421666264533996582e-03,4.528754949569702148e-02,4.180635809898376465e-01,1.500851474702358246e-02,2.159235440194606781e-02,1.865045912563800812e-02,1.441476047039031982e-01,6.414830088615417480e-01,3.786123543977737427e-02,3.240945637226104736e-01,3.349502757191658020e-02,2.045379765331745148e-02,1.954777725040912628e-02,1.949334703385829926e-02,5.264257080852985382e-03,4.649854730814695358e-03,2.105465857312083244e-03,4.422963596880435944e-03,2.543634735047817230e-03,1.829570741392672062e-03,2.710607135668396950e-03,2.405349630862474442e-03,2.018564380705356598e-03,2.620307961478829384e-03,2.463228534907102585e-03,3.551908070221543312e-03,3.411956829950213432e-03,4.279427696019411087e-03,3.362728515639901161e-03,2.960065146908164024e-03,6.307708099484443665e-03,1.976422965526580811e-03,3.835386363789439201e-03,9.818760678172111511e-03,4.518217872828245163e-03,1.487044268287718296e-03,2.848648233339190483e-03,7.308823056519031525e-03,2.707612933591008186e-03,2.870344789698719978e-03,4.142669960856437683e-03,2.993254456669092178e-03,2.205626107752323151e-03,3.411222249269485474e-03,2.713998081162571907e-03,1.729495823383331299e-03,2.656786702573299408e-03,2.802299102768301964e-03,2.450887812301516533e-03,4.444054793566465378e-03,2.957532880827784538e-03,3.942087758332490921e-03
2.552542090415954590e-02,1.667411439120769501e-02,1.308968197554349899e-02,2.753965556621551514e-02,1.888682134449481964e-02,9.000063873827457428e-03,4.768413677811622620e-02,3.715412691235542297e-02,3.829609835520386696e-03,2.409945875406265259e-01,6.011843308806419373e-02,1.865045912563800812e-02,1.428320654667913914e-03,2.538480460643768311e-01,5.079003423452377319e-02,6.146214902400970459e-02,1.280835922807455063e-02,1.670073345303535461e-02,2.196403779089450836e-02,1.215031184256076813e-02,5.457237828522920609e-03,2.411198802292346954e-03,9.674683213233947754e-03,1.604718505404889584e-03,5.315506830811500549e-03,5.476954393088817596e-03,1.131348893977701664e-03,4.210102837532758713e-03,2.196524525061249733e-03,3.883052384480834007e-03,2.290667500346899033e-03,2.233437728136777878e-03,2.531060716137290001e-03,1.953716157004237175e-03,6.280110217630863190e-03,1.006368896923959255e-03,1.111375633627176285e-02,4.227844066917896271e-03,2.037997590377926826e-03,1.638853806070983410e-03,3.291555447503924370e-03,1.803883933462202549e-03,2.418347168713808060e-03,2.982586389407515526e-03,7.971985265612602234e-03,4.866535309702157974e-03,1.836160547100007534e-03,2.935349475592374802e-03,3.277041949331760406e-03,4.365032073110342026e-03,2.043196465820074081e-03,1.746564055792987347e-03,4.443689715117216110e-03,5.964971613138914108e-03,2.634750679135322571e-03,5.886261351406574249e-03,5.774453748017549515e-03,2.304960740730166435e-03,4.993129055947065353e-03
2.086140215396881104e-02,1.717286929488182068e-02,2.089411951601505280e-02,1.383529882878065109e-02,1.428561285138130188e-02,1.075638085603713989e-02,8.310994133353233337e-03,8.553965948522090912e-03,5.707998760044574738e-03,6.519953906536102295e-02,6.730616092681884766e-02,1.441476047039031982e-01,2.538480460643768311e-01,3.676440566778182983e-03,6.450249254703521729e-02,4.894639253616333008e-01,9.077601134777069092e-03,2.836536243557929993e-02,7.517607416957616806e-03,6.890691816806793213e-03,1.207857509143650532e-03,2.345360582694411278e-03,2.596067497506737709e-03,2.863943111151456833e-03,3.518695477396249771e-03,5.547309760004281998e-03,2.408294240012764931e-03,4.360533319413661957e-03,2.073789015412330627e-03,2.041954314336180687e-03,2.369872760027647018e-03,2.369115361943840981e-03,3.786094021052122116e-03,3.996787592768669128e-03,3.840040648356080055e-03,3.760773222893476486e-03,9.717759676277637482e-03,3.215015400201082230e-03,2.505798125639557838e-03,2.908652415499091148e-03,7.618664298206567764e-03,3.094333689659833908e-03,4.123602528125047684e-03,4.477642010897397995e-03,7.789770141243934631e-03,3.488105256110429764e-03,2.147166756913065910e-03,3.229144494980573654e-03,2.257843036204576492e-03,4.236979875713586807e-03,2.299241488799452782e-03,2.121499972417950630e-03,4.799975547939538956e-03,2.117426600307226181e-03,2.320326166227459908e-03,3.200144739821553230e-03,3.356036031618714333e-03,3.554736264050006866e-03,5.229414440691471100e-03
7.407591678202152252e-03,5.276899319142103195e-03,4.533171653747558594e-03,8.226331323385238647e-03,7.296188734471797943e-03,1.686735637485980988e-02,9.796551428735256195e-03,5.252733360975980759e-03,5.996514856815338135e-02,9.292912483215332031e-02,4.510303959250450134e-02,6.414830088615417480e-01,5.079003423452377319e-02,6.450249254703521729e-02,8.145540207624435425e-02,5.777940899133682251e-02,1.623950153589248657e-01,5.704825371503829956e-02,6.627775263041257858e-03,7.758960593491792679e-03,1.295824348926544189e-02,2.087765606120228767e-03,1.379484590142965317e-02,1.116981613449752331e-03,2.665972802788019180e-03,1.267493003979325294e-03,1.602980890311300755e-03,2.792397513985633850e-03,1.890476909466087818e-03,1.149797695688903332e-03,2.190015045925974846e-03,1.472119358368217945e-03,2.591263968497514725e-03,3.831975394859910011e-03,1.158680673688650131e-02,2.104996936395764351e-03,4.578562919050455093e-03,1.361666433513164520e-02,4.633602686226367950e-03,2.789273392409086227e-03,1.217902451753616333e-02,9.913669899106025696e-03,2.297588391229510307e-03,5.519223399460315704e-03,7.005509920418262482e-03,3.891949076205492020e-03,2.944419160485267639e-03,1.747086178511381149e-03,2.308592200279235840e-03,1.643333584070205688e-03,1.960313878953456879e-03,2.543407259508967400e-03,2.215260639786720276e-03,2.860731212422251701e-03,1.443507731892168522e-03,2.542319940403103828e-03,3.115797648206353188e-03,1.150933559983968735e-03,3.323144512251019478e-03
6.923143751919269562e-03,1.309306453913450241e-02,9.472908452153205872e-03,7.464634720236063004e-03,5.382670555263757706e-03,1.008222158998250961e-02,7.294941693544387817e-03,1.926019601523876190e-02,4.188904073089361191e-03,2.901648357510566711e-02,1.532756350934505463e-02,3.786123543977737427e-02,6.146214902400970459e-02,4.894639253616333008e-01,5.777940899133682251e-02,2.397275995463132858e-03,1.022924389690160751e-02,5.040336251258850098e-01,5.248052999377250671e-02,5.982680711895227432e-03,3.169478382915258408e-03,7.178097963333129883e-03,2.810255857184529305e-03,3.753337543457746506e-03,1.293156389147043228e-02,5.954742897301912308e-03,2.523563336580991745e-03,4.034090787172317505e-03,1.600022544153034687e-03,3.766607027500867844e-03,1.085130032151937485e-03,5.426168441772460938e-03,3.902231343090534210e-03,3.446717979386448860e-03,4.919787868857383728e-03,4.409607034176588058e-03,1.602983102202415466e-02,2.146028913557529449e-03,2.304248046129941940e-03,5.648027174174785614e-03,4.666442517191171646e-03,1.809249864891171455e-03,2.333570038899779320e-03,9.283919818699359894e-03,6.472124252468347549e-03,5.475360434502363205e-03,1.664962968789041042e-03,5.387901328504085541e-03,2.485971432179212570e-03,3.595407819375395775e-03,2.691418631002306938e-03,1.631789607927203178e-03,1.895769266411662102e-03,1.617819420062005520e-03,4.603620618581771851e-03,5.208302754908800125e-03,2.136428607627749443e-03,1.970023382455110550e-03,7.907620631158351898e-03
4.668961744755506516e-03,3.434078767895698547e-03,4.301288630813360214e-03,3.852154826745390892e-03,3.089712699875235558e-03,8.942200802266597748e-03,5.369447637349367142e-03,3.274901304394006729e-03,6.531043350696563721e-02,1.191838681697845459e-01,2.494329772889614105e-02,3.240945637226104736e-01,1.280835922807455063e-02,9.077601134777069092e-03,1.623950153589248657e-01,1.022924389690160751e-02,3.584834560751914978e-02,3.112208470702171326e-02,2.524660229682922363e-01,9.329662472009658813e-02,1.122886613011360168e-01,7.441322319209575653e-03,3.534105839207768440e-03,1.568236621096730232e-03,1.400804962031543255e-03,1.631453284062445164e-03,1.967645250260829926e-03,2.378438133746385574e-03,5.638295784592628479e-03,3.289040876552462578e-03,2.565478906035423279e-03,2.634887350723147392e-03,6.059428676962852478e-03,9.564231149852275848e-03,1.744555868208408356e-02,2.755110850557684898e-03,3.893842454999685287e-03,1.072253100574016571e-02,1.884408760815858841e-03,1.454785815440118313e-03,7.566405925899744034e-03,7.441650144755840302e-03,1.461079926230013371e-03,3.313624067232012749e-03,6.153639405965805054e-03,2.096855314448475838e-03,3.199375234544277191e-03,4.689823836088180542e-03,2.573641482740640640e-03,1.330519560724496841e-03,2.733384491875767708e-03,4.272246733307838440e-03,1.232825918123126030e-03,2.060384256765246391e-03,1.647440367378294468e-03,2.158140763640403748e-03,5.357075016945600510e-03,5.338110961019992828e-03,3.493797965347766876e-03
1.378216221928596497e-02,5.583850666880607605e-03,4.194246139377355576e-03,9.462810121476650238e-03,3.229801543056964874e-03,1.514358166605234146e-02,9.927734732627868652e-03,8.640758693218231201e-03,1.220292411744594574e-02,1.347017660737037659e-02,1.645407080650329590e-02,3.349502757191658020e-02,1.670073345303535461e-02,2.836536243557929993e-02,5.704825371503829956e-02,5.040336251258850098e-01,3.112208470702171326e-02,6.414282834157347679e-04,7.462824136018753052e-02,5.378299579024314880e-02,4.380121361464262009e-03,3.347656726837158203e-01,4.429691936820745468e-03,3.495955141261219978e-03,7.130422629415988922e-03,2.620902378112077713e-03,2.333154901862144470e-03,5.511495284736156464e-03,5.877359304577112198e-03,2.003665082156658173e-03,3.313461784273386002e-03,3.036641050130128860e-03,2.777199493721127510e-03,9.174246340990066528e-03,1.522379647940397263e-02,1.084627490490674973e-02,5.314952228218317032e-03,6.909803953021764755e-03,4.972195252776145935e-03,4.758958704769611359e-03,3.604750381782650948e-03,2.132348949089646339e-03,4.233542829751968384e-03,1.719626015983521938e-03,3.910664469003677368e-03,2.505959011614322662e-03,2.793592866510152817e-03,1.977649983018636703e-03,1.862452249042689800e-03,1.533568138256669044e-03,2.559110289439558983e-03,1.219710800796747208e-03,2.646195702254772186e-03,2.594935474917292595e-03,3.076115390285849571e-03,1.735028810799121857e-03,3.590653184801340103e-03,2.017934340983629227e-03,6.600461900234222412e-03
3.353893291205167770e-03,3.334717825055122375e-03,1.784726162441074848e-03,6.750163622200489044e-03,3.635097295045852661e-03,6.589447148144245148e-03,1.030514854937791824e-02,4.829678218811750412e-03,8.159658871591091156e-03,8.883677423000335693e-03,1.122694648802280426e-02,2.045379765331745148e-02,2.196403779089450836e-02,7.517607416957616806e-03,6.627775263041257858e-03,5.248052999377250671e-02,2.524660229682922363e-01,7.462824136018753052e-02,2.045745262876152992e-03,3.389964997768402100e-02,3.960316479206085205e-01,1.012060884386301041e-02,8.599148131906986237e-04,1.990585878957062960e-04,4.857879830524325371e-04,5.790418945252895355e-04,7.452448830008506775e-03,1.873709261417388916e-03,1.806221087463200092e-03,4.315636586397886276e-03,4.723145067691802979e-02,1.262307073920965195e-02,1.150271482765674591e-02,4.266573861241340637e-02,1.860699951648712158e-01,9.197251871228218079e-03,1.694185584783554077e-01,7.180199027061462402e-02,3.701570443809032440e-03,5.639522802084684372e-03,1.745597273111343384e-02,7.565714884549379349e-03,2.442502416670322418e-03,3.681164467707276344e-03,2.138944342732429504e-02,4.012842196971178055e-03,1.961990259587764740e-03,1.978807849809527397e-03,3.372460603713989258e-03,1.241582096554338932e-03,2.499089809134602547e-03,1.551875146105885506e-03,1.104899682104587555e-03,1.271804212592542171e-03,1.523709506727755070e-03,1.519237062893807888e-03,2.455441048368811607e-03,1.820783480070531368e-03,2.516612410545349121e-03
5.434280727058649063e-03,3.015564288944005966e-03,4.219685215502977371e-03,3.734678728505969048e-03,3.325464203953742981e-03,4.604046698659658432e-03,5.444457288831472397e-03,3.994485829025506973e-03,4.222167655825614929e-02,4.868954420089721680e-02,9.850242175161838531e-03,1.954777725040912628e-02,1.215031184256076813e-02,6.890691816806793213e-03,7.758960593491792679e-03,5.982680711895227432e-03,9.329662472009658813e-02,5.378299579024314880e-02,3.389964997768402100e-02,4.789600148797035217e-03,4.164708033204078674e-02,4.856828972697257996e-02,5.107556469738483429e-03,8.965341374278068542e-03,2.267272444441914558e-03,2.253522397950291634e-03,3.972694277763366699e-03,9.410464204847812653e-03,1.707148551940917969e-02,6.881860550493001938e-03,7.240413222461938858e-03,1.752025820314884186e-02,1.312408689409494400e-02,1.551271881908178329e-02,5.107096955180168152e-02,2.952372888103127480e-03,4.887610673904418945e-03,1.379971113055944443e-02,2.019420498982071877e-03,1.386096817441284657e-03,7.567146793007850647e-03,5.349405109882354736e-03,1.820004661567509174e-03,1.736424979753792286e-03,5.941364914178848267e-03,3.056454937905073166e-03,4.178103525191545486e-03,3.605909878388047218e-03,2.137067960575222969e-03,1.225695945322513580e-03,2.703400561586022377e-03,3.587263403460383415e-03,1.581077696755528450e-03,2.036116784438490868e-03,1.868353574536740780e-03,1.895593362860381603e-03,1.154623646289110184e-02,3.536089323461055756e-03,5.375484004616737366e-03
2.363907638937234879e-03,2.271438948810100555e-03,2.157425973564386368e-03,1.829001354053616524e-03,2.296779537573456764e-03,4.576950334012508392e-03,4.300915170460939407e-03,2.506201155483722687e-03,2.197500690817832947e-02,7.089705206453800201e-03,7.040692027658224106e-03,1.949334703385829926e-02,5.457237828522920609e-03,1.207857509143650532e-03,1.295824348926544189e-02,3.169478382915258408e-03,1.122886613011360168e-01,4.380121361464262009e-03,3.960316479206085205e-01,4.164708033204078674e-02,2.232921309769153595e-03,8.088804781436920166e-03,7.203445769846439362e-03,5.884259589947760105e-04,4.975232877768576145e-04,3.543784259818494320e-04,3.469623625278472900e-03,4.036434460431337357e-03,2.441606856882572174e-02,7.700495421886444092e-03,2.701575160026550293e-01,1.748804561793804169e-02,4.544560611248016357e-01,3.835474848747253418e-01,3.389990329742431641e-01,4.384615458548069000e-03,9.267129004001617432e-03,1.158616244792938232e-01,6.145482417196035385e-03,4.064250737428665161e-03,1.740191504359245300e-02,1.338571216911077499e-02,1.665808260440826416e-03,1.750923460349440575e-03,8.893872611224651337e-03,2.903806511312723160e-03,4.163910634815692902e-03,1.925140619277954102e-03,1.566560706123709679e-03,1.655152766034007072e-03,3.187081078067421913e-03,3.131084376946091652e-03,1.581712393090128899e-03,1.313448650762438774e-03,1.965839881449937820e-03,1.219152123667299747e-03,2.197047229856252670e-03,2.386609790846705437e-03,3.390551544725894928e-03
3.695660969242453575e-03,1.557493815198540688e-03,2.435378031805157661e-03,1.961490605026483536e-03,1.368508674204349518e-03,5.926629062741994858e-03,2.625145018100738525e-03,2.428019186481833458e-03,4.860795568674802780e-03,2.177902963012456894e-03,2.302590059116482735e-03,5.264257080852985382e-03,2.411198802292346954e-03,2.345360582694411278e-03,2.087765606120228767e-03,7.178097963333129883e-03,7.441322319209575653e-03,3.347656726837158203e-01,1.012060884386301041e-02,4.856828972697257996e-02,8.088804781436920166e-03,2.099796896800398827e-03,1.953004598617553711e-01,4.165793303400278091e-03,1.558724604547023773e-02,3.522430779412388802e-03,8.133617229759693146e-03,1.934767328202724457e-02,2.521807551383972168e-01,3.977524116635322571e-02,1.475051641464233398e-01,9.961423277854919434e-01,8.967936784029006958e-02,1.332024671137332916e-02,2.185407094657421112e-02,1.813697069883346558e-02,3.384188516065478325e-03,4.839662462472915649e-03,3.040031064301729202e-03,1.915377564728260040e-03,3.592737019062042236e-03,2.405990380793809891e-03,2.187444828450679779e-03,1.373967388644814491e-03,1.637308276258409023e-03,3.317263675853610039e-03,2.751570893451571465e-03,2.497407142072916031e-03,1.300620380789041519e-03,1.489113084971904755e-03,2.451961860060691833e-03,3.160545136779546738e-03,1.262702164240181446e-03,2.490390557795763016e-03,9.987320518121123314e-04,1.792199327610433102e-03,7.875815965235233307e-03,2.069757785648107529e-03,3.254283685237169266e-03
1.775583368726074696e-03,2.062590327113866806e-03,2.690074732527136803e-03,2.779297530651092529e-03,3.000453347340226173e-03,5.045873578637838364e-03,6.069598253816366196e-03,4.168128129094839096e-03,5.809553433209657669e-03,3.481297753751277924e-03,4.857090301811695099e-03,4.649854730814695358e-03,9.674683213233947754e-03,2.596067497506737709e-03,1.379484590142965317e-02,2.810255857184529305e-03,3.534105839207768440e-03,4.429691936820745468e-03,8.599148131906986237e-04,5.107556469738483429e-03,7.203445769846439362e-03,1.953004598617553711e-01,3.058028873056173325e-03,7.416119799017906189e-03,3.559879958629608154e-02,2.188152633607387543e-03,2.137106657028198242e-01,2.620689868927001953e-01,6.601399183273315430e-01,2.677205502986907959e-01,3.627730906009674072e-01,1.073181256651878357e-01,5.266494303941726685e-02,1.356028672307729721e-02,9.970692917704582214e-03,6.288733799010515213e-03,3.241310827434062958e-03,1.264448370784521103e-02,2.126954030245542526e-03,1.200286205857992172e-03,3.921597730368375778e-03,3.647319041192531586e-03,8.347843540832400322e-04,1.739747589454054832e-03,2.859174041077494621e-03,1.962783979251980782e-03,1.519656623713672161e-03,2.106299391016364098e-03,1.751173520460724831e-03,1.297438866458833218e-03,5.983517039567232132e-03,8.628476411104202271e-03,2.543531823903322220e-03,4.290857817977666855e-03,2.742396900430321693e-03,1.908379606902599335e-03,2.624566899612545967e-03,1.824848237447440624e-03,2.159047406166791916e-03
3.449219977483153343e-03,4.076263867318630219e-03,3.800991689786314964e-03,2.759147668257355690e-03,2.803245326504111290e-03,3.597354050725698471e-03,4.505945369601249695e-03,2.165711484849452972e-03,1.761512481607496738e-03,2.306022448465228081e-03,2.424614503979682922e-03,2.105465857312083244e-03,1.604718505404889584e-03,2.863943111151456833e-03,1.116981613449752331e-03,3.753337543457746506e-03,1.568236621096730232e-03,3.495955141261219978e-03,1.990585878957062960e-04,8.965341374278068542e-03,5.884259589947760105e-04,4.165793303400278091e-03,7.416119799017906189e-03,1.905634999275207520e-03,3.459277004003524780e-02,3.892279565334320068e-01,9.047815799713134766e-01,5.595806986093521118e-02,3.296280205249786377e-01,7.999417781829833984e-01,3.219813108444213867e-01,7.070821523666381836e-01,2.090970724821090698e-01,6.444459315389394760e-03,7.538270670920610428e-03,6.493411492556333542e-03,4.649682436138391495e-03,2.433307468891143799e-03,3.478597616776823997e-03,5.336040630936622620e-03,1.383789349347352982e-03,1.266791834495961666e-03,1.882656244561076164e-03,2.746407175436615944e-03,6.945912726223468781e-03,3.799892496317625046e-03,2.128066495060920715e-03,5.191941279917955399e-03,3.893505549058318138e-03,4.062483087182044983e-03,3.517265897244215012e-03,1.353448024019598961e-03,3.848185995593667030e-03,2.966307103633880615e-03,2.533529652282595634e-03,2.776485402137041092e-03,4.355194978415966034e-03,1.986157381907105446e-03,4.657286684960126877e-03
9.037306532263755798e-03,6.416540127247571945e-03,8.305596187710762024e-03,8.447599597275257111e-03,5.860538687556982040e-03,5.758286453783512115e-03,6.901808083057403564e-03,3.961521200835704803e-03,3.173264907673001289e-03,2.740158466622233391e-03,2.845223527401685715e-03,4.422963596880435944e-03,5.315506830811500549e-03,3.518695477396249771e-03,2.665972802788019180e-03,1.293156389147043228e-02,1.400804962031543255e-03,7.130422629415988922e-03,4.857879830524325371e-04,2.267272444441914558e-03,4.975232877768576145e-04,1.558724604547023773e-02,3.559879958629608154e-02,3.459277004003524780e-02,1.042568706907331944e-03,1.981622725725173950e-01,8.205664902925491333e-02,1.491925269365310669e-01,2.828267812728881836e-01,1.043948829174041748e-01,7.854089885950088501e-02,3.329611197113990784e-02,5.198279395699501038e-03,7.376613095402717590e-03,8.871128782629966736e-03,6.235246546566486359e-03,4.076691344380378723e-03,3.642816795036196709e-03,2.938517834991216660e-03,7.576706819236278534e-03,1.584809622727334499e-03,1.100409077480435371e-03,1.756325713358819485e-03,3.099181223660707474e-03,3.945442382246255875e-03,2.718147821724414825e-03,1.760835875757038593e-03,7.550363428890705109e-03,1.798601006157696247e-03,7.913473062217235565e-03,9.597664698958396912e-03,2.120500663295388222e-03,5.319125484675168991e-03,1.970593258738517761e-02,4.549613222479820251e-03,5.368510726839303970e-03,3.623556112870573997e-03,3.406597534194588661e-03,4.158395808190107346e-03
1.669854857027530670e-02,1.179903000593185425e-02,4.442230332642793655e-03,5.416683387011289597e-03,8.800700306892395020e-03,5.213535856455564499e-03,8.570975624024868011e-03,7.115615531802177429e-03,2.376602496951818466e-03,2.076937351375818253e-03,2.885160502046346664e-03,2.543634735047817230e-03,5.476954393088817596e-03,5.547309760004281998e-03,1.267493003979325294e-03,5.954742897301912308e-03,1.631453284062445164e-03,2.620902378112077713e-03,5.790418945252895355e-04,2.253522397950291634e-03,3.543784259818494320e-04,3.522430779412388802e-03,2.188152633607387543e-03,3.892279565334320068e-01,1.981622725725173950e-01,1.245995168574154377e-03,2.224814593791961670e-01,2.172478288412094116e-01,4.246228188276290894e-02,7.297162711620330811e-02,9.532826952636241913e-03,8.811461925506591797e-02,1.751326583325862885e-02,2.624634420499205589e-03,2.643004758283495903e-03,1.143444981426000595e-02,4.802189767360687256e-03,1.764684682711958885e-03,3.643993521109223366e-03,2.358204126358032227e-02,1.782048842869699001e-03,9.704895201139152050e-04,4.434215836226940155e-03,4.733523819595575333e-03,2.184366341680288315e-03,6.630673538893461227e-03,3.662469331175088882e-03,8.119638077914714813e-03,6.321992725133895874e-03,2.931861951947212219e-02,1.640707999467849731e-02,1.877202885225415230e-03,7.921226322650909424e-03,6.517804227769374847e-03,3.794105956330895424e-03,4.947999957948923111e-03,6.416190881282091141e-03,2.354307798668742180e-03,5.009651649743318558e-03
9.514820761978626251e-03,4.626631736755371094e-03,2.459836658090353012e-03,3.327443264424800873e-03,3.506757784634828568e-03,2.102148253470659256e-03,1.147129456512629986e-03,2.383841201663017273e-03,1.617629197426140308e-03,2.025758381932973862e-03,4.929443355649709702e-03,1.829570741392672062e-03,1.131348893977701664e-03,2.408294240012764931e-03,1.602980890311300755e-03,2.523563336580991745e-03,1.967645250260829926e-03,2.333154901862144470e-03,7.452448830008506775e-03,3.972694277763366699e-03,3.469623625278472900e-03,8.133617229759693146e-03,2.137106657028198242e-01,9.047815799713134766e-01,8.205664902925491333e-02,2.224814593791961670e-01,9.477866115048527718e-04,9.473379701375961304e-02,4.296097457408905029e-01,9.294169545173645020e-01,1.072958335280418396e-01,1.557056456804275513e-01,7.841716706752777100e-02,3.188821952790021896e-03,1.800009165890514851e-03,4.285936243832111359e-03,2.624957822263240814e-03,1.569222542457282543e-03,5.060401745140552521e-03,6.729972548782825470e-03,1.627107500098645687e-03,1.283817691728472710e-03,3.711678087711334229e-03,2.042555715888738632e-03,1.568575622513890266e-03,3.558868076652288437e-03,1.291872700676321983e-03,3.204657696187496185e-03,1.673332299105823040e-03,6.441849283874034882e-03,5.276734009385108948e-03,1.683895359747111797e-03,4.634169861674308777e-03,4.325918387621641159e-03,2.902361331507563591e-03,2.285339403897523880e-03,1.968515571206808090e-03,2.896754536777734756e-03,6.369491573423147202e-03
