1.681559602729976177e-03,3.045213520526885986e-01,4.723547101020812988e-01,1.520545631647109985e-01,1.018143221735954285e-01,6.411539763212203979e-02,9.167797118425369263e-02,6.039481610059738159e-02,1.055641844868659973e-01,1.524340268224477768e-02,3.598498553037643433e-02,6.015787366777658463e-03,6.459301803261041641e-03,2.698879502713680267e-02,1.133155077695846558e-02,1.240571402013301849e-02,3.309045918285846710e-03,8.060168474912643433e-03,1.986347371712327003e-03,4.321030806750059128e-03,2.266682684421539307e-03,1.384039758704602718e-03,1.309055136516690254e-03,4.219579044729471207e-03,5.533682182431221008e-03,1.683855056762695312e-02,1.090559270232915878e-02,4.153938964009284973e-03,3.290022490546107292e-03,4.625713918358087540e-03,9.818760445341467857e-04,2.691934118047356606e-03,2.721444703638553619e-03,1.386629650369286537e-03,2.415970433503389359e-03,3.668393706902861595e-03,1.078346371650695801e-02,2.352749230340123177e-03,1.552718342281877995e-03,6.486868485808372498e-03,3.977608866989612579e-03,8.300438639707863331e-04,3.407388925552368164e-03,6.246428005397319794e-03,2.126823412254452705e-03,3.421022323891520500e-03,2.027573529630899429e-03,3.645559307187795639e-03,3.243790473788976669e-03,6.735262926667928696e-03,2.009990159422159195e-03,1.300584641285240650e-03,3.534352406859397888e-03,3.601559437811374664e-03,2.854091580957174301e-03,5.837281700223684311e-03,3.684822935611009598e-03,3.103492083027958870e-03,3.330639097839593887e-03
3.045213520526885986e-01,2.838888391852378845e-02,1.945367306470870972e-01,2.058424800634384155e-01,2.736721932888031006e-01,3.524263203144073486e-02,1.814313679933547974e-01,2.256714105606079102e-01,1.310403645038604736e-02,7.635782938450574875e-03,8.529910445213317871e-02,5.723866168409585953e-03,1.995131745934486389e-02,2.813433855772018433e-02,5.998356733471155167e-03,5.285202991217374802e-03,2.829008502885699272e-03,5.926053039729595184e-03,2.554907230660319328e-03,1.415840932168066502e-03,1.639415626414120197e-03,1.223317696712911129e-03,1.271498971618711948e-03,2.439487027004361153e-03,2.868305193260312080e-03,1.210349798202514648e-02,4.030394833534955978e-03,3.129540011286735535e-03,1.641839975491166115e-03,2.502652583643794060e-03,1.794205163605511189e-03,2.001465531066060066e-03,2.127008745446801186e-03,1.272354857064783573e-03,3.018108662217855453e-03,1.090343296527862549e-02,7.356686051934957504e-03,1.609106664545834064e-03,3.207865869626402855e-03,7.086268626153469086e-03,2.251923317089676857e-03,1.207396737299859524e-03,4.508369136601686478e-03,5.889538675546646118e-03,2.478779759258031845e-03,2.421014010906219482e-03,1.319965231232345104e-03,4.121634643524885178e-03,4.282618872821331024e-03,1.104139257222414017e-02,2.599507337436079979e-03,1.361444592475891113e-03,2.521916991099715233e-03,4.911134950816631317e-03,3.960281610488891602e-03,1.053623296320438385e-02,3.159805899485945702e-03,3.164190333336591721e-03,7.353497203439474106e-03
4.723547101020812988e-01,1.945367306470870972e-01,3.626703470945358276e-02,3.298887610435485840e-01,1.752342283725738525e-01,9.053029865026473999e-02,2.167774140834808350e-01,5.115963146090507507e-02,1.514898613095283508e-02,6.394858937710523605e-03,5.172482505440711975e-02,5.951359402388334274e-03,1.314276922494173050e-02,1.185402553528547287e-02,6.005977746099233627e-03,6.460924632847309113e-03,2.739666029810905457e-03,7.031897082924842834e-03,1.286625862121582031e-03,3.269820008426904678e-03,1.257472904399037361e-03,2.220289548859000206e-03,2.352108247578144073e-03,3.030245658010244370e-03,8.017627522349357605e-03,9.247977286577224731e-03,3.365731099620461464e-03,2.912527183070778847e-03,1.898257643915712833e-03,1.515272539108991623e-03,1.152346492744982243e-03,2.521253889426589012e-03,3.062196774408221245e-03,1.668356359004974365e-03,3.049108898267149925e-03,4.809389822185039520e-03,2.211458422243595123e-02,1.420815591700375080e-03,3.855356480926275253e-03,6.860375404357910156e-03,2.729492029175162315e-03,1.508882502093911171e-03,4.529600962996482849e-03,3.478065133094787598e-03,2.061249222606420517e-03,3.639567643404006958e-03,1.255040289834141731e-03,3.250592155382037163e-03,2.431136090308427811e-03,9.266410954296588898e-03,1.873126951977610588e-03,1.593997236341238022e-03,2.399375196546316147e-03,4.256015643477439880e-03,4.311972297728061676e-03,7.090682163834571838e-03,4.077384714037179947e-03,2.461451804265379906e-03,9.788279421627521515e-03
1.520545631647109985e-01,2.058424800634384155e-01,3.298887610435485840e-01,3.816016484051942825e-03,5.221242308616638184e-01,1.336471289396286011e-01,5.823761969804763794e-02,8.796134591102600098e-01,1.136947646737098694e-01,2.560409344732761383e-02,1.389122903347015381e-01,1.599074713885784149e-02,2.296872250735759735e-02,1.983006857335567474e-02,6.394759286195039749e-03,3.932858817279338837e-03,3.711550962179899216e-03,1.360904611647129059e-02,3.147729206830263138e-03,3.815476084128022194e-03,2.443208824843168259e-03,1.990405842661857605e-03,1.674499711953103542e-03,2.224604832008481026e-03,8.686433546245098114e-03,7.796355523169040680e-03,3.795508528128266335e-03,2.036571502685546875e-03,2.052598400041460991e-03,1.673285267315804958e-03,9.272214956581592560e-04,1.543596270494163036e-03,2.259152941405773163e-03,9.013617527671158314e-04,3.493123920634388924e-03,2.551349112764000893e-03,3.734864760190248489e-03,2.193346619606018066e-03,2.287214621901512146e-03,4.373175557702779770e-03,2.277687191963195801e-03,1.708385418169200420e-03,2.851612167432904243e-03,3.795189550146460533e-03,1.760802348144352436e-03,2.351010683923959732e-03,8.808680577203631401e-04,2.239808673039078712e-03,3.294795285910367966e-03,1.220018719322979450e-03,2.760936738923192024e-03,1.018432551063597202e-03,3.529670182615518570e-03,4.528747871518135071e-03,3.230375936254858971e-03,3.473099321126937866e-03,4.552989732474088669e-03,1.496614073403179646e-03,4.678053315728902817e-03
1.018143221735954285e-01,2.736721932888031006e-01,1.752342283725738525e-01,5.221242308616638184e-01,4.414277616888284683e-03,1.113409623503684998e-01,8.257748484611511230e-01,8.930952548980712891e-01,1.008119340986013412e-02,7.682498544454574585e-03,1.318749040365219116e-02,1.091444771736860275e-02,3.369806334376335144e-02,7.460286840796470642e-03,5.628095008432865143e-03,6.838978733867406845e-03,4.450079984962940216e-03,2.386624692007899284e-03,3.422902431339025497e-03,2.269495744258165359e-03,1.842396217398345470e-03,1.309681101702153683e-03,1.893392414785921574e-03,2.631526207551360130e-03,7.065293379127979279e-03,7.070075254887342453e-03,5.066486541181802750e-03,3.241498721763491631e-03,1.959315035492181778e-03,1.323876320384442806e-03,1.451419084332883358e-03,3.537412034347653389e-03,1.707904040813446045e-03,1.468095229938626289e-03,3.737400984391570091e-03,6.084332242608070374e-03,9.441603906452655792e-03,2.592154080048203468e-03,2.789192833006381989e-03,3.704010276123881340e-03,3.377387300133705139e-03,1.208784524351358414e-03,2.155566820874810219e-03,2.851698780432343483e-03,1.969564938917756081e-03,2.726816805079579353e-03,1.000889576971530914e-03,1.781228696927428246e-03,2.497516339644789696e-03,4.628164693713188171e-03,2.782316412776708603e-03,1.410308759659528732e-03,3.041412914171814919e-03,5.404369439929723740e-03,4.590147640556097031e-03,4.934626631438732147e-03,3.859689459204673767e-03,2.409157110378146172e-03,4.342089407145977020e-03
6.411539763212203979e-02,3.524263203144073486e-02,9.053029865026473999e-02,1.336471289396286011e-01,1.113409623503684998e-01,9.866784326732158661e-03,1.659932732582092285e-02,1.289265006780624390e-01,1.329714208841323853e-01,1.134907547384500504e-02,5.103548988699913025e-02,1.230231020599603653e-02,1.393676642328500748e-02,9.659669362008571625e-03,2.413393184542655945e-02,8.172635920345783234e-03,6.500437390059232712e-03,9.182923473417758942e-03,4.841674584895372391e-03,6.070103961974382401e-03,3.792320378124713898e-03,6.855072453618049622e-03,2.707641338929533958e-03,3.796368837356567383e-03,5.393050145357847214e-03,6.160820368677377701e-03,1.805881387554109097e-03,2.177593298256397247e-03,2.824548864737153053e-03,3.901775460690259933e-03,1.496325479820370674e-03,3.329753177240490913e-03,2.056100172922015190e-03,1.369601930491626263e-03,5.293893627822399139e-03,4.150433931499719620e-03,5.172059405595064163e-03,2.205102471634745598e-03,1.733489218167960644e-03,4.742349497973918915e-03,5.285345949232578278e-03,1.938579487614333630e-03,2.993006724864244461e-03,3.538509598001837730e-03,1.627541380003094673e-03,5.553984548896551132e-03,2.440344775095582008e-03,2.063728403300046921e-03,3.057031892240047455e-03,5.814698059111833572e-03,2.512886421754956245e-03,2.653831616044044495e-03,3.921100404113531113e-03,5.078675225377082825e-03,4.911936353892087936e-03,4.661028739064931870e-03,3.135102801024913788e-03,2.105309627950191498e-03,4.729798994958400726e-03
9.167797118425369263e-02,1.814313679933547974e-01,2.167774140834808350e-01,5.823761969804763794e-02,8.257748484611511230e-01,1.659932732582092285e-02,9.426029282622039318e-04,1.538085639476776123e-01,4.476692155003547668e-02,4.654053598642349243e-02,4.020506981760263443e-03,6.793830543756484985e-03,5.445109680294990540e-02,4.876215942203998566e-03,2.417223341763019562e-02,1.144362613558769226e-02,5.557765252888202667e-03,1.004782877862453461e-02,1.114151719957590103e-02,3.692193655297160149e-03,3.063699463382363319e-03,2.200273098424077034e-03,3.460084088146686554e-03,3.289977321401238441e-03,1.016507018357515335e-02,6.073540076613426208e-03,1.511917915195226669e-03,5.156405270099639893e-03,1.579150441102683544e-03,1.587244682013988495e-03,1.427452196367084980e-03,1.808380126021802425e-03,3.173571312800049782e-03,8.997978875413537025e-04,4.688003566116094589e-03,2.392348833382129669e-03,4.826557822525501251e-03,1.882986980490386486e-03,2.770460909232497215e-03,2.460565418004989624e-03,4.071100614964962006e-03,2.774076769128441811e-03,3.288401523604989052e-03,2.643398474901914597e-03,1.924691721796989441e-03,3.614558372646570206e-03,1.997528132051229477e-03,2.007956616580486298e-03,3.826724365353584290e-03,2.039192710071802139e-03,2.362614730373024940e-03,2.360840793699026108e-03,5.159175023436546326e-03,6.592466030269861221e-03,4.067250993102788925e-03,1.179323159158229828e-02,4.580358043313026428e-03,3.817390650510787964e-03,6.462090183049440384e-03
6.039481610059738159e-02,2.256714105606079102e-01,5.115963146090507507e-02,8.796134591102600098e-01,8.930952548980712891e-01,1.289265006780624390e-01,1.538085639476776123e-01,1.907887402921915054e-03,1.837076060473918915e-02,8.626012504100799561e-02,4.502110183238983154e-02,4.571884404867887497e-03,1.359860319644212723e-02,1.662588119506835938e-02,1.853734999895095825e-02,2.039815112948417664e-02,4.367185756564140320e-03,2.796620363369584084e-03,1.012232992798089981e-02,2.289410214871168137e-03,2.963531529530882835e-03,1.698213862255215645e-03,4.377246368676424026e-03,2.299712039530277252e-03,4.112260416150093079e-03,4.880857188254594803e-03,1.550441724248230457e-03,1.894536428153514862e-03,1.608716789633035660e-03,1.351439976133406162e-03,9.936155984178185463e-04,1.935075037181377411e-03,1.734906458295881748e-03,1.479349681176245213e-03,6.894635036587715149e-03,7.192981429398059845e-03,3.953035455197095871e-03,1.955979736521840096e-03,2.801614347845315933e-03,5.812270101159811020e-03,5.160856992006301880e-03,1.298805116675794125e-03,2.634683158248662949e-03,6.111475173383951187e-03,1.716469996608793736e-03,2.701796591281890869e-03,1.085699186660349369e-03,3.243829123675823212e-03,2.158884191885590553e-03,6.320285610854625702e-03,1.955120591446757317e-03,2.455653622746467590e-03,3.237886354327201843e-03,2.735726535320281982e-03,3.201863961294293404e-03,2.434388967230916023e-03,1.584718353115022182e-03,1.612030202522873878e-03,5.177788902074098587e-03
1.055641844868659973e-01,1.310403645038604736e-02,1.514898613095283508e-02,1.136947646737098694e-01,1.008119340986013412e-02,1.329714208841323853e-01,4.476692155003547668e-02,1.837076060473918915e-02,3.048581257462501526e-02,2.122788503766059875e-02,2.235360257327556610e-02,9.212231636047363281e-02,1.366508565843105316e-02,4.632043652236461639e-03,9.493542462587356567e-02,1.023329515010118484e-02,7.305805385112762451e-02,1.519243791699409485e-02,1.474014576524496078e-02,2.173292823135852814e-02,1.170953083783388138e-02,3.781085135415196419e-03,4.595736972987651825e-03,2.129045780748128891e-03,2.507659373804926872e-03,3.070429665967822075e-03,1.614393433555960655e-03,2.165461191907525063e-03,3.934441134333610535e-03,1.937530003488063812e-03,3.846080740913748741e-03,1.415724400430917740e-03,1.712578581646084785e-03,3.763074753805994987e-03,5.021090619266033173e-03,1.815356197766959667e-03,2.573885023593902588e-03,5.262057296931743622e-03,1.491216942667961121e-03,1.789871254004538059e-03,6.659767124801874161e-03,5.263303406536579132e-03,1.798809156753122807e-03,2.562594832852482796e-03,5.763913039118051529e-03,2.473475877195596695e-03,4.112098366022109985e-03,3.488657064735889435e-03,3.857664298266172409e-03,2.366198459640145302e-03,2.657998818904161453e-03,5.415599327534437180e-03,2.862853929400444031e-03,1.809856970794498920e-03,1.495289965532720089e-03,2.398132346570491791e-03,3.422677982598543167e-03,4.273553378880023956e-03,2.908974653109908104e-03
1.524340268224477768e-02,7.635782938450574875e-03,6.394858937710523605e-03,2.560409344732761383e-02,7.682498544454574585e-03,1.134907547384500504e-02,4.654053598642349243e-02,8.626012504100799561e-02,2.122788503766059875e-02,2.006753906607627869e-02,2.001792639493942261e-01,1.033098548650741577e-01,4.284953773021697998e-01,2.467500977218151093e-02,4.029882699251174927e-02,2.058324404060840607e-02,9.881077706813812256e-02,1.848571002483367920e-02,7.063687779009342194e-03,4.759688302874565125e-02,5.658175330609083176e-03,1.935787964612245560e-03,2.957191318273544312e-03,2.393647562712430954e-03,2.223721239715814590e-03,2.502631163224577904e-03,2.180770970880985260e-03,3.543250728398561478e-03,2.583167282864451408e-03,1.625051489099860191e-03,2.703158883377909660e-03,1.883383141830563545e-03,3.006604732945561409e-03,2.674412215128540993e-03,3.033451037481427193e-03,5.139567423611879349e-03,4.841502290219068527e-03,9.319222532212734222e-03,2.346783643588423729e-03,1.569953281432390213e-03,4.893495701253414154e-03,2.617100952193140984e-03,2.179849892854690552e-03,1.696857740171253681e-03,2.692625625059008598e-03,2.830930054187774658e-03,3.165548667311668396e-03,2.099273493513464928e-03,4.475430119782686234e-03,2.303032670170068741e-03,2.069537295028567314e-03,2.947909990325570107e-03,2.436505630612373352e-03,2.690581372007727623e-03,2.320231171324849129e-03,3.331111045554280281e-03,3.427505260333418846e-03,3.230122383683919907e-03,4.144542850553989410e-03
3.598498553037643433e-02,8.529910445213317871e-02,5.172482505440711975e-02,1.389122903347015381e-01,1.318749040365219116e-02,5.103548988699913025e-02,4.020506981760263443e-03,4.502110183238983154e-02,2.235360257327556610e-02,2.001792639493942261e-01,1.234757364727556705e-03,2.533153071999549866e-02,2.931639254093170166e-01,3.689880669116973877e-02,1.635483205318450928e-01,1.991938985884189606e-02,2.735252864658832550e-02,1.671539060771465302e-02,1.010041451081633568e-03,8.341827429831027985e-03,2.142869867384433746e-03,1.871534390375018120e-03,2.572056604549288750e-03,3.721494926139712334e-03,3.786373184993863106e-03,4.224251955747604370e-03,4.918322432786226273e-03,3.029549960047006607e-03,1.318598282523453236e-03,1.623818767257034779e-03,8.203513571061193943e-04,8.778341580182313919e-04,1.511603360995650291e-03,1.563406782224774361e-03,5.731039680540561676e-03,4.419895354658365250e-03,2.252727374434471130e-02,2.261912450194358826e-03,2.776086796075105667e-03,4.592522978782653809e-03,4.965676926076412201e-03,1.329137827269732952e-03,7.886602543294429779e-03,6.717645097523927689e-03,4.265967290848493576e-03,4.863504320383071899e-03,1.948997727595269680e-03,2.619925420731306076e-03,2.153774723410606384e-03,8.320105262100696564e-03,2.642112784087657928e-03,1.327807316556572914e-03,3.091384423896670341e-03,6.242339033633470535e-03,2.347867703065276146e-03,4.356510471552610397e-03,2.089431276544928551e-03,1.745693851262331009e-03,3.609713865444064140e-03
6.015787366777658463e-03,5.723866168409585953e-03,5.951359402388334274e-03,1.599074713885784149e-02,1.091444771736860275e-02,1.230231020599603653e-02,6.793830543756484985e-03,4.571884404867887497e-03,9.212231636047363281e-02,1.033098548650741577e-01,2.533153071999549866e-02,2.955018356442451477e-02,2.455991879105567932e-02,3.948528692126274109e-02,1.594548821449279785e-01,3.991663083434104919e-02,7.361543923616409302e-02,1.206632424145936966e-02,1.778108254075050354e-02,3.113378770649433136e-02,5.657689645886421204e-03,6.293819285929203033e-03,3.324103541672229767e-03,2.022205153480172157e-03,3.902651835232973099e-03,3.156925318762660027e-03,1.978925662115216255e-03,3.156074555590748787e-03,3.673268016427755356e-03,2.380708931013941765e-03,2.697150921449065208e-03,1.949944184161722660e-03,3.890616353601217270e-03,3.772367723286151886e-03,5.841109436005353928e-03,2.198656555265188217e-03,2.176078036427497864e-03,5.656871479004621506e-03,2.495806431397795677e-03,2.854243619367480278e-03,4.710113629698753357e-03,5.485953763127326965e-03,2.415012335404753685e-03,2.993306843563914299e-03,6.095721852034330368e-03,5.760511383414268494e-03,3.918024711310863495e-03,4.360257647931575775e-03,3.878786927089095116e-03,2.086021937429904938e-03,3.354415763169527054e-03,4.406103864312171936e-03,2.531709615141153336e-03,2.887653885409235954e-03,3.572571091353893280e-03,4.470170475542545319e-03,4.143736325204372406e-03,2.846243558451533318e-03,4.096501972526311874e-03
6.459301803261041641e-03,1.995131745934486389e-02,1.314276922494173050e-02,2.296872250735759735e-02,3.369806334376335144e-02,1.393676642328500748e-02,5.445109680294990540e-02,1.359860319644212723e-02,1.366508565843105316e-02,4.284953773021697998e-01,2.931639254093170166e-01,2.455991879105567932e-02,5.200198502279818058e-04,1.797626018524169922e-01,3.608979657292366028e-02,2.206564992666244507e-01,1.915552467107772827e-02,2.488337643444538116e-02,2.534891292452812195e-02,1.371495798230171204e-02,3.490321803838014603e-03,1.683280686847865582e-03,5.841076374053955078e-03,1.390973688103258610e-03,1.149517670273780823e-02,2.871854696422815323e-03,1.812101574614644051e-03,4.141434561461210251e-03,1.827993430197238922e-03,4.173606168478727341e-03,1.486076740548014641e-03,1.466598012484610081e-03,2.164019038900732994e-03,1.412875601090490818e-03,4.091785289347171783e-03,2.968537621200084686e-03,5.241991020739078522e-03,3.293179674074053764e-03,2.898516599088907242e-03,1.912887091748416424e-03,3.951811231672763824e-03,1.485511427745223045e-03,3.821465419605374336e-03,3.720550797879695892e-03,2.946415916085243225e-03,2.387070795521140099e-03,1.540321391075849533e-03,2.128796651959419250e-03,5.358117166906595230e-03,4.232254344969987869e-03,1.487552770413458347e-03,1.069819205440580845e-03,4.018964711576700211e-03,5.081878975033760071e-03,2.149550477042794228e-03,1.254577189683914185e-02,5.000758450478315353e-03,2.676558680832386017e-03,4.849195946007966995e-03
2.698879502713680267e-02,2.813433855772018433e-02,1.185402553528547287e-02,1.983006857335567474e-02,7.460286840796470642e-03,9.659669362008571625e-03,4.876215942203998566e-03,1.662588119506835938e-02,4.632043652236461639e-03,2.467500977218151093e-02,3.689880669116973877e-02,3.948528692126274109e-02,1.797626018524169922e-01,4.733400419354438782e-03,2.510103397071361542e-02,4.375331699848175049e-01,9.151021018624305725e-03,6.601187400519847870e-03,4.969634115695953369e-03,1.031469926238059998e-02,6.047232309356331825e-04,1.193842734210193157e-03,1.515891752205789089e-03,3.864908823743462563e-03,2.979101613163948059e-03,7.390777580440044403e-03,3.745708847418427467e-03,3.152907826006412506e-03,3.134885104373097420e-03,2.858967520296573639e-03,2.513632411137223244e-03,2.164214849472045898e-03,3.268708940595388412e-03,4.922683350741863251e-03,4.546034149825572968e-03,3.615279914811253548e-03,7.047659251838922501e-03,4.678539466112852097e-03,6.395989563316106796e-03,3.474226454272866249e-03,5.120535846799612045e-03,4.831752739846706390e-03,9.211950935423374176e-03,6.461123004555702209e-03,5.685947369784116745e-03,9.850679896771907806e-03,2.814615610986948013e-03,5.174788646399974823e-03,4.257270600646734238e-03,6.167246494442224503e-03,2.912167226895689964e-03,2.662974642589688301e-03,5.804257001727819443e-03,3.427171614021062851e-03,3.263375489041209221e-03,4.248290788382291794e-03,4.409726243466138840e-03,2.652273513376712799e-03,5.372639745473861694e-03
1.133155077695846558e-02,5.998356733471155167e-03,6.005977746099233627e-03,6.394759286195039749e-03,5.628095008432865143e-03,2.413393184542655945e-02,2.417223341763019562e-02,1.853734999895095825e-02,9.493542462587356567e-02,4.029882699251174927e-02,1.635483205318450928e-01,1.594548821449279785e-01,3.608979657292366028e-02,2.510103397071361542e-02,3.499860689043998718e-02,4.371920228004455566e-02,1.469066888093948364e-01,2.876546233892440796e-02,4.236686043441295624e-03,3.681372851133346558e-02,1.686396542936563492e-03,1.040555885992944241e-03,5.943214986473321915e-03,1.110568409785628319e-03,3.278978634625673294e-03,2.165783662348985672e-03,1.933315070345997810e-03,2.178300870582461357e-03,2.302606590092182159e-03,1.817886834032833576e-03,2.655863296240568161e-03,2.810054225847125053e-03,2.762092277407646179e-03,4.274655133485794067e-03,8.042505942285060883e-03,5.124064628034830093e-03,4.850130062550306320e-03,1.587117835879325867e-02,5.605032201856374741e-03,2.953209448605775833e-03,1.119227055460214615e-02,7.104751653969287872e-03,2.710354281589388847e-03,4.305448848754167557e-03,4.946208558976650238e-03,3.872573841363191605e-03,2.756379544734954834e-03,1.959815854206681252e-03,2.614771947264671326e-03,2.002217108383774757e-03,2.431459957733750343e-03,3.374344203621149063e-03,2.399520017206668854e-03,2.688262844458222389e-03,1.862498465925455093e-03,2.114515751600265503e-03,4.290409386157989502e-03,2.059797057881951332e-03,2.779432339593768120e-03
1.240571402013301849e-02,5.285202991217374802e-03,6.460924632847309113e-03,3.932858817279338837e-03,6.838978733867406845e-03,8.172635920345783234e-03,1.144362613558769226e-02,2.039815112948417664e-02,1.023329515010118484e-02,2.058324404060840607e-02,1.991938985884189606e-02,3.991663083434104919e-02,2.206564992666244507e-01,4.375331699848175049e-01,4.371920228004455566e-02,4.693903494626283646e-03,8.508434519171714783e-03,4.900231361389160156e-01,3.364562243223190308e-02,3.010131651535630226e-03,3.801396116614341736e-03,3.120216075330972672e-03,3.063198179006576538e-03,2.620150800794363022e-03,5.179756786674261093e-03,2.893202006816864014e-03,4.141863435506820679e-03,2.788143698126077652e-03,1.732311211526393890e-03,3.967083059251308441e-03,1.010582433082163334e-03,3.704291535541415215e-03,3.774976124987006187e-03,1.651311293244361877e-03,4.915128462016582489e-03,5.761434324085712433e-03,5.793178454041481018e-03,2.262372057884931564e-03,2.642704639583826065e-03,1.841150689870119095e-03,4.031776916235685349e-03,2.490651328116655350e-03,6.175599526613950729e-03,7.207692135125398636e-03,5.290324334055185318e-03,3.640545066446065903e-03,1.632248866371810436e-03,5.610805004835128784e-03,4.872690886259078979e-03,3.818050725385546684e-03,4.006874281913042068e-03,1.722249086014926434e-03,6.949564442038536072e-03,3.452614415436983109e-03,7.859509438276290894e-03,8.331459015607833862e-03,3.554543480277061462e-03,2.357245190069079399e-03,5.793365649878978729e-03
3.309045918285846710e-03,2.829008502885699272e-03,2.739666029810905457e-03,3.711550962179899216e-03,4.450079984962940216e-03,6.500437390059232712e-03,5.557765252888202667e-03,4.367185756564140320e-03,7.305805385112762451e-02,9.881077706813812256e-02,2.735252864658832550e-02,7.361543923616409302e-02,1.915552467107772827e-02,9.151021018624305725e-03,1.469066888093948364e-01,8.508434519171714783e-03,1.356685161590576172e-01,1.776376739144325256e-02,2.463288903236389160e-01,4.221319034695625305e-02,6.027031689882278442e-03,4.960075020790100098e-03,3.420868190005421638e-03,2.350232331082224846e-03,1.533931819722056389e-03,1.533683505840599537e-03,1.850204775109887123e-03,2.991380635648965836e-03,4.381852224469184875e-03,4.535371437668800354e-03,4.990384448319673538e-03,3.137003164738416672e-03,4.794768989086151123e-03,8.876761421561241150e-03,1.587650366127490997e-02,2.948466222733259201e-03,4.129427950829267502e-03,3.177276626229286194e-02,2.427573315799236298e-03,1.782436389476060867e-03,8.342891931533813477e-03,8.020282723009586334e-03,1.895722583867609501e-03,2.990329870954155922e-03,7.261100690811872482e-03,4.691538400948047638e-03,4.238623660057783127e-03,3.626861376687884331e-03,6.490692030638456345e-03,2.527011791244149208e-03,3.543806262314319611e-03,4.036746919155120850e-03,1.915939385071396828e-03,2.290727570652961731e-03,1.873701112344861031e-03,3.200060920789837837e-03,4.500599112361669540e-03,3.007362596690654755e-03,2.365621970966458321e-03
8.060168474912643433e-03,5.926053039729595184e-03,7.031897082924842834e-03,1.360904611647129059e-02,2.386624692007899284e-03,9.182923473417758942e-03,1.004782877862453461e-02,2.796620363369584084e-03,1.519243791699409485e-02,1.848571002483367920e-02,1.671539060771465302e-02,1.206632424145936966e-02,2.488337643444538116e-02,6.601187400519847870e-03,2.876546233892440796e-02,4.900231361389160156e-01,1.776376739144325256e-02,1.674848841503262520e-03,8.124089241027832031e-02,5.025788545608520508e-01,9.010604582726955414e-03,1.163108870387077332e-01,2.099948702380061150e-03,3.323297947645187378e-03,5.660528317093849182e-03,3.236389486119151115e-03,3.014837624505162239e-03,6.474372465163469315e-03,8.234384469687938690e-03,2.906857756897807121e-03,3.668447956442832947e-03,5.797324702143669128e-03,7.861737161874771118e-03,9.621153585612773895e-03,1.057214476168155670e-02,5.436430685222148895e-03,5.747796501964330673e-03,7.641996722668409348e-03,4.855345934629440308e-03,2.755067776888608932e-03,5.024185869842767715e-03,2.428467385470867157e-03,3.370988182723522186e-03,2.651939401403069496e-03,3.395829582586884499e-03,1.501368009485304356e-03,1.947059994563460350e-03,2.391796791926026344e-03,4.686108324676752090e-03,1.894190092571079731e-03,3.745048772543668747e-03,2.568454248830676079e-03,2.233918057754635811e-03,3.033176995813846588e-03,1.845776336267590523e-03,1.922204624861478806e-03,2.614754484966397285e-03,1.537071075290441513e-03,3.350851824507117271e-03
1.986347371712327003e-03,2.554907230660319328e-03,1.286625862121582031e-03,3.147729206830263138e-03,3.422902431339025497e-03,4.841674584895372391e-03,1.114151719957590103e-02,1.012232992798089981e-02,1.474014576524496078e-02,7.063687779009342194e-03,1.010041451081633568e-03,1.778108254075050354e-02,2.534891292452812195e-02,4.969634115695953369e-03,4.236686043441295624e-03,3.364562243223190308e-02,2.463288903236389160e-01,8.124089241027832031e-02,2.508877310901880264e-03,3.665110096335411072e-02,2.331935912370681763e-01,7.793740835040807724e-03,1.679470064118504524e-03,3.424776950851082802e-04,5.211169482208788395e-04,1.730539952404797077e-03,3.631210187450051308e-03,2.439538016915321350e-03,3.637987887486815453e-03,8.497909642755985260e-03,2.381764911115169525e-02,1.210394874215126038e-02,2.203122526407241821e-02,3.951821476221084595e-02,2.919837832450866699e-02,8.399308659136295319e-03,1.558576896786689758e-02,6.188035756349563599e-02,5.742231849581003189e-03,3.314441535621881485e-03,2.260598912835121155e-02,2.004269696772098541e-02,3.497181460261344910e-03,1.651514507830142975e-02,8.000159636139869690e-03,5.096710287034511566e-03,5.147926975041627884e-03,2.813763218000531197e-03,8.129244670271873474e-03,1.242758240550756454e-03,3.612875938415527344e-03,3.141273744404315948e-03,4.578410647809505463e-03,1.566231017932295799e-03,1.720455358736217022e-03,1.612829393707215786e-03,1.600927673280239105e-03,2.540656598284840584e-03,2.326230285689234734e-03
4.321030806750059128e-03,1.415840932168066502e-03,3.269820008426904678e-03,3.815476084128022194e-03,2.269495744258165359e-03,6.070103961974382401e-03,3.692193655297160149e-03,2.289410214871168137e-03,2.173292823135852814e-02,4.759688302874565125e-02,8.341827429831027985e-03,3.113378770649433136e-02,1.371495798230171204e-02,1.031469926238059998e-02,3.681372851133346558e-02,3.010131651535630226e-03,4.221319034695625305e-02,5.025788545608520508e-01,3.665110096335411072e-02,2.135290019214153290e-02,7.568062096834182739e-02,2.657942287623882294e-02,4.484798293560743332e-03,3.051713341847062111e-03,2.839803695678710938e-03,1.490091904997825623e-03,2.437322633340954781e-03,4.899355117231607437e-03,1.714999601244926453e-02,4.387372173368930817e-03,8.047369308769702911e-03,1.632996089756488800e-02,1.347041595727205276e-02,1.353887934237718582e-02,3.145807236433029175e-02,3.387562464922666550e-03,3.161623841151595116e-03,1.423386950045824051e-02,4.717780277132987976e-03,1.746152644045650959e-03,7.728477939963340759e-03,4.562892019748687744e-03,1.926686032675206661e-03,1.805129577405750751e-03,4.981962498277425766e-03,2.885831287130713463e-03,3.600527765229344368e-03,3.149094060063362122e-03,7.147196680307388306e-03,1.613055239431560040e-03,3.988241776823997498e-03,4.593758843839168549e-03,1.715696416795253754e-03,2.264647511765360832e-03,2.364299027249217033e-03,3.193375654518604279e-03,4.238424357026815414e-03,2.420354168862104416e-03,2.582351909950375557e-03
2.266682684421539307e-03,1.639415626414120197e-03,1.257472904399037361e-03,2.443208824843168259e-03,1.842396217398345470e-03,3.792320378124713898e-03,3.063699463382363319e-03,2.963531529530882835e-03,1.170953083783388138e-02,5.658175330609083176e-03,2.142869867384433746e-03,5.657689645886421204e-03,3.490321803838014603e-03,6.047232309356331825e-04,1.686396542936563492e-03,3.801396116614341736e-03,6.027031689882278442e-03,9.010604582726955414e-03,2.331935912370681763e-01,7.568062096834182739e-02,6.457026116549968719e-03,6.583912298083305359e-03,2.841842547059059143e-02,6.747146835550665855e-04,5.789709975942969322e-04,4.177400551270693541e-04,4.387709777802228928e-03,5.841342266649007797e-03,2.267795801162719727e-02,3.558998228982090950e-03,2.403429448604583740e-01,3.466399759054183960e-02,2.546694576740264893e-01,1.749730408191680908e-01,1.249813735485076904e-01,7.499591913074254990e-03,1.158030983060598373e-02,1.412245035171508789e-01,1.176414825022220612e-02,2.978213829919695854e-03,2.920794859528541565e-02,2.995516173541545868e-02,4.274908918887376785e-03,7.388224825263023376e-03,3.091346286237239838e-02,4.023034125566482544e-03,4.400754347443580627e-03,2.220386872068047523e-03,6.168267223984003067e-03,2.079362981021404266e-03,3.578243078663945198e-03,7.622966542840003967e-03,2.156742615625262260e-03,1.815577270463109016e-03,2.202979987487196922e-03,1.298189163208007812e-03,2.292963908985257149e-03,4.427606705576181412e-03,1.602223259396851063e-03
1.384039758704602718e-03,1.223317696712911129e-03,2.220289548859000206e-03,1.990405842661857605e-03,1.309681101702153683e-03,6.855072453618049622e-03,2.200273098424077034e-03,1.698213862255215645e-03,3.781085135415196419e-03,1.935787964612245560e-03,1.871534390375018120e-03,6.293819285929203033e-03,1.683280686847865582e-03,1.193842734210193157e-03,1.040555885992944241e-03,3.120216075330972672e-03,4.960075020790100098e-03,1.163108870387077332e-01,7.793740835040807724e-03,2.657942287623882294e-02,6.583912298083305359e-03,3.969725687056779861e-03,2.567154169082641602e-01,2.899868227541446686e-02,2.838481962680816650e-02,1.719076186418533325e-02,4.596747457981109619e-03,2.702666260302066803e-02,2.105257660150527954e-01,5.360516905784606934e-02,7.543333619832992554e-02,9.996869564056396484e-01,2.460868954658508301e-01,1.953215152025222778e-02,2.017329260706901550e-02,1.122430618852376938e-02,5.433219019323587418e-03,4.682575818151235580e-03,6.195937283337116241e-03,1.907393452711403370e-03,3.078078618273139000e-03,2.833812031894922256e-03,1.921489369124174118e-03,2.427851548418402672e-03,2.005291404202580452e-03,2.531080041080713272e-03,1.626851153559982777e-03,1.951904851011931896e-03,1.475054305046796799e-03,1.724974601529538631e-03,2.461038529872894287e-03,1.230272813700139523e-03,1.984295202419161797e-03,3.973939921706914902e-03,1.529473112896084785e-03,2.129897940903902054e-03,3.839741460978984833e-03,1.972134923562407494e-03,1.100084744393825531e-03
1.309055136516690254e-03,1.271498971618711948e-03,2.352108247578144073e-03,1.674499711953103542e-03,1.893392414785921574e-03,2.707641338929533958e-03,3.460084088146686554e-03,4.377246368676424026e-03,4.595736972987651825e-03,2.957191318273544312e-03,2.572056604549288750e-03,3.324103541672229767e-03,5.841076374053955078e-03,1.515891752205789089e-03,5.943214986473321915e-03,3.063198179006576538e-03,3.420868190005421638e-03,2.099948702380061150e-03,1.679470064118504524e-03,4.484798293560743332e-03,2.841842547059059143e-02,2.567154169082641602e-01,1.549115753732621670e-03,8.606054820120334625e-03,9.279739111661911011e-02,2.526772441342473030e-03,1.372638493776321411e-01,1.657240986824035645e-01,3.155738413333892822e-01,1.864767521619796753e-01,6.691504716873168945e-01,1.020541414618492126e-01,3.378665074706077576e-02,3.724512085318565369e-02,1.539861224591732025e-02,2.887427574023604393e-03,3.294076770544052124e-03,1.639924757182598114e-02,4.708777181804180145e-03,1.227090135216712952e-03,4.498268943279981613e-03,5.643249023705720901e-03,1.297880080528557301e-03,2.091291360557079315e-03,3.732947167009115219e-03,4.693048074841499329e-03,2.137549221515655518e-03,2.576486440375447273e-03,3.688087919726967812e-03,1.814836752600967884e-03,5.207463167607784271e-03,8.236760273575782776e-03,6.933474447578191757e-03,4.003299865871667862e-03,2.418006770312786102e-03,1.896699774079024792e-03,5.103986244648694992e-03,1.057164045050740242e-03,1.864337828010320663e-03
4.219579044729471207e-03,2.439487027004361153e-03,3.030245658010244370e-03,2.224604832008481026e-03,2.631526207551360130e-03,3.796368837356567383e-03,3.289977321401238441e-03,2.299712039530277252e-03,2.129045780748128891e-03,2.393647562712430954e-03,3.721494926139712334e-03,2.022205153480172157e-03,1.390973688103258610e-03,3.864908823743462563e-03,1.110568409785628319e-03,2.620150800794363022e-03,2.350232331082224846e-03,3.323297947645187378e-03,3.424776950851082802e-04,3.051713341847062111e-03,6.747146835550665855e-04,2.899868227541446686e-02,8.606054820120334625e-03,1.295180758461356163e-03,8.301414549350738525e-03,5.947264432907104492e-01,9.044370055198669434e-01,1.345327198505401611e-01,3.016914427280426025e-01,9.054680466651916504e-01,6.340166926383972168e-02,8.391665816307067871e-01,1.319164484739303589e-01,7.658058311790227890e-03,6.695064250379800797e-03,1.201981864869594574e-02,5.854951683431863785e-03,3.092454513534903526e-03,3.549278015270829201e-03,3.547890344634652138e-03,1.997110899537801743e-03,1.265009865164756775e-03,2.720994409173727036e-03,3.573502879589796066e-03,3.739555366337299347e-03,4.977827891707420349e-03,1.610454753972589970e-03,3.824227489531040192e-03,4.858032800257205963e-03,5.783895030617713928e-03,1.840600278228521347e-03,1.069749821908771992e-03,2.545159542933106422e-03,6.057895254343748093e-03,1.610447186976671219e-03,2.394816139712929726e-03,4.147354513406753540e-03,1.665412448346614838e-03,3.106380347162485123e-03
5.533682182431221008e-03,2.868305193260312080e-03,8.017627522349357605e-03,8.686433546245098114e-03,7.065293379127979279e-03,5.393050145357847214e-03,1.016507018357515335e-02,4.112260416150093079e-03,2.507659373804926872e-03,2.223721239715814590e-03,3.786373184993863106e-03,3.902651835232973099e-03,1.149517670273780823e-02,2.979101613163948059e-03,3.278978634625673294e-03,5.179756786674261093e-03,1.533931819722056389e-03,5.660528317093849182e-03,5.211169482208788395e-04,2.839803695678710938e-03,5.789709975942969322e-04,2.838481962680816650e-02,9.279739111661911011e-02,8.301414549350738525e-03,7.828111993148922920e-04,3.835051506757736206e-02,3.660453483462333679e-02,2.538297474384307861e-01,1.746984943747520447e-02,1.529780775308609009e-01,3.380901739001274109e-02,1.268836706876754761e-01,1.358494907617568970e-02,1.588999480009078979e-02,5.278208758682012558e-03,8.348966017365455627e-03,6.978577002882957458e-03,4.106507636606693268e-03,3.045105142518877983e-03,4.054268822073936462e-03,2.847441704943776131e-03,1.699615153484046459e-03,2.418821211904287338e-03,5.519674159586429596e-03,9.077515453100204468e-03,5.624029785394668579e-03,2.962321741506457329e-03,6.507216021418571472e-03,3.910079598426818848e-03,5.567746236920356750e-03,5.173919722437858582e-03,2.479146234691143036e-03,5.070345476269721985e-03,1.418576948344707489e-02,4.548185970634222031e-03,3.478942904621362686e-03,3.964598756283521652e-03,5.239743739366531372e-03,4.038867540657520294e-03
1.683855056762695312e-02,1.210349798202514648e-02,9.247977286577224731e-03,7.796355523169040680e-03,7.070075254887342453e-03,6.160820368677377701e-03,6.073540076613426208e-03,4.880857188254594803e-03,3.070429665967822075e-03,2.502631163224577904e-03,4.224251955747604370e-03,3.156925318762660027e-03,2.871854696422815323e-03,7.390777580440044403e-03,2.165783662348985672e-03,2.893202006816864014e-03,1.533683505840599537e-03,3.236389486119151115e-03,1.730539952404797077e-03,1.490091904997825623e-03,4.177400551270693541e-04,1.719076186418533325e-02,2.526772441342473030e-03,5.947264432907104492e-01,3.835051506757736206e-02,1.072799321264028549e-03,1.416959017515182495e-01,1.833923310041427612e-01,1.358629669994115829e-02,2.216116636991500854e-01,6.135274190455675125e-03,5.500787869095802307e-02,4.261833801865577698e-02,2.459620125591754913e-03,3.028733422979712486e-03,2.190100774168968201e-02,6.082429550588130951e-03,1.926538534462451935e-03,5.336706060916185379e-03,7.951105944812297821e-03,2.367540495470166206e-03,1.001867000013589859e-03,3.038593335077166557e-03,4.243347793817520142e-03,2.383723389357328415e-03,6.098625250160694122e-03,1.883725519292056561e-03,8.840867318212985992e-03,6.178509443998336792e-03,2.253314480185508728e-02,5.716502666473388672e-03,2.147480379790067673e-03,9.386216290295124054e-03,7.001504302024841309e-03,4.701555240899324417e-03,5.517386831343173981e-03,5.098980851471424103e-03,1.588325598277151585e-03,4.626693204045295715e-03
1.090559270232915878e-02,4.030394833534955978e-03,3.365731099620461464e-03,3.795508528128266335e-03,5.066486541181802750e-03,1.805881387554109097e-03,1.511917915195226669e-03,1.550441724248230457e-03,1.614393433555960655e-03,2.180770970880985260e-03,4.918322432786226273e-03,1.978925662115216255e-03,1.812101574614644051e-03,3.745708847418427467e-03,1.933315070345997810e-03,4.141863435506820679e-03,1.850204775109887123e-03,3.014837624505162239e-03,3.631210187450051308e-03,2.437322633340954781e-03,4.387709777802228928e-03,4.596747457981109619e-03,1.372638493776321411e-01,9.044370055198669434e-01,3.660453483462333679e-02,1.416959017515182495e-01,1.565773971378803253e-03,1.016365438699722290e-01,8.291191607713699341e-02,9.910360574722290039e-01,3.283564373850822449e-02,3.628136962652206421e-02,1.803455948829650879e-01,5.190941505134105682e-03,1.302480464801192284e-03,5.837679840624332428e-03,3.181338775902986526e-03,2.745331265032291412e-03,3.230612259358167648e-03,2.608262700960040092e-03,2.986489795148372650e-03,1.177901518531143665e-03,2.756102941930294037e-03,2.650189213454723358e-03,3.780975239351391792e-03,4.920350853353738785e-03,1.777851488441228867e-03,4.453621804714202881e-03,1.885106787085533142e-03,7.937220856547355652e-03,5.973862484097480774e-03,1.986205345019698143e-03,5.660879891365766525e-03,3.413630649447441101e-03,2.341280458495020866e-03,3.192059695720672607e-03,2.394605427980422974e-03,2.006562892347574234e-03,4.539205227047204971e-03
