3.639821079559624195e-04,5.159814655780792236e-02,8.606706857681274414e-01,8.028605952858924866e-03,1.777766048908233643e-01,1.083881780505180359e-02,4.316287860274314880e-02,4.440305754542350769e-02,1.679986529052257538e-02,1.044211070984601974e-02,1.089013274759054184e-02,6.009600125253200531e-03,4.073713440448045731e-03,1.366047095507383347e-02,5.974538624286651611e-03,6.780461873859167099e-03,3.608328057453036308e-03,1.068140007555484772e-02,6.227008532732725143e-03,2.170399995520710945e-03,4.186215344816446304e-03,2.953764284029603004e-03,1.887534279376268387e-03,3.563047386705875397e-03,3.270068671554327011e-03,1.243656873703002930e-02,4.706392996013164520e-03,4.590238910168409348e-03,2.928301924839615822e-03,5.169486626982688904e-03,5.082794930785894394e-03,5.409041419625282288e-03,4.000264685600996017e-03,3.408240852877497673e-03,5.645248107612133026e-03,8.171916939318180084e-03,6.491903681308031082e-03,2.067786175757646561e-03,2.116968156769871712e-03,7.567129097878932953e-03,3.604503814131021500e-03,1.914717722684144974e-03,5.064165219664573669e-03,1.225251797586679459e-02,3.737321356311440468e-03,4.288700874894857407e-03,3.945208154618740082e-03,2.555523300543427467e-03,4.962127655744552612e-03,1.331582199782133102e-02,4.589633550494909286e-03,4.577006679028272629e-03,2.779177157208323479e-03,3.645257558673620224e-03,6.523426622152328491e-03,1.406333688646554947e-02,3.197937039658427238e-03,2.523867180570960045e-03,2.890116767957806587e-03
5.159814655780792236e-02,1.655891351401805878e-02,3.194103240966796875e-01,3.017380088567733765e-02,3.808823823928833008e-01,5.945218726992607117e-03,5.502048507332801819e-02,2.454723715782165527e-01,1.024406589567661285e-02,9.111936204135417938e-03,3.092776052653789520e-02,8.617730811238288879e-03,1.988929137587547302e-02,1.236665621399879456e-02,3.135047620162367821e-03,5.115184932947158813e-03,6.061447784304618835e-03,7.143661379814147949e-03,6.799952592700719833e-03,3.549193963408470154e-03,2.750301733613014221e-03,2.346613677218556404e-03,2.914598211646080017e-03,2.443844918161630630e-03,5.643757525831460953e-03,5.791133269667625427e-03,5.000590346753597260e-03,5.153395235538482666e-03,2.512600971385836601e-03,2.454347908496856689e-03,6.206233985722064972e-03,4.143730271607637405e-03,8.855223655700683594e-03,2.321640029549598694e-03,9.022786282002925873e-03,7.125651463866233826e-03,1.431361865252256393e-02,2.653565490618348122e-03,3.462505294010043144e-03,7.682730909436941147e-03,2.789658261463046074e-03,1.815113238990306854e-03,2.450334141030907631e-03,6.935018580406904221e-03,2.364466665312647820e-03,4.703952465206384659e-03,1.425033318810164928e-03,2.402088604867458344e-03,2.192437881603837013e-03,2.708956133574247360e-03,2.006026450544595718e-03,2.177776535972952843e-03,1.511859591118991375e-03,3.797686891630291939e-03,3.429598873481154442e-03,7.955816574394702911e-03,2.775622066110372543e-03,2.662977436557412148e-03,7.388158235698938370e-03
8.606706857681274414e-01,3.194103240966796875e-01,1.840041950345039368e-02,1.064667925238609314e-01,8.712023496627807617e-01,5.083554610610008240e-02,1.199937704950571060e-02,2.051404267549514771e-01,9.292441420257091522e-03,3.549441928043961525e-03,9.880830533802509308e-03,5.356800742447376251e-03,6.483700592070817947e-03,6.622977089136838913e-03,5.482148844748735428e-03,2.535237930715084076e-03,3.667163662612438202e-03,5.863523110747337341e-03,2.603606320917606354e-03,1.820229808799922466e-03,2.853892045095562935e-03,2.336140489205718040e-03,2.634719479829072952e-03,3.541308455169200897e-03,2.386618871241807938e-03,9.411407634615898132e-03,2.667170017957687378e-03,4.131485708057880402e-03,2.028133254498243332e-03,2.928237896412611008e-03,1.936425571329891682e-03,5.209990311414003372e-03,3.087445627897977829e-03,2.591315656900405884e-03,4.146747756749391556e-03,9.448849596083164215e-03,8.769963867962360382e-03,2.146418206393718719e-03,1.998146064579486847e-03,5.998171865940093994e-03,1.844650367274880409e-03,1.398885971866548061e-03,3.142568748444318771e-03,1.609755679965019226e-02,2.656713593751192093e-03,3.759262152016162872e-03,1.744388951919972897e-03,3.244700143113732338e-03,3.053376218304038048e-03,5.959065631031990051e-03,4.031575750559568405e-03,1.899382798001170158e-03,1.977693056687712669e-03,3.175969002768397331e-03,6.795388180762529373e-03,9.844045154750347137e-03,2.712498884648084641e-03,1.417756313458085060e-03,7.187398616224527359e-03
8.028605952858924866e-03,3.017380088567733765e-02,1.064667925238609314e-01,1.440514624118804932e-01,1.165694594383239746e-01,1.411785632371902466e-01,3.606375772505998611e-03,9.895305633544921875e-01,7.586160898208618164e-01,8.617943152785301208e-03,3.723604381084442139e-01,1.333047728985548019e-02,7.973969914019107819e-03,1.065471768379211426e-02,8.060710504651069641e-03,1.019686646759510040e-02,1.170404069125652313e-02,1.470379251986742020e-02,2.203795313835144043e-02,4.237885121256113052e-03,1.158257015049457550e-02,3.357052104547619820e-03,3.640306415036320686e-03,2.602532971650362015e-03,7.993653416633605957e-03,6.231498438864946365e-03,2.420182572677731514e-03,4.037563689053058624e-03,2.685265149921178818e-03,1.418002648279070854e-03,1.256262534298002720e-03,2.344152424484491348e-03,2.827374730259180069e-03,3.212664509192109108e-03,4.571583122014999390e-03,2.011524047702550888e-03,1.683400827459990978e-03,1.937694149091839790e-03,9.571147966198623180e-04,2.147933235391974449e-03,1.633073552511632442e-03,2.401254605501890182e-03,2.576817292720079422e-03,2.053510164842009544e-03,2.511235419660806656e-03,2.498608315363526344e-03,1.431918703019618988e-03,2.080224920064210892e-03,9.747089934535324574e-04,1.167137059383094311e-03,3.315348876640200615e-03,1.499761943705379963e-03,1.403265865519642830e-03,2.585887676104903221e-03,1.867858343757688999e-03,2.439273521304130554e-03,2.624565968289971352e-03,1.577642280608415604e-03,4.007816314697265625e-03
1.777766048908233643e-01,3.808823823928833008e-01,8.712023496627807617e-01,1.165694594383239746e-01,6.267965771257877350e-03,6.783227622509002686e-02,9.921985268592834473e-01,9.486699104309082031e-01,1.648962125182151794e-02,4.589471966028213501e-03,1.328935474157333374e-02,3.509823465719819069e-03,6.916658952832221985e-03,5.159642547369003296e-03,5.675819702446460724e-03,5.413257982581853867e-03,2.303029410541057587e-03,5.120059940963983536e-03,5.714351311326026917e-03,2.216326305642724037e-03,1.222845283336937428e-03,2.671408699825406075e-03,3.163523972034454346e-03,2.979907672852277756e-03,5.957430228590965271e-03,7.407883182168006897e-03,3.618857590481638908e-03,2.551621058955788612e-03,1.847748644649982452e-03,1.955912681296467781e-03,1.394005957990884781e-03,3.131964243948459625e-03,4.161878488957881927e-03,1.440451713278889656e-03,3.252324415370821953e-03,3.276099916547536850e-03,3.703371388837695122e-03,1.237611402757465839e-03,2.242901129648089409e-03,1.126756612211465836e-02,1.220794045366346836e-03,1.436912803910672665e-03,1.568836974911391735e-03,2.547804731875658035e-03,1.320949406363070011e-03,2.218564273789525032e-03,1.261264551430940628e-03,1.586663653142750263e-03,2.130348002538084984e-03,2.735333750024437904e-03,2.802369650453329086e-03,1.365557895042002201e-03,3.003984456881880760e-03,3.578761592507362366e-03,3.092429367825388908e-03,3.603310324251651764e-03,3.184632398188114166e-03,2.412120113149285316e-03,6.865429226309061050e-03
1.083881780505180359e-02,5.945218726992607117e-03,5.083554610610008240e-02,1.411785632371902466e-01,6.783227622509002686e-02,4.565226286649703979e-02,7.781653851270675659e-02,1.748039275407791138e-01,1.836199909448623657e-01,6.495537236332893372e-03,3.426998108625411987e-02,8.580348454415798187e-03,5.077179521322250366e-03,1.733354292809963226e-02,1.531122811138629913e-02,1.910037361085414886e-02,1.248252671211957932e-02,6.888207048177719116e-02,1.391529571264982224e-02,5.300820805132389069e-03,8.067205548286437988e-03,7.744184695184230804e-03,1.910672150552272797e-02,9.450897574424743652e-03,2.426473051309585571e-02,7.178931031376123428e-03,3.571226494386792183e-03,5.206314381211996078e-03,3.436357714235782623e-03,4.574919585138559341e-03,1.685001887381076813e-03,3.078516107052564621e-03,3.047892823815345764e-03,1.380439498461782932e-03,4.086218308657407761e-03,4.383499734103679657e-03,3.035143017768859863e-03,1.585309160873293877e-03,1.664375071413815022e-03,3.106879536062479019e-03,1.620073104277253151e-03,1.181033323518931866e-03,1.990379998460412025e-03,2.048915717750787735e-03,2.006976632401347160e-03,2.839790424332022667e-03,1.672407728619873524e-03,2.076771343126893044e-03,1.528978114947676659e-03,2.648807130753993988e-03,2.132804598659276962e-03,1.765557797625660896e-03,1.630069804377853870e-03,3.396352287381887436e-03,1.846250728704035282e-03,5.212427582591772079e-03,3.369386307895183563e-03,2.531731268391013145e-03,3.476598067209124565e-03
4.316287860274314880e-02,5.502048507332801819e-02,1.199937704950571060e-02,3.606375772505998611e-03,9.921985268592834473e-01,7.781653851270675659e-02,1.805968233384191990e-03,2.532201409339904785e-01,8.750471472740173340e-02,9.602298028767108917e-03,4.192268103361129761e-02,5.435860715806484222e-03,5.058133602142333984e-02,1.923755928874015808e-02,4.468203987926244736e-03,8.762650191783905029e-03,4.756120499223470688e-03,1.680752262473106384e-02,6.721056532114744186e-03,5.524625536054372787e-03,7.024456281214952469e-03,3.847197396680712700e-03,3.666003467515110970e-03,6.771845277398824692e-03,1.323998626321554184e-02,1.460537221282720566e-02,1.678237691521644592e-03,3.600322408601641655e-03,2.877313410863280296e-03,2.709517953917384148e-03,2.454046858474612236e-03,2.845725510269403458e-03,3.467113710939884186e-03,1.383444061502814293e-03,3.999791573733091354e-03,4.973229020833969116e-03,2.544779330492019653e-03,1.287087216041982174e-03,3.525787964463233948e-03,5.975269712507724762e-03,2.567870309576392174e-03,2.028454560786485672e-03,2.683304483070969582e-03,1.480870298109948635e-03,1.622100477106869221e-03,2.775306580588221550e-03,1.788484863936901093e-03,3.085435833781957626e-03,2.317129401490092278e-03,3.051018575206398964e-03,2.327779075130820274e-03,1.274195266887545586e-03,2.720514312386512756e-03,4.260683897882699966e-03,4.082046449184417725e-03,4.886047914624214172e-03,2.469892613589763641e-03,1.643990050069987774e-03,1.071463711559772491e-02
4.440305754542350769e-02,2.454723715782165527e-01,2.051404267549514771e-01,9.895305633544921875e-01,9.486699104309082031e-01,1.748039275407791138e-01,2.532201409339904785e-01,1.222582813352346420e-02,1.244979351758956909e-02,5.454914644360542297e-02,1.953861303627490997e-02,7.433532737195491791e-03,1.548494026064872742e-02,1.352897286415100098e-02,4.347596783190965652e-03,3.943761810660362244e-03,6.315926555544137955e-03,7.973494008183479309e-03,3.738469909876585007e-03,4.819172434508800507e-03,4.832816775888204575e-03,3.158212872222065926e-03,3.837828291580080986e-03,5.999505519866943359e-03,6.813101470470428467e-03,8.411028422415256500e-03,3.384724026545882225e-03,2.980074845254421234e-03,3.539994824677705765e-03,2.445735502988100052e-03,1.684875926002860069e-03,2.824092051014304161e-03,3.833922091871500015e-03,1.897704903967678547e-03,3.131825942546129227e-03,2.029587980359792709e-03,3.023107536137104034e-03,2.264300594106316566e-03,1.563908532261848450e-03,2.114709001034498215e-03,1.319530420005321503e-03,1.225175336003303528e-03,1.413023681379854679e-03,2.367284614592790604e-03,1.207425491884350777e-03,2.201040741056203842e-03,1.469417707994580269e-03,2.711135661229491234e-03,9.653809829615056515e-04,1.376632135361433029e-03,2.099003642797470093e-03,9.517463622614741325e-04,1.205801614560186863e-03,2.946263412013649940e-03,1.879844814538955688e-03,3.297039773315191269e-03,2.278236672282218933e-03,1.497150748036801815e-03,3.012835979461669922e-03
1.679986529052257538e-02,1.024406589567661285e-02,9.292441420257091522e-03,7.586160898208618164e-01,1.648962125182151794e-02,1.836199909448623657e-01,8.750471472740173340e-02,1.244979351758956909e-02,3.119059838354587555e-02,4.302308335900306702e-02,4.960592463612556458e-02,1.907814666628837585e-02,3.843384236097335815e-02,1.057700905948877335e-02,5.086218193173408508e-02,3.215366974472999573e-03,6.689310073852539062e-02,2.380161173641681671e-02,1.712407730519771576e-02,1.757500506937503815e-02,2.630684524774551392e-02,2.457000128924846649e-02,2.636098302900791168e-02,2.753130858764052391e-03,1.441753283143043518e-02,4.195704124867916107e-03,2.376900054514408112e-03,5.724870134145021439e-03,1.232680864632129669e-02,1.832362962886691093e-03,2.726814243942499161e-03,2.405581995844841003e-03,1.991751138120889664e-03,2.171099185943603516e-03,2.764319535344839096e-03,1.832527690567076206e-03,1.886345213279128075e-03,2.533396007493138313e-03,1.215392607264220715e-03,1.801076810806989670e-03,3.817022312432527542e-03,2.454268513247370720e-03,1.026231097057461739e-03,1.092289923690259457e-03,5.083879921585321426e-03,2.137418836355209351e-03,1.537841744720935822e-03,1.921791117638349533e-03,9.641975630074739456e-04,1.585993100889027119e-03,2.090180991217494011e-03,3.139128908514976501e-03,1.000927761197090149e-03,2.465975238010287285e-03,1.024380093440413475e-03,1.687368261627852917e-03,4.724450409412384033e-03,1.755273435264825821e-03,2.870878437533974648e-03
1.044211070984601974e-02,9.111936204135417938e-03,3.549441928043961525e-03,8.617943152785301208e-03,4.589471966028213501e-03,6.495537236332893372e-03,9.602298028767108917e-03,5.454914644360542297e-02,4.302308335900306702e-02,4.857560619711875916e-03,4.246308654546737671e-02,8.756351470947265625e-02,1.929632276296615601e-01,2.301462925970554352e-02,6.682771444320678711e-02,1.376378815621137619e-02,4.405156895518302917e-02,1.177825406193733215e-02,1.128026377409696579e-02,9.785296022891998291e-02,1.515536941587924957e-02,1.823172159492969513e-02,1.657002232968807220e-02,1.034083776175975800e-02,2.447395026683807373e-02,8.089646697044372559e-03,4.491775762289762497e-03,8.604391478002071381e-03,1.381398271769285202e-02,2.939102938398718834e-03,2.508918056264519691e-03,7.452554535120725632e-03,4.513857886195182800e-03,2.371187787503004074e-03,2.195091219618916512e-03,2.840362954884767532e-03,2.863060915842652321e-03,1.769761205650866032e-03,1.430911244824528694e-03,1.540128607302904129e-03,1.349843689240515232e-03,2.797277411445975304e-03,1.229164074175059795e-03,1.566441264003515244e-03,1.561388024128973484e-03,2.947988454252481461e-03,2.031174721196293831e-03,1.651107799261808395e-03,2.022379543632268906e-03,1.710007782094180584e-03,3.404734656214714050e-03,2.070254413411021233e-03,2.465836703777313232e-03,4.923306871205568314e-03,2.897964324802160263e-03,2.620573388412594795e-03,9.934026747941970825e-03,2.638955600559711456e-03,2.530179684981703758e-03
1.089013274759054184e-02,3.092776052653789520e-02,9.880830533802509308e-03,3.723604381084442139e-01,1.328935474157333374e-02,3.426998108625411987e-02,4.192268103361129761e-02,1.953861303627490997e-02,4.960592463612556458e-02,4.246308654546737671e-02,9.790405165404081345e-04,7.411958184093236923e-03,2.409733980894088745e-01,1.537476330995559692e-01,2.194022201001644135e-02,8.228317648172378540e-02,9.622012265026569366e-03,6.069245561957359314e-02,3.517354279756546021e-02,5.996185541152954102e-02,2.259434014558792114e-02,1.145369745790958405e-02,5.294300243258476257e-02,9.946162812411785126e-03,2.039129659533500671e-02,1.194248814135789871e-02,6.328145042061805725e-03,5.634682253003120422e-03,5.589256994426250458e-03,3.430845914408564568e-03,7.019924465566873550e-03,2.167517784982919693e-03,1.226160675287246704e-03,1.257272204384207726e-03,4.502637777477502823e-03,1.636885921470820904e-03,3.463245462626218796e-03,1.429393538273870945e-03,1.266781473532319069e-03,1.688216696493327618e-03,1.120257307775318623e-03,1.143974135629832745e-03,1.847528852522373199e-03,1.102327019907534122e-03,1.498059136793017387e-03,1.442079432308673859e-03,1.000117976218461990e-03,1.117000123485922813e-03,1.455324818380177021e-03,1.344437594525516033e-03,2.009885851293802261e-03,1.339610782451927662e-03,7.357582217082381248e-04,4.146830644458532333e-03,1.405915711075067520e-03,2.931433264166116714e-03,2.756324363872408867e-03,2.397764008492231369e-03,2.167345490306615829e-03
6.009600125253200531e-03,8.617730811238288879e-03,5.356800742447376251e-03,1.333047728985548019e-02,3.509823465719819069e-03,8.580348454415798187e-03,5.435860715806484222e-03,7.433532737195491791e-03,1.907814666628837585e-02,8.756351470947265625e-02,7.411958184093236923e-03,2.759911585599184036e-03,1.144402399659156799e-01,9.160689078271389008e-03,2.773205339908599854e-01,1.444971933960914612e-02,6.731420010328292847e-02,1.527087017893791199e-02,4.449976980686187744e-02,2.227944880723953247e-02,1.825732924044132233e-02,3.894316777586936951e-02,8.036167919635772705e-02,8.978569880127906799e-03,2.800932340323925018e-02,7.618401199579238892e-03,3.580935299396514893e-03,9.757288731634616852e-03,6.249293684959411621e-03,3.251888556405901909e-03,2.938547171652317047e-03,4.696138203144073486e-03,4.623271059244871140e-03,2.977712545543909073e-03,2.560795284807682037e-03,2.432284643873572350e-03,1.961810048669576645e-03,2.618164056912064552e-03,1.368015422485768795e-03,1.436081132851541042e-03,2.788525540381669998e-03,2.799504902213811874e-03,9.234520257450640202e-04,1.516756601631641388e-03,3.317899070680141449e-03,2.867389004677534103e-03,2.841843292117118835e-03,1.811438356526196003e-03,1.739945611916482449e-03,2.183580771088600159e-03,3.399258945137262344e-03,4.322083201259374619e-03,1.558349700644612312e-03,4.307808354496955872e-03,2.209441736340522766e-03,4.481282550841569901e-03,1.640618778765201569e-02,4.097120370715856552e-03,3.087300341576337814e-03
4.073713440448045731e-03,1.988929137587547302e-02,6.483700592070817947e-03,7.973969914019107819e-03,6.916658952832221985e-03,5.077179521322250366e-03,5.058133602142333984e-02,1.548494026064872742e-02,3.843384236097335815e-02,1.929632276296615601e-01,2.409733980894088745e-01,1.144402399659156799e-01,9.516272111795842648e-04,2.273624390363693237e-01,2.616939321160316467e-02,1.218384131789207458e-01,1.837531477212905884e-02,2.401648275554180145e-02,5.388057976961135864e-02,2.449742518365383148e-02,8.257064037024974823e-03,1.385972462594509125e-02,1.379832904785871506e-02,1.201800163835287094e-02,8.503451198339462280e-02,1.117698196321725845e-02,8.688589558005332947e-03,5.954508669674396515e-03,7.471805904060602188e-03,3.619167488068342209e-03,2.452252199873328209e-03,3.815345466136932373e-03,2.745164325460791588e-03,1.363157993182539940e-03,1.544277067296206951e-03,2.829958451911807060e-03,2.580996137112379074e-03,2.041936619207262993e-03,1.042070216499269009e-03,9.371837368234992027e-04,6.798810791224241257e-04,1.178971841000020504e-03,6.495133857242763042e-04,8.247056393884122372e-04,1.252870075404644012e-03,2.471546176820993423e-03,1.781667000614106655e-03,1.234434545040130615e-03,1.229569897986948490e-03,2.762842224910855293e-03,3.805764717981219292e-03,1.670134020969271660e-03,2.041218802332878113e-03,5.839820019900798798e-03,3.578875679522752762e-03,1.082773972302675247e-02,4.230184946209192276e-03,2.573341596871614456e-03,2.696651965379714966e-03
1.366047095507383347e-02,1.236665621399879456e-02,6.622977089136838913e-03,1.065471768379211426e-02,5.159642547369003296e-03,1.733354292809963226e-02,1.923755928874015808e-02,1.352897286415100098e-02,1.057700905948877335e-02,2.301462925970554352e-02,1.537476330995559692e-01,9.160689078271389008e-03,2.273624390363693237e-01,2.343194792047142982e-03,1.700592786073684692e-02,1.491689682006835938e-01,8.268461562693119049e-03,1.042602956295013428e-02,2.981370687484741211e-02,2.278071641921997070e-02,3.701227484270930290e-03,1.187302544713020325e-02,1.783584430813789368e-02,9.697373956441879272e-03,2.839426137506961823e-02,1.106765028089284897e-02,6.438282784074544907e-03,4.636409226804971695e-03,9.776579216122627258e-03,4.266279283910989761e-03,3.796218661591410637e-03,5.981730297207832336e-03,6.226687226444482803e-03,1.980141736567020416e-03,2.484836615622043610e-03,3.750883042812347412e-03,2.633278723806142807e-03,3.117162268608808517e-03,2.623377833515405655e-03,2.015693113207817078e-03,2.466667443513870239e-03,2.507012803107500076e-03,1.605208497494459152e-03,2.652585273608565331e-03,3.391965059563517570e-03,4.102396778762340546e-03,2.793125109747052193e-03,1.989451237022876740e-03,1.386385411024093628e-03,2.386340871453285217e-03,1.899927970953285694e-03,2.257954794913530350e-03,2.660162281244993210e-03,3.163985908031463623e-03,2.661250531673431396e-03,3.022032324224710464e-03,5.026574712246656418e-03,2.146984916180372238e-03,5.151931196451187134e-03
5.974538624286651611e-03,3.135047620162367821e-03,5.482148844748735428e-03,8.060710504651069641e-03,5.675819702446460724e-03,1.531122811138629913e-02,4.468203987926244736e-03,4.347596783190965652e-03,5.086218193173408508e-02,6.682771444320678711e-02,2.194022201001644135e-02,2.773205339908599854e-01,2.616939321160316467e-02,1.700592786073684692e-02,2.934403531253337860e-02,6.554570049047470093e-03,1.534387022256851196e-01,1.153831779956817627e-01,6.959516555070877075e-03,1.378982961177825928e-01,2.034303173422813416e-02,6.098276749253273010e-02,3.745184466242790222e-02,9.690201841294765472e-03,9.725279174745082855e-03,3.596168244257569313e-03,4.984437953680753708e-03,6.373407319188117981e-03,8.752484805881977081e-03,2.302199136465787888e-03,5.269580986350774765e-03,2.494751242920756340e-03,2.070402028039097786e-03,5.485886242240667343e-03,4.100682679563760757e-03,1.297432696446776390e-03,2.088821027427911758e-03,8.999124169349670410e-03,1.042112940922379494e-03,1.093194470740854740e-03,4.660871345549821854e-03,5.360826849937438965e-03,1.357101486064493656e-03,1.870029722340404987e-03,3.938618116080760956e-03,3.339512040838599205e-03,3.008331870660185814e-03,1.202083658427000046e-03,1.609016326256096363e-03,9.646238759160041809e-04,2.531780628487467766e-03,3.347119549289345741e-03,1.972889527678489685e-03,2.680182456970214844e-03,2.302082022652029991e-03,2.740381285548210144e-03,4.568361677229404449e-03,2.483351388946175575e-03,1.922890893183648586e-03
6.780461873859167099e-03,5.115184932947158813e-03,2.535237930715084076e-03,1.019686646759510040e-02,5.413257982581853867e-03,1.910037361085414886e-02,8.762650191783905029e-03,3.943761810660362244e-03,3.215366974472999573e-03,1.376378815621137619e-02,8.228317648172378540e-02,1.444971933960914612e-02,1.218384131789207458e-01,1.491689682006835938e-01,6.554570049047470093e-03,6.317035877145826817e-04,2.351120347157120705e-03,9.341225028038024902e-01,1.756695806980133057e-01,5.582129582762718201e-03,8.455603569746017456e-02,1.089930906891822815e-02,9.279565885663032532e-03,2.047565281391143799e-01,5.474530905485153198e-02,1.718023605644702911e-02,1.523532345890998840e-02,5.959571339190006256e-03,6.687213666737079620e-03,4.614708013832569122e-03,6.016083527356386185e-03,1.055682264268398285e-02,6.802329793572425842e-03,1.478679245337843895e-03,2.405050909146666527e-03,3.151061944663524628e-03,4.974151495844125748e-03,1.883019227534532547e-03,1.971592428162693977e-03,1.773147494532167912e-03,1.308476785197854042e-03,1.162517233751714230e-03,2.630949253216385841e-03,1.709747244603931904e-03,3.320145420730113983e-03,2.832333091646432877e-03,9.503220207989215851e-04,1.938495552167296410e-03,9.306963765993714333e-04,3.031990490853786469e-03,1.990341348573565483e-03,1.261843601241707802e-03,1.450023730285465717e-03,3.361025359481573105e-03,1.951248385012149811e-03,1.031314209103584290e-02,3.967855591326951981e-03,9.095316054299473763e-04,2.514735097065567970e-03
3.608328057453036308e-03,6.061447784304618835e-03,3.667163662612438202e-03,1.170404069125652313e-02,2.303029410541057587e-03,1.248252671211957932e-02,4.756120499223470688e-03,6.315926555544137955e-03,6.689310073852539062e-02,4.405156895518302917e-02,9.622012265026569366e-03,6.731420010328292847e-02,1.837531477212905884e-02,8.268461562693119049e-03,1.534387022256851196e-01,2.351120347157120705e-03,6.204613950103521347e-03,2.515888307243585587e-03,8.821025490760803223e-03,3.176666051149368286e-02,1.384274382144212723e-02,1.168275624513626099e-01,4.783811047673225403e-02,2.170401811599731445e-02,1.164172589778900146e-02,6.692635361105203629e-03,7.314395159482955933e-03,8.114696480333805084e-03,3.362535685300827026e-02,4.300927277654409409e-03,3.601747564971446991e-03,3.765732049942016602e-03,3.697531297802925110e-03,6.920089479535818100e-03,4.166056402027606964e-03,1.265386934392154217e-03,2.676080213859677315e-03,8.753481321036815643e-03,1.827541040256619453e-03,1.272751134820282459e-03,4.811129067093133926e-03,2.847208874300122261e-03,1.543250982649624348e-03,1.645376672968268394e-03,6.391805596649646759e-03,3.771192394196987152e-03,5.044186487793922424e-03,3.821363905444741249e-03,2.210043370723724365e-03,1.854225760325789452e-03,4.511085804551839828e-03,4.206615965813398361e-03,2.116387011483311653e-03,5.117930471897125244e-03,2.435123315081000328e-03,2.689804881811141968e-03,6.280458532273769379e-03,3.732521785423159599e-03,3.647792153060436249e-03
1.068140007555484772e-02,7.143661379814147949e-03,5.863523110747337341e-03,1.470379251986742020e-02,5.120059940963983536e-03,6.888207048177719116e-02,1.680752262473106384e-02,7.973494008183479309e-03,2.380161173641681671e-02,1.177825406193733215e-02,6.069245561957359314e-02,1.527087017893791199e-02,2.401648275554180145e-02,1.042602956295013428e-02,1.153831779956817627e-01,9.341225028038024902e-01,2.515888307243585587e-03,1.154886092990636826e-03,2.835330665111541748e-01,9.550612419843673706e-03,3.829851746559143066e-02,2.000192366540431976e-02,1.677436567842960358e-02,3.613445907831192017e-03,1.604621298611164093e-02,7.536081131547689438e-03,1.945272646844387054e-02,1.028103567659854889e-02,1.155442371964454651e-02,5.264923442155122757e-03,2.985923318192362785e-03,2.377033466473221779e-03,5.660378374159336090e-03,2.013119403272867203e-03,1.655400148592889309e-03,2.751328749582171440e-03,3.463087836280465126e-03,2.575204940512776375e-03,1.532396068796515465e-03,1.992420526221394539e-03,1.999844331294298172e-03,1.442718203179538250e-03,8.066684240475296974e-04,2.272492740303277969e-03,3.798795165494084358e-03,4.911869298666715622e-03,2.368137473240494728e-03,1.797533826902508736e-03,1.447848509997129440e-03,1.877158996649086475e-03,3.604580648243427277e-03,2.033590571954846382e-03,1.577549148350954056e-03,2.300530439242720604e-03,3.065317869186401367e-03,1.142934430390596390e-03,4.174505826085805893e-03,1.489148591645061970e-03,2.424041274935007095e-03
6.227008532732725143e-03,6.799952592700719833e-03,2.603606320917606354e-03,2.203795313835144043e-02,5.714351311326026917e-03,1.391529571264982224e-02,6.721056532114744186e-03,3.738469909876585007e-03,1.712407730519771576e-02,1.128026377409696579e-02,3.517354279756546021e-02,4.449976980686187744e-02,5.388057976961135864e-02,2.981370687484741211e-02,6.959516555070877075e-03,1.756695806980133057e-01,8.821025490760803223e-03,2.835330665111541748e-01,1.899991999380290508e-03,4.718324542045593262e-02,2.994184792041778564e-01,5.939743015915155411e-03,5.415545776486396790e-03,3.792015835642814636e-03,8.399153128266334534e-03,6.434486247599124908e-03,3.968248888850212097e-02,1.213615480810403824e-02,1.912350952625274658e-02,1.497242413461208344e-02,2.467621583491563797e-03,6.801115814596414566e-03,6.660067010670900345e-03,7.608414627611637115e-03,2.736408496275544167e-03,3.992581740021705627e-03,4.594402387738227844e-03,4.665669519454240799e-03,1.221493701450526714e-03,2.232838654890656471e-03,6.672336719930171967e-03,5.385249853134155273e-03,1.294164685532450676e-03,7.066872436553239822e-03,3.895853413268923759e-03,3.677769564092159271e-03,1.411715755239129066e-03,2.156888134777545929e-03,1.323803793638944626e-03,2.155703259631991386e-03,2.444683108478784561e-03,1.680021639913320541e-03,9.216109756380319595e-04,2.334209624677896500e-03,9.607130195945501328e-04,2.034788019955158234e-03,1.396948355250060558e-03,1.154525321908295155e-03,1.688436837866902351e-03
2.170399995520710945e-03,3.549193963408470154e-03,1.820229808799922466e-03,4.237885121256113052e-03,2.216326305642724037e-03,5.300820805132389069e-03,5.524625536054372787e-03,4.819172434508800507e-03,1.757500506937503815e-02,9.785296022891998291e-02,5.996185541152954102e-02,2.227944880723953247e-02,2.449742518365383148e-02,2.278071641921997070e-02,1.378982961177825928e-01,5.582129582762718201e-03,3.176666051149368286e-02,9.550612419843673706e-03,4.718324542045593262e-02,4.773817490786314011e-03,1.567883044481277466e-02,4.049166440963745117e-01,7.895673811435699463e-02,5.307128652930259705e-02,9.010029956698417664e-03,7.246369495987892151e-03,3.375578671693801880e-02,1.440134830772876740e-02,7.773828506469726562e-02,8.228039368987083435e-03,3.311287611722946167e-03,2.352729206904768944e-03,6.480967160314321518e-03,4.891940392553806305e-03,3.779476042836904526e-03,2.071592491120100021e-03,1.522440463304519653e-03,4.964548163115978241e-03,1.765100518241524696e-03,9.779563406482338905e-04,2.601101063191890717e-03,3.349601989611983299e-03,1.023203833028674126e-03,7.999170338734984398e-04,4.197571426630020142e-03,2.372514689341187477e-03,2.986736828461289406e-03,3.648008918389678001e-03,1.419967506080865860e-03,1.509894384071230888e-03,3.711231984198093414e-03,2.533361082896590233e-03,1.551528694108128548e-03,4.967802669852972031e-03,1.770948641933500767e-03,1.973473699763417244e-03,5.627262406051158905e-03,1.736246515065431595e-03,2.575541846454143524e-03
4.186215344816446304e-03,2.750301733613014221e-03,2.853892045095562935e-03,1.158257015049457550e-02,1.222845283336937428e-03,8.067205548286437988e-03,7.024456281214952469e-03,4.832816775888204575e-03,2.630684524774551392e-02,1.515536941587924957e-02,2.259434014558792114e-02,1.825732924044132233e-02,8.257064037024974823e-03,3.701227484270930290e-03,2.034303173422813416e-02,8.455603569746017456e-02,1.384274382144212723e-02,3.829851746559143066e-02,2.994184792041778564e-01,1.567883044481277466e-02,4.695070907473564148e-03,2.103954181075096130e-02,2.392856776714324951e-02,1.019559614360332489e-02,1.528871990740299225e-02,1.194081176072359085e-02,1.779958605766296387e-02,1.902668550610542297e-02,1.285493373870849609e-01,1.234974339604377747e-02,5.512522533535957336e-03,4.506612662225961685e-03,1.174308452755212784e-02,5.524361040443181992e-03,4.861452616751194000e-03,3.768370021134614944e-03,3.103118855506181717e-03,1.602420583367347717e-02,2.047293819487094879e-03,2.432057866826653481e-03,1.313153654336929321e-02,5.600075237452983856e-03,2.536246087402105331e-03,1.502509461715817451e-03,5.379582289606332779e-03,2.757933223620057106e-03,1.329955062828958035e-03,2.400328172370791435e-03,1.653116429224610329e-03,1.157693681307137012e-03,2.376630902290344238e-03,2.062916290014982224e-03,1.093400758691132069e-03,2.660001628100872040e-03,1.169284107163548470e-03,1.341433846391737461e-03,2.726208884268999100e-03,1.702775130979716778e-03,2.109788125380873680e-03
2.953764284029603004e-03,2.346613677218556404e-03,2.336140489205718040e-03,3.357052104547619820e-03,2.671408699825406075e-03,7.744184695184230804e-03,3.847197396680712700e-03,3.158212872222065926e-03,2.457000128924846649e-02,1.823172159492969513e-02,1.145369745790958405e-02,3.894316777586936951e-02,1.385972462594509125e-02,1.187302544713020325e-02,6.098276749253273010e-02,1.089930906891822815e-02,1.168275624513626099e-01,2.000192366540431976e-02,5.939743015915155411e-03,4.049166440963745117e-01,2.103954181075096130e-02,1.398041099309921265e-02,8.560452610254287720e-02,8.334918878972530365e-03,2.225404605269432068e-02,1.020110771059989929e-02,8.467706292867660522e-02,5.982407182455062866e-02,2.180900275707244873e-01,1.068516541272401810e-02,8.574943058192729950e-03,4.921326879411935806e-03,1.139886584132909775e-02,3.131779609248042107e-03,2.955233445391058922e-03,2.135471208021044731e-03,1.258408068679273129e-03,2.973501104861497879e-03,1.268411520868539810e-03,7.340788142755627632e-04,3.204287728294730186e-03,4.193433560431003571e-03,1.092746853828430176e-03,1.424813526682555676e-03,2.825190778821706772e-03,3.211673581972718239e-03,3.263724269345402718e-03,1.988281263038516045e-03,1.646793331019580364e-03,1.082694623619318008e-03,2.086907625198364258e-03,3.817711723968386650e-03,1.205118955112993717e-03,3.866091370582580566e-03,2.120523946359753609e-03,1.392002101056277752e-03,4.068172536790370941e-03,1.806571031920611858e-03,2.920972416177392006e-03
1.887534279376268387e-03,2.914598211646080017e-03,2.634719479829072952e-03,3.640306415036320686e-03,3.163523972034454346e-03,1.910672150552272797e-02,3.666003467515110970e-03,3.837828291580080986e-03,2.636098302900791168e-02,1.657002232968807220e-02,5.294300243258476257e-02,8.036167919635772705e-02,1.379832904785871506e-02,1.783584430813789368e-02,3.745184466242790222e-02,9.279565885663032532e-03,4.783811047673225403e-02,1.677436567842960358e-02,5.415545776486396790e-03,7.895673811435699463e-02,2.392856776714324951e-02,8.560452610254287720e-02,2.646657871082425117e-03,1.068910467438399792e-03,5.458352714776992798e-02,6.887733004987239838e-03,7.759468257427215576e-02,1.165324524044990540e-01,1.030197367072105408e-01,2.334158308804035187e-02,1.079297438263893127e-02,1.569496840238571167e-02,1.255487743765115738e-02,4.198970738798379898e-03,4.700770135968923569e-03,2.292705234140157700e-03,4.205487668514251709e-03,1.716549880802631378e-02,2.220763824880123138e-03,1.305320649407804012e-03,4.462728742510080338e-03,4.076271783560514450e-03,1.166659058071672916e-03,1.187278772704303265e-03,2.053522737696766853e-03,4.488951526582241058e-03,1.371754566207528114e-03,1.479937229305505753e-03,1.260209013707935810e-03,1.166566275060176849e-03,2.699156291782855988e-03,2.043672837316989899e-03,1.134005375206470490e-03,2.962642814964056015e-03,1.992210047319531441e-03,1.426888396963477135e-03,2.107067499309778214e-03,9.955400601029396057e-04,1.435551908798515797e-03
3.563047386705875397e-03,2.443844918161630630e-03,3.541308455169200897e-03,2.602532971650362015e-03,2.979907672852277756e-03,9.450897574424743652e-03,6.771845277398824692e-03,5.999505519866943359e-03,2.753130858764052391e-03,1.034083776175975800e-02,9.946162812411785126e-03,8.978569880127906799e-03,1.201800163835287094e-02,9.697373956441879272e-03,9.690201841294765472e-03,2.047565281391143799e-01,2.170401811599731445e-02,3.613445907831192017e-03,3.792015835642814636e-03,5.307128652930259705e-02,1.019559614360332489e-02,8.334918878972530365e-03,1.068910467438399792e-03,1.929776859469711781e-03,2.738970890641212463e-02,1.492466628551483154e-01,9.857175350189208984e-01,1.080022603273391724e-01,1.086425501853227615e-02,2.048270963132381439e-02,5.572783295065164566e-03,9.333466179668903351e-03,6.606813520193099976e-02,3.600611584261059761e-03,3.251010784879326820e-03,5.855340044945478439e-03,3.597529837861657143e-03,5.475729238241910934e-03,1.330249710008502007e-03,1.436934107914566994e-03,2.050753217190504074e-03,1.765611465089023113e-03,1.919745351187884808e-03,3.340048482641577721e-03,3.153824713081121445e-03,5.084229633212089539e-03,1.747002243064343929e-03,1.874180161394178867e-03,2.366269007325172424e-03,2.622540574520826340e-03,1.903433236293494701e-03,1.923289149999618530e-03,1.611639745533466339e-03,4.861485213041305542e-03,3.203686093911528587e-03,3.543939208611845970e-03,3.944419324398040771e-03,1.598740345798432827e-03,2.156704431399703026e-03
3.270068671554327011e-03,5.643757525831460953e-03,2.386618871241807938e-03,7.993653416633605957e-03,5.957430228590965271e-03,2.426473051309585571e-02,1.323998626321554184e-02,6.813101470470428467e-03,1.441753283143043518e-02,2.447395026683807373e-02,2.039129659533500671e-02,2.800932340323925018e-02,8.503451198339462280e-02,2.839426137506961823e-02,9.725279174745082855e-03,5.474530905485153198e-02,1.164172589778900146e-02,1.604621298611164093e-02,8.399153128266334534e-03,9.010029956698417664e-03,1.528871990740299225e-02,2.225404605269432068e-02,5.458352714776992798e-02,2.738970890641212463e-02,9.063602192327380180e-04,2.998002246022224426e-02,7.251884788274765015e-02,4.139166325330734253e-02,8.363205939531326294e-03,4.120257869362831116e-02,3.222202416509389877e-03,4.793435800820589066e-03,1.770893111824989319e-02,3.967162221670150757e-03,5.535771138966083527e-03,4.912368021905422211e-03,3.621131647378206253e-03,2.521391725167632103e-03,1.773353666067123413e-03,2.283396199345588684e-03,2.452819142490625381e-03,1.177907688543200493e-03,1.563304802402853966e-03,2.319891238585114479e-03,2.288226736709475517e-03,2.581704407930374146e-03,1.605557627044618130e-03,2.178853610530495644e-03,2.250890713185071945e-03,2.395071554929018021e-03,3.602731507271528244e-03,1.673132413998246193e-03,1.949873636476695538e-03,2.822259906679391861e-03,1.736364676617085934e-03,3.195437369868159294e-03,2.609668299555778503e-03,1.766305067576467991e-03,1.318018184974789619e-03
1.243656873703002930e-02,5.791133269667625427e-03,9.411407634615898132e-03,6.231498438864946365e-03,7.407883182168006897e-03,7.178931031376123428e-03,1.460537221282720566e-02,8.411028422415256500e-03,4.195704124867916107e-03,8.089646697044372559e-03,1.194248814135789871e-02,7.618401199579238892e-03,1.117698196321725845e-02,1.106765028089284897e-02,3.596168244257569313e-03,1.718023605644702911e-02,6.692635361105203629e-03,7.536081131547689438e-03,6.434486247599124908e-03,7.246369495987892151e-03,1.194081176072359085e-02,1.020110771059989929e-02,6.887733004987239838e-03,1.492466628551483154e-01,2.998002246022224426e-02,2.636291319504380226e-03,6.840935349464416504e-02,7.498876750469207764e-02,6.174976471811532974e-03,8.732523024082183838e-02,8.934847428463399410e-04,6.161115597933530807e-03,4.342201352119445801e-02,3.155115991830825806e-03,4.497493617236614227e-03,7.991259917616844177e-03,4.388603381812572479e-03,2.035358455032110214e-03,3.694481449201703072e-03,4.086245317012071609e-03,1.538555021397769451e-03,2.102552447468042374e-03,1.869204919785261154e-03,5.463167093694210052e-03,3.652764484286308289e-03,3.284643404185771942e-03,2.252594102174043655e-03,3.215745789930224419e-03,2.758247777819633484e-03,6.427186075598001480e-03,6.145441904664039612e-03,1.934716827236115932e-03,2.667932538315653801e-03,4.913724493235349655e-03,1.920351176522672176e-03,5.699839908629655838e-03,2.585912356153130531e-03,1.717835082672536373e-03,5.836423952132463455e-03
4.706392996013164520e-03,5.000590346753597260e-03,2.667170017957687378e-03,2.420182572677731514e-03,3.618857590481638908e-03,3.571226494386792183e-03,1.678237691521644592e-03,3.384724026545882225e-03,2.376900054514408112e-03,4.491775762289762497e-03,6.328145042061805725e-03,3.580935299396514893e-03,8.688589558005332947e-03,6.438282784074544907e-03,4.984437953680753708e-03,1.523532345890998840e-02,7.314395159482955933e-03,1.945272646844387054e-02,3.968248888850212097e-02,3.375578671693801880e-02,1.779958605766296387e-02,8.467706292867660522e-02,7.759468257427215576e-02,9.857175350189208984e-01,7.251884788274765015e-02,6.840935349464416504e-02,5.086672608740627766e-04,7.616730034351348877e-02,7.447741460055112839e-03,6.282002478837966919e-02,1.656981930136680603e-02,1.120705157518386841e-02,3.341846466064453125e-01,7.511967793107032776e-03,2.679392462596297264e-03,5.435494706034660339e-03,5.049755331128835678e-03,3.132430138066411018e-03,2.692624460905790329e-03,2.132219029590487480e-03,1.904524280689656734e-03,1.651813741773366928e-03,1.693277619779109955e-03,6.126876920461654663e-03,1.886998070403933525e-03,1.938243745826184750e-03,1.489032292738556862e-03,1.608396647498011589e-03,1.267831074073910713e-03,2.084924373775720596e-03,2.124738646671175957e-03,1.133373589254915714e-03,1.152578159235417843e-03,1.980553613975644112e-03,1.909168786369264126e-03,4.581408109515905380e-03,2.100826241075992584e-03,1.213812734931707382e-03,2.610621508210897446e-03
