9.964548517018556595e-04,9.969968348741531372e-02,2.396369129419326782e-01,1.018229126930236816e-01,7.218471169471740723e-02,1.456477399915456772e-02,4.194428026676177979e-02,4.808398708701133728e-02,2.334451861679553986e-02,9.318108670413494110e-03,6.701383739709854126e-03,8.059326559305191040e-03,2.966583706438541412e-03,1.040184311568737030e-02,6.258975714445114136e-03,1.143425051122903824e-02,3.179198363795876503e-03,8.317084051668643951e-03,3.884496865794062614e-03,2.644513733685016632e-03,3.589698113501071930e-03,2.122088568285107613e-03,1.134873135015368462e-03,3.003640333190560341e-03,2.916158875450491905e-03,6.403262726962566376e-03,2.763662254437804222e-03,2.691254485398530960e-03,1.714229467324912548e-03,2.986598992720246315e-03,4.367127548903226852e-03,5.098659545183181763e-03,3.921651747077703476e-03,2.237937180325388908e-03,8.683715946972370148e-03,8.458978496491909027e-03,1.224987488240003586e-02,2.949249930679798126e-03,4.379983991384506226e-03,9.628672152757644653e-03,4.460695199668407440e-03,1.790430280379951000e-03,1.040906086564064026e-02,1.091726403683423996e-02,2.964584156870841980e-03,5.106049124151468277e-03,3.713637357577681541e-03,6.832284852862358093e-03,6.997775286436080933e-03,8.024096488952636719e-03,5.788278300315141678e-03,2.858123509213328362e-03,3.687534248456358910e-03,6.473875604569911957e-03,6.503286771476268768e-03,9.875802323222160339e-03,2.454002387821674347e-03,2.351235365495085716e-03,6.923300679773092270e-03
9.969968348741531372e-02,7.542180828750133514e-04,3.171340525150299072e-01,1.589632630348205566e-01,4.357969164848327637e-01,1.041981857270002365e-02,1.113843917846679688e-01,6.965304166078567505e-02,1.648448780179023743e-02,6.624878384172916412e-03,6.830058246850967407e-02,5.526263266801834106e-03,1.180608663707971573e-02,1.260997354984283447e-02,4.222497344017028809e-03,7.241555023938417435e-03,2.897353842854499817e-03,4.677083343267440796e-03,3.346088808029890060e-03,2.008765237405896187e-03,3.111625323072075844e-03,2.295818179845809937e-03,2.377701690420508385e-03,2.118607750162482262e-03,2.912308322265744209e-03,4.913129843771457672e-03,2.572947647422552109e-03,3.237287979573011398e-03,2.013168064877390862e-03,2.415833761915564537e-03,5.047844257205724716e-03,2.955924952402710915e-03,6.268856581300497055e-03,2.443497302010655403e-03,5.879872944205999374e-03,3.579390933737158775e-03,1.060292497277259827e-02,2.134501002728939056e-03,4.971900489181280136e-03,8.347568102180957794e-03,7.763202302157878876e-03,2.003077883273363113e-03,4.221729468554258347e-03,5.047216545790433884e-03,4.175733309239149094e-03,6.840385030955076218e-03,2.430368214845657349e-03,3.281981218606233597e-03,4.454161040484905243e-03,6.197067908942699432e-03,2.968060551211237907e-03,2.690467750653624535e-03,2.441985532641410828e-03,2.932644682005047798e-03,3.487251466140151024e-03,6.929427850991487503e-03,2.688767854124307632e-03,4.916367121040821075e-03,1.610999181866645813e-02
2.396369129419326782e-01,3.171340525150299072e-01,1.965133473277091980e-02,1.625570654869079590e-01,8.414342403411865234e-01,6.663308292627334595e-02,1.725608296692371368e-02,6.482025980949401855e-02,1.409474853426218033e-02,3.444636939093470573e-03,1.558429934084415436e-02,6.273964885622262955e-03,3.397971624508500099e-03,7.932716049253940582e-03,5.485087633132934570e-03,4.387216176837682724e-03,3.421532921493053436e-03,8.813829161226749420e-03,2.536321058869361877e-03,2.792075974866747856e-03,3.108948003500699997e-03,1.728049130178987980e-03,1.506192260421812534e-03,2.229462843388319016e-03,2.656488679349422455e-03,6.358416751027107239e-03,2.260505221784114838e-03,2.930974820628762245e-03,2.342805732041597366e-03,1.936004613526165485e-03,1.790651003830134869e-03,2.353200456127524376e-03,3.934227861464023590e-03,2.585135167464613914e-03,4.461622796952724457e-03,1.047145295888185501e-02,5.099271424114704132e-03,1.865435624495148659e-03,2.541684079915285110e-03,7.024386432021856308e-03,1.730655319988727570e-03,1.298066112212836742e-03,4.108791705220937729e-03,7.381248287856578827e-03,3.257722128182649612e-03,6.921760272234678268e-03,2.814717357978224754e-03,4.205040168017148972e-03,4.014317877590656281e-03,9.880714118480682373e-03,3.888161154463887215e-03,2.865542192012071609e-03,4.540591035038232803e-03,4.332952201366424561e-03,1.563425920903682709e-02,6.095634773373603821e-03,3.286793828010559082e-03,2.214268082752823830e-03,1.010320242494344711e-02
1.018229126930236816e-01,1.589632630348205566e-01,1.625570654869079590e-01,6.495302915573120117e-02,9.363403916358947754e-01,7.688154280185699463e-02,3.952708560973405838e-03,9.945179820060729980e-01,4.020692408084869385e-01,2.290622703731060028e-02,1.865118592977523804e-01,1.053485553711652756e-02,8.930030278861522675e-03,1.095069013535976410e-02,1.117930654436349869e-02,6.261016242206096649e-03,3.530153539031744003e-03,8.632478304207324982e-03,5.300086922943592072e-03,3.499802900478243828e-03,4.309872630983591080e-03,2.891261829063296318e-03,2.019720152020454407e-03,2.066185697913169861e-03,4.045965149998664856e-03,2.723903162404894829e-03,1.752506010234355927e-03,2.342128194868564606e-03,1.753542339429259300e-03,2.093481598421931267e-03,1.059987815096974373e-03,8.630052907392382622e-04,1.740007777698338032e-03,2.287234179675579071e-03,3.461564192548394203e-03,2.765626180917024612e-03,1.664428855292499065e-03,1.956796273589134216e-03,8.349239360541105270e-04,1.839063479565083981e-03,3.188843373209238052e-03,1.630684593692421913e-03,1.648905221372842789e-03,4.715805873274803162e-03,4.704066086560487747e-03,4.944266285747289658e-03,1.305766403675079346e-03,1.635460415855050087e-03,9.510330855846405029e-04,1.157772494480013847e-03,3.667965065687894821e-03,1.782584935426712036e-03,1.396461506374180317e-03,2.124384976923465729e-03,3.261581528931856155e-03,3.023883560672402382e-03,3.103849245235323906e-03,1.775809912942349911e-03,4.908809904009103775e-03
7.218471169471740723e-02,4.357969164848327637e-01,8.414342403411865234e-01,9.363403916358947754e-01,6.811624392867088318e-03,6.880398094654083252e-02,9.235838055610656738e-01,8.828067183494567871e-01,6.443111598491668701e-02,3.321674885228276253e-03,3.152179718017578125e-02,4.223415628075599670e-03,7.499506697058677673e-03,5.371579434722661972e-03,4.379150457680225372e-03,4.397084936499595642e-03,2.552088350057601929e-03,1.022007968276739120e-02,2.681230660527944565e-03,1.768954447470605373e-03,2.289485419169068336e-03,2.090057823807001114e-03,2.850218676030635834e-03,1.814258284866809845e-03,3.613876877352595329e-03,5.699761677533388138e-03,2.947444561868906021e-03,2.706150757148861885e-03,2.102055354043841362e-03,1.464140601456165314e-03,9.503374458290636539e-04,1.910011516883969307e-03,4.413520917296409607e-03,1.543679391033947468e-03,4.442949313670396805e-03,3.612783038988709450e-03,4.049254115670919418e-03,1.616286812350153923e-03,2.000962849706411362e-03,6.124986801296472549e-03,1.976808765903115273e-03,1.000817515887320042e-03,1.399602973833680153e-03,2.431079512462019920e-03,2.254889812320470810e-03,3.301475895568728447e-03,1.252675661817193031e-03,1.444599591195583344e-03,2.487359102815389633e-03,2.282276516780257225e-03,2.871043747290968895e-03,1.870261156000196934e-03,3.146170638501644135e-03,4.356123972684144974e-03,3.736281068995594978e-03,2.274406142532825470e-03,2.046642126515507698e-03,1.770109985955059528e-03,4.320021253079175949e-03
1.456477399915456772e-02,1.041981857270002365e-02,6.663308292627334595e-02,7.688154280185699463e-02,6.880398094654083252e-02,2.629482187330722809e-02,6.160307303071022034e-02,1.695760488510131836e-01,6.198916584253311157e-02,2.430082112550735474e-02,3.110834583640098572e-02,1.583172194659709930e-02,1.042588241398334503e-02,1.524515636265277863e-02,1.826694235205650330e-02,6.675412878394126892e-03,9.808599017560482025e-03,3.024525195360183716e-02,1.479897927492856979e-02,8.051112294197082520e-03,5.679610185325145721e-03,5.726572126150131226e-03,5.119965411722660065e-03,6.850519217550754547e-03,8.519334718585014343e-03,1.090779434889554977e-02,1.729346928186714649e-03,5.452061071991920471e-03,2.968927379697561264e-03,2.735634334385395050e-03,2.056429861113429070e-03,3.196670906618237495e-03,2.409074455499649048e-03,2.002423163503408432e-03,6.652497220784425735e-03,3.926975186914205551e-03,4.688181914389133453e-03,2.163298428058624268e-03,1.794485375285148621e-03,2.604454522952437401e-03,2.909546019509434700e-03,1.212508184835314751e-03,2.496153116226196289e-03,2.386497566476464272e-03,1.715779770165681839e-03,4.615732934325933456e-03,1.377841457724571228e-03,2.800506073981523514e-03,2.035512356087565422e-03,3.488214453682303429e-03,2.528535202145576477e-03,2.477683126926422119e-03,1.882295240648090839e-03,4.656245931982994080e-03,2.314949873834848404e-03,7.053972221910953522e-03,4.595667589455842972e-03,2.436418551951646805e-03,2.800764515995979309e-03
4.194428026676177979e-02,1.113843917846679688e-01,1.725608296692371368e-02,3.952708560973405838e-03,9.235838055610656738e-01,6.160307303071022034e-02,4.947260487824678421e-03,5.690786615014076233e-02,3.933450207114219666e-02,2.039052546024322510e-02,2.210456877946853638e-02,2.551201544702053070e-02,3.515654057264328003e-02,1.759289763867855072e-02,2.179328119382262230e-03,1.177817024290561676e-02,4.526630975306034088e-03,2.329264022409915924e-02,5.827916786074638367e-03,2.286732662469148636e-03,5.744023714214563370e-03,3.721970366314053535e-03,3.214208642020821571e-03,3.640164388343691826e-03,9.531349875032901764e-03,1.546926703304052353e-02,2.736973110586404800e-03,4.368506371974945068e-03,1.903359894640743732e-03,2.879856619983911514e-03,1.785074360668659210e-03,2.932989038527011871e-03,5.484070628881454468e-03,1.420696615241467953e-03,4.009811207652091980e-03,5.371961742639541626e-03,3.814952448010444641e-03,1.382256159558892250e-03,4.085847642272710800e-03,5.473880562931299210e-03,3.078671172261238098e-03,1.814238377846777439e-03,2.536551328375935555e-03,4.043641034513711929e-03,1.782054663635790348e-03,5.594533402472734451e-03,2.040524501353502274e-03,2.631502458825707436e-03,3.379843896254897118e-03,1.739546423777937889e-03,2.481380710378289223e-03,2.273571910336613655e-03,2.885453868657350540e-03,3.491130890324711800e-03,3.926618956029415131e-03,7.298904471099376678e-03,4.140109289437532425e-03,2.060001716017723083e-03,9.153018705546855927e-03
4.808398708701133728e-02,6.965304166078567505e-02,6.482025980949401855e-02,9.945179820060729980e-01,8.828067183494567871e-01,1.695760488510131836e-01,5.690786615014076233e-02,1.277471147477626801e-02,7.084285840392112732e-03,1.738569699227809906e-02,2.768157236278057098e-02,1.912088715471327305e-03,2.382560074329376221e-02,1.019158866256475449e-02,4.323328845202922821e-03,8.383722975850105286e-03,4.597650375217199326e-03,1.441932190209627151e-02,2.095401287078857422e-03,4.459685180336236954e-03,3.401842899620532990e-03,4.430638626217842102e-03,4.744292236864566803e-03,5.229637492448091507e-03,6.781486328691244125e-03,8.106967434287071228e-03,2.616170095279812813e-03,2.358518308028578758e-03,2.508027711883187294e-03,3.320344258099794388e-03,1.665533869527280331e-03,2.355983946472406387e-03,2.075600670650601387e-03,1.690775854513049126e-03,6.265477742999792099e-03,3.046944038942456245e-03,4.236052278429269791e-03,2.914725802838802338e-03,2.153713256120681763e-03,3.834092989563941956e-03,2.015600213780999184e-03,1.719993539154529572e-03,1.729035750031471252e-03,4.211108665913343430e-03,2.511210273951292038e-03,3.302525728940963745e-03,2.258980879560112953e-03,3.199414582923054695e-03,1.505463966168463230e-03,2.816073596477508545e-03,2.457400551065802574e-03,1.778943464159965515e-03,1.623283838853240013e-03,2.582575427368283272e-03,1.885963603854179382e-03,4.085649736225605011e-03,2.819916233420372009e-03,1.626059063710272312e-03,2.491895575076341629e-03
2.334451861679553986e-02,1.648448780179023743e-02,1.409474853426218033e-02,4.020692408084869385e-01,6.443111598491668701e-02,6.198916584253311157e-02,3.933450207114219666e-02,7.084285840392112732e-03,6.021951790899038315e-03,3.369074314832687378e-02,1.086036209017038345e-02,3.318653255701065063e-02,1.704825833439826965e-02,4.343045875430107117e-03,1.985884606838226318e-01,1.484376937150955200e-02,1.103570312261581421e-01,1.953519321978092194e-02,2.646086737513542175e-02,5.396753177046775818e-02,1.422285381704568863e-02,1.145904883742332458e-02,9.146599099040031433e-03,2.807009266689419746e-03,3.784986212849617004e-03,4.960489459335803986e-03,2.444330835714936256e-03,5.455400794744491577e-03,9.676442481577396393e-03,1.787017914466559887e-03,4.953677766025066376e-03,1.628337195143103600e-03,2.295477315783500671e-03,2.628083107993006706e-03,3.023032797500491142e-03,1.155283302068710327e-03,1.767864450812339783e-03,4.349460825324058533e-03,1.530680223368108273e-03,1.251744106411933899e-03,5.690124817192554474e-03,3.816344542428851128e-03,1.389716635458171368e-03,9.847788605839014053e-04,5.500239320099353790e-03,3.183259861543774605e-03,2.398944925516843796e-03,1.957025378942489624e-03,1.209472189657390118e-03,1.711979508399963379e-03,2.628230489790439606e-03,5.326255224645137787e-03,1.038504880852997303e-03,2.908850321546196938e-03,1.223990810103714466e-03,2.178230322897434235e-03,9.643379598855972290e-03,2.359193749725818634e-03,2.530935453251004219e-03
9.318108670413494110e-03,6.624878384172916412e-03,3.444636939093470573e-03,2.290622703731060028e-02,3.321674885228276253e-03,2.430082112550735474e-02,2.039052546024322510e-02,1.738569699227809906e-02,3.369074314832687378e-02,1.619853265583515167e-02,2.276595979928970337e-01,6.497116386890411377e-02,4.597048759460449219e-01,3.198147192597389221e-02,8.631364256143569946e-02,2.602199092507362366e-02,2.083327472209930420e-01,1.269255671650171280e-02,1.595665886998176575e-02,8.458294719457626343e-02,9.467813186347484589e-03,8.936873637139797211e-03,9.805140085518360138e-03,4.687095992267131805e-03,2.060700766742229462e-02,4.693749826401472092e-03,4.189584404230117798e-03,5.587161052972078323e-03,4.787729121744632721e-03,2.374724484980106354e-03,1.714084181003272533e-03,2.073562936857342720e-03,3.566390601918101311e-03,2.302012871950864792e-03,2.388531342148780823e-03,1.951717422343790531e-03,2.773753600195050240e-03,2.048156224191188812e-03,1.543369377031922340e-03,1.493125921115279198e-03,2.562033012509346008e-03,1.808085828088223934e-03,1.693454920314252377e-03,2.338589867576956749e-03,2.685377839952707291e-03,2.583347959443926811e-03,2.684814622625708580e-03,1.753655844368040562e-03,1.972033642232418060e-03,1.735137775540351868e-03,2.648753114044666290e-03,1.851792447268962860e-03,2.049487084150314331e-03,2.884440589696168900e-03,2.115834271535277367e-03,2.261029090732336044e-03,4.768641199916601181e-03,2.125490922480821609e-03,1.959305722266435623e-03
6.701383739709854126e-03,6.830058246850967407e-02,1.558429934084415436e-02,1.865118592977523804e-01,3.152179718017578125e-02,3.110834583640098572e-02,2.210456877946853638e-02,2.768157236278057098e-02,1.086036209017038345e-02,2.276595979928970337e-01,1.078173518180847168e-03,2.566390484571456909e-02,7.892836928367614746e-01,7.329199910163879395e-01,3.542687743902206421e-02,3.539600223302841187e-02,3.894050791859626770e-02,6.758078932762145996e-02,3.782992064952850342e-02,3.600019589066505432e-02,6.904544308781623840e-03,6.007063202559947968e-03,5.022236146032810211e-03,5.954161286354064941e-03,6.977602373808622360e-03,4.252916667610406876e-03,3.752574790269136429e-03,2.550069242715835571e-03,1.634309301152825356e-03,1.864249934442341328e-03,2.021355787292122841e-03,1.333646127022802830e-03,1.404216280207037926e-03,1.045505865477025509e-03,7.482089102268218994e-03,2.579012187197804451e-03,6.140105426311492920e-03,1.924976706504821777e-03,1.264266553334891796e-03,1.546586048789322376e-03,3.367324359714984894e-03,1.260342891328036785e-03,2.383621409535408020e-03,2.181056421250104904e-03,4.491140134632587433e-03,1.822883845306932926e-03,1.275535672903060913e-03,1.746726222336292267e-03,1.563298865221440792e-03,1.516908290795981884e-03,1.521111698821187019e-03,1.913437969051301479e-03,1.217090291902422905e-03,2.539520850405097008e-03,1.724377856589853764e-03,1.140275038778781891e-03,1.917780376970767975e-03,1.303434837609529495e-03,1.290555694140493870e-03
8.059326559305191040e-03,5.526263266801834106e-03,6.273964885622262955e-03,1.053485553711652756e-02,4.223415628075599670e-03,1.583172194659709930e-02,2.551201544702053070e-02,1.912088715471327305e-03,3.318653255701065063e-02,6.497116386890411377e-02,2.566390484571456909e-02,8.075643330812454224e-03,6.053516641259193420e-02,1.709238998591899872e-02,1.471039950847625732e-01,2.576763741672039032e-02,1.482758820056915283e-01,1.642241515219211578e-02,5.664196610450744629e-02,4.936016350984573364e-02,2.329428493976593018e-02,1.776939257979393005e-02,1.269460003823041916e-02,7.116649299860000610e-03,1.096075493842363358e-02,4.875077400356531143e-03,4.396277479827404022e-03,1.304992381483316422e-02,6.164807360619306564e-03,2.691360889002680779e-03,2.166059799492359161e-03,2.425306476652622223e-03,3.019904019311070442e-03,2.531724283471703529e-03,2.305385190993547440e-03,2.460854593664407730e-03,2.735655056312680244e-03,6.275540683418512344e-03,1.579074538312852383e-03,2.085856162011623383e-03,3.083560382947325706e-03,2.684547798708081245e-03,1.913874060846865177e-03,2.345849294215440750e-03,3.382243216037750244e-03,3.310606349259614944e-03,3.028197679668664932e-03,2.150434534996747971e-03,2.228418365120887756e-03,2.232529455795884132e-03,2.073473297059535980e-03,3.606004407629370689e-03,1.488815410993993282e-03,3.872266737744212151e-03,2.216869732365012169e-03,2.452745568007230759e-03,6.067466456443071365e-03,2.930325455963611603e-03,1.871543354354798794e-03
2.966583706438541412e-03,1.180608663707971573e-02,3.397971624508500099e-03,8.930030278861522675e-03,7.499506697058677673e-03,1.042588241398334503e-02,3.515654057264328003e-02,2.382560074329376221e-02,1.704825833439826965e-02,4.597048759460449219e-01,7.892836928367614746e-01,6.053516641259193420e-02,2.848083386197686195e-04,1.377998739480972290e-01,2.266616187989711761e-02,1.718100160360336304e-01,2.224854379892349243e-02,3.829678148031234741e-02,2.770199775695800781e-01,1.667862385511398315e-01,9.409647434949874878e-03,1.018585544079542160e-02,2.487752214074134827e-02,4.282779525965452194e-03,4.497733712196350098e-02,4.448345862329006195e-03,6.501139607280492783e-03,5.213439464569091797e-03,4.248591139912605286e-03,2.795397303998470306e-03,2.403841819614171982e-03,2.704325132071971893e-03,1.804916304536163807e-03,1.116943312808871269e-03,1.341058989055454731e-03,1.710483920760452747e-03,2.312621800228953362e-03,2.404784318059682846e-03,1.452710013836622238e-03,1.608024584129452705e-03,1.529251807369291782e-03,1.210409100167453289e-03,8.916226797737181187e-04,1.383335329592227936e-03,2.346892841160297394e-03,1.930952654220163822e-03,1.889856997877359390e-03,1.725922338664531708e-03,1.474361866712570190e-03,2.672083210200071335e-03,2.246154937893152237e-03,1.565982005558907986e-03,1.936367480084300041e-03,3.091418184340000153e-03,2.181049203500151634e-03,5.244030151516199112e-03,3.834448521956801414e-03,1.778885954990983009e-03,2.168613253161311150e-03
1.040184311568737030e-02,1.260997354984283447e-02,7.932716049253940582e-03,1.095069013535976410e-02,5.371579434722661972e-03,1.524515636265277863e-02,1.759289763867855072e-02,1.019158866256475449e-02,4.343045875430107117e-03,3.198147192597389221e-02,7.329199910163879395e-01,1.709238998591899872e-02,1.377998739480972290e-01,2.001235028728842735e-03,1.343995891511440277e-02,1.883103400468826294e-01,8.748332038521766663e-03,3.474181890487670898e-02,3.544060513377189636e-02,2.841975539922714233e-02,7.264961022883653641e-03,6.735550239682197571e-03,8.664322085678577423e-03,7.360528223216533661e-03,2.192047983407974243e-02,5.398949142545461655e-03,4.944374319165945053e-03,3.200808074325323105e-03,3.125434042885899544e-03,5.635508336126804352e-03,5.354738328605890274e-03,4.044852685183286667e-03,4.877275321632623672e-03,2.399008721113204956e-03,5.189321003854274750e-03,4.152243025600910187e-03,3.078487003222107887e-03,3.386925207450985909e-03,2.008904702961444855e-03,1.738905557431280613e-03,3.045170335099101067e-03,1.920673996210098267e-03,2.137330360710620880e-03,2.060415456071496010e-03,5.895561072975397110e-03,2.563535934314131737e-03,2.214793814346194267e-03,1.720465137623250484e-03,1.383722061291337013e-03,2.225444186478853226e-03,2.057722071185708046e-03,2.756696660071611404e-03,1.689976081252098083e-03,3.313505789265036583e-03,2.964196959510445595e-03,2.985855331644415855e-03,4.519333131611347198e-03,2.606789115816354752e-03,4.794964566826820374e-03
6.258975714445114136e-03,4.222497344017028809e-03,5.485087633132934570e-03,1.117930654436349869e-02,4.379150457680225372e-03,1.826694235205650330e-02,2.179328119382262230e-03,4.323328845202922821e-03,1.985884606838226318e-01,8.631364256143569946e-02,3.542687743902206421e-02,1.471039950847625732e-01,2.266616187989711761e-02,1.343995891511440277e-02,6.056820228695869446e-02,2.432738803327083588e-02,2.331253737211227417e-01,7.903584837913513184e-02,1.059962902218103409e-02,3.853219449520111084e-01,2.231400087475776672e-02,1.675811037421226501e-02,2.143799141049385071e-02,2.508891746401786804e-03,3.684287425130605698e-03,2.705692779272794724e-03,3.706544870510697365e-03,4.921777173876762390e-03,6.048737093806266785e-03,2.583397086709737778e-03,6.271825172007083893e-03,1.879916409961879253e-03,1.729645766317844391e-03,4.012126009911298752e-03,2.499181311577558517e-03,2.100352663546800613e-03,3.005445702001452446e-03,1.065444666892290115e-02,1.711770077235996723e-03,1.330281957052648067e-03,4.396406933665275574e-03,5.545360967516899109e-03,1.171364332549273968e-03,2.741777570918202400e-03,6.626494694501161575e-03,3.712032455950975418e-03,3.118309425190091133e-03,1.577064744196832180e-03,1.770499395206570625e-03,1.100104069337248802e-03,2.464216202497482300e-03,3.088185330852866173e-03,1.285303034819662571e-03,3.135038539767265320e-03,1.452261116355657578e-03,2.101877238601446152e-03,4.607387352734804153e-03,1.572037814185023308e-03,1.674864091910421848e-03
1.143425051122903824e-02,7.241555023938417435e-03,4.387216176837682724e-03,6.261016242206096649e-03,4.397084936499595642e-03,6.675412878394126892e-03,1.177817024290561676e-02,8.383722975850105286e-03,1.484376937150955200e-02,2.602199092507362366e-02,3.539600223302841187e-02,2.576763741672039032e-02,1.718100160360336304e-01,1.883103400468826294e-01,2.432738803327083588e-02,9.567436645738780499e-04,2.152690663933753967e-03,5.331856012344360352e-01,8.946061879396438599e-02,4.105901345610618591e-03,8.940526843070983887e-02,8.833600208163261414e-03,5.461024586111307144e-03,2.454753220081329346e-02,6.315254420042037964e-02,1.474874280393123627e-02,1.654689013957977295e-02,9.237580932676792145e-03,6.458845920860767365e-03,5.852032452821731567e-03,5.061143543571233749e-03,4.869309253990650177e-03,6.425959058105945587e-03,2.260911976918578148e-03,3.067310666665434837e-03,2.227059565484523773e-03,6.387600209563970566e-03,2.029257826507091522e-03,3.350111423060297966e-03,2.439120318740606308e-03,1.937791705131530762e-03,1.585691119544208050e-03,1.945856842212378979e-03,2.260552719235420227e-03,3.474195022135972977e-03,3.162669949233531952e-03,1.328816870227456093e-03,2.332664327695965767e-03,1.627512625418603420e-03,2.334238728508353233e-03,1.750878407619893551e-03,1.206387416459619999e-03,9.883450111374258995e-04,2.998588373884558678e-03,2.373268594965338707e-03,3.710711607709527016e-03,2.206926699727773666e-03,1.837040064856410027e-03,3.021605778485536575e-03
3.179198363795876503e-03,2.897353842854499817e-03,3.421532921493053436e-03,3.530153539031744003e-03,2.552088350057601929e-03,9.808599017560482025e-03,4.526630975306034088e-03,4.597650375217199326e-03,1.103570312261581421e-01,2.083327472209930420e-01,3.894050791859626770e-02,1.482758820056915283e-01,2.224854379892349243e-02,8.748332038521766663e-03,2.331253737211227417e-01,2.152690663933753967e-03,3.968002647161483765e-02,4.869940225034952164e-03,8.157768286764621735e-03,1.229259148240089417e-01,1.404803805053234100e-02,6.994570046663284302e-02,5.094128660857677460e-03,9.673706255853176117e-03,8.459539152681827545e-03,4.966393113136291504e-03,4.623284097760915756e-03,7.387787569314241409e-03,3.786471858620643616e-02,2.841193461790680885e-03,6.396688986569643021e-03,2.004405250772833824e-03,3.785529406741261482e-03,7.207559887319803238e-03,5.166863556951284409e-03,2.026523929089307785e-03,2.862368011847138405e-03,1.225942187011241913e-02,1.694283797405660152e-03,1.449827686883509159e-03,4.664090927690267563e-03,3.757401835173368454e-03,1.363865565508604050e-03,1.497177756391465664e-03,6.073353346437215805e-03,3.372256876900792122e-03,3.352170577272772789e-03,2.697115065529942513e-03,1.976646017283201218e-03,1.854781759902834892e-03,3.717137733474373817e-03,3.098378656432032585e-03,1.856995513662695885e-03,3.336941590532660484e-03,2.158828778192400932e-03,2.470435341820120811e-03,7.519529201090335846e-03,3.250205889344215393e-03,2.561917295679450035e-03
8.317084051668643951e-03,4.677083343267440796e-03,8.813829161226749420e-03,8.632478304207324982e-03,1.022007968276739120e-02,3.024525195360183716e-02,2.329264022409915924e-02,1.441932190209627151e-02,1.953519321978092194e-02,1.269255671650171280e-02,6.758078932762145996e-02,1.642241515219211578e-02,3.829678148031234741e-02,3.474181890487670898e-02,7.903584837913513184e-02,5.331856012344360352e-01,4.869940225034952164e-03,1.914697815664112568e-03,3.038889467716217041e-01,2.887275256216526031e-02,1.560289785265922546e-02,7.410839200019836426e-03,9.494902566075325012e-03,6.449021864682435989e-03,1.713819988071918488e-02,3.690106794238090515e-03,9.283946827054023743e-03,9.896956384181976318e-03,5.961367860436439514e-03,4.323314875364303589e-03,3.976214677095413208e-03,3.688453929498791695e-03,6.721931975334882736e-03,2.010036958381533623e-03,3.579727606847882271e-03,2.384810009971261024e-03,3.019572468474507332e-03,4.007111769169569016e-03,1.496555050835013390e-03,1.616383669897913933e-03,3.302811644971370697e-03,1.296322327107191086e-03,1.571912085637450218e-03,3.321349620819091797e-03,4.055266268551349640e-03,3.632060484960675240e-03,1.963673392310738564e-03,3.082770388573408127e-03,1.249564113095402718e-03,2.836980391293764114e-03,2.494290936738252640e-03,2.043108921498060226e-03,1.398271415382623672e-03,2.887669252231717110e-03,1.717244740575551987e-03,3.521147184073925018e-03,3.427924122661352158e-03,9.934460977092385292e-04,2.250670222565531731e-03
3.884496865794062614e-03,3.346088808029890060e-03,2.536321058869361877e-03,5.300086922943592072e-03,2.681230660527944565e-03,1.479897927492856979e-02,5.827916786074638367e-03,2.095401287078857422e-03,2.646086737513542175e-02,1.595665886998176575e-02,3.782992064952850342e-02,5.664196610450744629e-02,2.770199775695800781e-01,3.544060513377189636e-02,1.059962902218103409e-02,8.946061879396438599e-02,8.157768286764621735e-03,3.038889467716217041e-01,2.412864938378334045e-03,1.021081302314996719e-02,4.128322601318359375e-01,7.273058407008647919e-03,9.169046767055988312e-03,1.023590913973748684e-03,3.550492459908127785e-03,1.535737141966819763e-02,1.275801099836826324e-02,5.915161222219467163e-03,1.704531721770763397e-02,1.101318094879388809e-02,1.088297460228204727e-02,4.848086740821599960e-03,8.413892239332199097e-03,8.722302503883838654e-03,4.106062930077314377e-03,6.020063068717718124e-03,5.411232355982065201e-03,8.213852532207965851e-03,2.165007870644330978e-03,2.271015429869294167e-03,2.212475752457976341e-03,3.271817695349454880e-03,2.261298010125756264e-03,5.262421909719705582e-03,6.908360868692398071e-03,3.787569236010313034e-03,3.125983523204922676e-03,2.109759952872991562e-03,1.516127027571201324e-03,1.924113137647509575e-03,1.435507554560899734e-03,1.591766951605677605e-03,1.348726218566298485e-03,1.819228637032210827e-03,1.655921922065317631e-03,3.086729673668742180e-03,2.951238770037889481e-03,1.217186567373573780e-03,1.489555579610168934e-03
2.644513733685016632e-03,2.008765237405896187e-03,2.792075974866747856e-03,3.499802900478243828e-03,1.768954447470605373e-03,8.051112294197082520e-03,2.286732662469148636e-03,4.459685180336236954e-03,5.396753177046775818e-02,8.458294719457626343e-02,3.600019589066505432e-02,4.936016350984573364e-02,1.667862385511398315e-01,2.841975539922714233e-02,3.853219449520111084e-01,4.105901345610618591e-03,1.229259148240089417e-01,2.887275256216526031e-02,1.021081302314996719e-02,9.584502130746841431e-02,3.575276210904121399e-02,5.738765001296997070e-02,8.429047651588916779e-03,4.345071036368608475e-03,9.625107981264591217e-03,3.014197107404470444e-03,1.862998120486736298e-02,8.420721627771854401e-03,1.336891949176788330e-01,9.293328039348125458e-03,9.288653731346130371e-03,1.935974112711846828e-03,2.847605384886264801e-03,5.644560325890779495e-03,3.909057937562465668e-03,1.560508040711283684e-03,1.859552226960659027e-03,1.051732897758483887e-02,1.384945004247128963e-03,1.050568534992635250e-03,4.245040472596883774e-03,2.742943121120333672e-03,9.881670121103525162e-04,1.737375860102474689e-03,3.403920680284500122e-03,2.436265582218766212e-03,2.976130228489637375e-03,2.676160307601094246e-03,1.570964115671813488e-03,1.608895254321396351e-03,3.066463395953178406e-03,2.698681550100445747e-03,1.252534799277782440e-03,3.650837112218141556e-03,1.523195882327854633e-03,1.963478047400712967e-03,4.313594195991754532e-03,1.466718153096735477e-03,1.859708921983838081e-03
3.589698113501071930e-03,3.111625323072075844e-03,3.108948003500699997e-03,4.309872630983591080e-03,2.289485419169068336e-03,5.679610185325145721e-03,5.744023714214563370e-03,3.401842899620532990e-03,1.422285381704568863e-02,9.467813186347484589e-03,6.904544308781623840e-03,2.329428493976593018e-02,9.409647434949874878e-03,7.264961022883653641e-03,2.231400087475776672e-02,8.940526843070983887e-02,1.404803805053234100e-02,1.560289785265922546e-02,4.128322601318359375e-01,3.575276210904121399e-02,3.929975442588329315e-03,4.971936345100402832e-03,1.281255111098289490e-02,4.372381372377276421e-04,2.492889063432812691e-03,5.346062243916094303e-04,1.773325912654399872e-02,1.579640433192253113e-02,6.476885825395584106e-02,1.587262935936450958e-02,3.165204450488090515e-02,5.486450623720884323e-03,1.532802358269691467e-02,2.076110430061817169e-02,1.419616397470235825e-02,2.047995338216423988e-03,4.009828437119722366e-03,2.687707543373107910e-02,3.355043940246105194e-03,3.366772551089525223e-03,5.784684047102928162e-02,8.527325466275215149e-03,2.082755789160728455e-03,2.731226617470383644e-03,9.556989185512065887e-03,5.101577378809452057e-03,4.826211836189031601e-03,1.670691417530179024e-03,1.961627043783664703e-03,1.588912564329802990e-03,4.682476166635751724e-03,2.678083023056387901e-03,1.361383707262575626e-03,2.951898379251360893e-03,1.896297209896147251e-03,1.412091427482664585e-03,2.744592493399977684e-03,2.170681022107601166e-03,2.759381197392940521e-03
2.122088568285107613e-03,2.295818179845809937e-03,1.728049130178987980e-03,2.891261829063296318e-03,2.090057823807001114e-03,5.726572126150131226e-03,3.721970366314053535e-03,4.430638626217842102e-03,1.145904883742332458e-02,8.936873637139797211e-03,6.007063202559947968e-03,1.776939257979393005e-02,1.018585544079542160e-02,6.735550239682197571e-03,1.675811037421226501e-02,8.833600208163261414e-03,6.994570046663284302e-02,7.410839200019836426e-03,7.273058407008647919e-03,5.738765001296997070e-02,4.971936345100402832e-03,1.133502367883920670e-02,8.081860840320587158e-02,2.486713603138923645e-02,2.674832567572593689e-02,1.315690949559211731e-02,8.313066512346267700e-02,2.193732410669326782e-01,5.141130089759826660e-01,5.948336049914360046e-02,2.161683142185211182e-02,1.224277447909116745e-02,4.542402550578117371e-02,4.612393211573362350e-03,4.508273210376501083e-03,2.083377214148640633e-03,1.941928756423294544e-03,4.288983996957540512e-03,1.599818468093872070e-03,9.480859152972698212e-04,2.530753845348954201e-03,2.114705042913556099e-03,9.677141206339001656e-04,1.118677319027483463e-03,4.631432238966226578e-03,3.766336711123585701e-03,3.100592875853180885e-03,1.886824611574411392e-03,1.826028223149478436e-03,1.449490897357463837e-03,1.823920872993767262e-03,3.620307426899671555e-03,1.319854636676609516e-03,3.936835564672946930e-03,1.759101869538426399e-03,1.898318063467741013e-03,1.082890480756759644e-02,2.352570183575153351e-03,1.814189134165644646e-03
1.134873135015368462e-03,2.377701690420508385e-03,1.506192260421812534e-03,2.019720152020454407e-03,2.850218676030635834e-03,5.119965411722660065e-03,3.214208642020821571e-03,4.744292236864566803e-03,9.146599099040031433e-03,9.805140085518360138e-03,5.022236146032810211e-03,1.269460003823041916e-02,2.487752214074134827e-02,8.664322085678577423e-03,2.143799141049385071e-02,5.461024586111307144e-03,5.094128660857677460e-03,9.494902566075325012e-03,9.169046767055988312e-03,8.429047651588916779e-03,1.281255111098289490e-02,8.081860840320587158e-02,1.509157009422779083e-03,4.343400709331035614e-03,8.396964520215988159e-02,3.917846363037824631e-03,5.468514189124107361e-02,3.111051619052886963e-01,3.682864308357238770e-01,3.889374434947967529e-02,1.006613671779632568e-01,1.909912936389446259e-02,5.363924056291580200e-02,1.155142392963171005e-02,1.035698782652616501e-02,2.506361808627843857e-03,7.374641019850969315e-03,1.031803898513317108e-02,2.651765244081616402e-03,2.071785740554332733e-03,6.300013512372970581e-03,5.125391762703657150e-03,1.323288306593894958e-03,2.514980267733335495e-03,3.757908474653959274e-03,4.272031597793102264e-03,2.096472308039665222e-03,1.668439130298793316e-03,1.481754821725189686e-03,1.506246160715818405e-03,3.454779274761676788e-03,1.973923528566956520e-03,1.340191462077200413e-03,4.208310041576623917e-03,2.247479278594255447e-03,2.041318919509649277e-03,4.919620230793952942e-03,1.934129628352820873e-03,1.025771256536245346e-03
3.003640333190560341e-03,2.118607750162482262e-03,2.229462843388319016e-03,2.066185697913169861e-03,1.814258284866809845e-03,6.850519217550754547e-03,3.640164388343691826e-03,5.229637492448091507e-03,2.807009266689419746e-03,4.687095992267131805e-03,5.954161286354064941e-03,7.116649299860000610e-03,4.282779525965452194e-03,7.360528223216533661e-03,2.508891746401786804e-03,2.454753220081329346e-02,9.673706255853176117e-03,6.449021864682435989e-03,1.023590913973748684e-03,4.345071036368608475e-03,4.372381372377276421e-04,2.486713603138923645e-02,4.343400709331035614e-03,2.976690651848912239e-03,2.785234339535236359e-02,4.413269758224487305e-01,9.965981841087341309e-01,2.558712661266326904e-01,4.960190504789352417e-02,5.483977124094963074e-02,2.352027036249637604e-02,1.982710510492324829e-02,2.342672049999237061e-01,5.780174862593412399e-03,4.156553652137517929e-03,6.290832068771123886e-03,4.092348739504814148e-03,3.712748410180211067e-03,1.553378067910671234e-03,2.956249518319964409e-03,1.846443163231015205e-03,1.615489018149673939e-03,2.282032277435064316e-03,2.418483840301632881e-03,4.014119505882263184e-03,4.696736112236976624e-03,1.559024327434599400e-03,2.788437996059656143e-03,3.200033679604530334e-03,3.268811618909239769e-03,3.502349834889173508e-03,1.866347738541662693e-03,2.028262475505471230e-03,4.002356901764869690e-03,2.360948594287037849e-03,5.477832630276679993e-03,3.170200157910585403e-03,2.108537591993808746e-03,2.959056058898568153e-03
2.916158875450491905e-03,2.912308322265744209e-03,2.656488679349422455e-03,4.045965149998664856e-03,3.613876877352595329e-03,8.519334718585014343e-03,9.531349875032901764e-03,6.781486328691244125e-03,3.784986212849617004e-03,2.060700766742229462e-02,6.977602373808622360e-03,1.096075493842363358e-02,4.497733712196350098e-02,2.192047983407974243e-02,3.684287425130605698e-03,6.315254420042037964e-02,8.459539152681827545e-03,1.713819988071918488e-02,3.550492459908127785e-03,9.625107981264591217e-03,2.492889063432812691e-03,2.674832567572593689e-02,8.396964520215988159e-02,2.785234339535236359e-02,8.776421891525387764e-04,4.272916167974472046e-02,1.374868750572204590e-01,1.378299444913864136e-01,1.746906340122222900e-02,3.857227414846420288e-02,9.095654822885990143e-03,2.292013727128505707e-02,1.503490097820758820e-02,4.384490195661783218e-03,6.547841709107160568e-03,3.948098514229059219e-03,5.653080064803361893e-03,2.431536326184868813e-03,2.579063409939408302e-03,2.732473658397793770e-03,3.048642072826623917e-03,1.155287725850939751e-03,1.428453833796083927e-03,2.399917226284742355e-03,3.628764301538467407e-03,2.971319248899817467e-03,1.488754409365355968e-03,2.126016886904835701e-03,2.368318848311901093e-03,3.379892092198133469e-03,3.474048105999827385e-03,2.011204371228814125e-03,2.716009505093097687e-03,7.528962101787328720e-03,5.017159041017293930e-03,3.668567864224314690e-03,3.013510722666978836e-03,1.996938837692141533e-03,1.813141163438558578e-03
6.403262726962566376e-03,4.913129843771457672e-03,6.358416751027107239e-03,2.723903162404894829e-03,5.699761677533388138e-03,1.090779434889554977e-02,1.546926703304052353e-02,8.106967434287071228e-03,4.960489459335803986e-03,4.693749826401472092e-03,4.252916667610406876e-03,4.875077400356531143e-03,4.448345862329006195e-03,5.398949142545461655e-03,2.705692779272794724e-03,1.474874280393123627e-02,4.966393113136291504e-03,3.690106794238090515e-03,1.535737141966819763e-02,3.014197107404470444e-03,5.346062243916094303e-04,1.315690949559211731e-02,3.917846363037824631e-03,4.413269758224487305e-01,4.272916167974472046e-02,1.863908255472779274e-03,1.567773967981338501e-01,1.427723020315170288e-01,1.285114698112010956e-02,5.589323118329048157e-02,2.674811752513051033e-03,5.620887037366628647e-03,9.817114472389221191e-02,2.664646832272410393e-03,4.958733450621366501e-03,8.126265369355678558e-03,5.200642626732587814e-03,2.907803514972329140e-03,3.044714219868183136e-03,6.112399045377969742e-03,1.779303420335054398e-03,1.220466219820082188e-03,3.179852617904543877e-03,5.811641458421945572e-03,4.254978615790605545e-03,3.965308424085378647e-03,2.535505685955286026e-03,7.665602955967187881e-03,3.620753064751625061e-03,7.458557374775409698e-03,4.259953740984201431e-03,1.996530219912528992e-03,3.866201732307672501e-03,7.355043198913335800e-03,1.419148873537778854e-03,9.311556816101074219e-03,5.990381352603435516e-03,3.052717307582497597e-03,7.766610942780971527e-03
2.763662254437804222e-03,2.572947647422552109e-03,2.260505221784114838e-03,1.752506010234355927e-03,2.947444561868906021e-03,1.729346928186714649e-03,2.736973110586404800e-03,2.616170095279812813e-03,2.444330835714936256e-03,4.189584404230117798e-03,3.752574790269136429e-03,4.396277479827404022e-03,6.501139607280492783e-03,4.944374319165945053e-03,3.706544870510697365e-03,1.654689013957977295e-02,4.623284097760915756e-03,9.283946827054023743e-03,1.275801099836826324e-02,1.862998120486736298e-02,1.773325912654399872e-02,8.313066512346267700e-02,5.468514189124107361e-02,9.965981841087341309e-01,1.374868750572204590e-01,1.567773967981338501e-01,6.194488960318267345e-04,1.839926838874816895e-01,2.009422518312931061e-02,3.823317289352416992e-01,2.216127235442399979e-03,1.495008356869220734e-02,1.822586655616760254e-01,4.500060807913541794e-03,6.551304366439580917e-03,5.582622252404689789e-03,3.493681782856583595e-03,3.332509193569421768e-03,2.851005876436829567e-03,2.617093501612544060e-03,1.411411212757229805e-03,1.066274242475628853e-03,1.664211740717291832e-03,4.138021729886531830e-03,2.495744731277227402e-03,3.442732151597738266e-03,1.857055467553436756e-03,3.343221498653292656e-03,2.652149880304932594e-03,7.627738523297011852e-04,2.196738729253411293e-03,1.210077083669602871e-03,1.345540629699826241e-03,2.461932832375168800e-03,3.802750958129763603e-03,4.756768699735403061e-03,1.416138373315334320e-03,2.031227806583046913e-03,2.259174361824989319e-03
