1.553773763589560986e-03,6.767343282699584961e-01,4.969440400600433350e-01,1.084032561630010605e-02,1.703255474567413330e-01,5.882943049073219299e-02,1.012430712580680847e-01,3.238698467612266541e-02,1.867197453975677490e-02,2.368600852787494659e-02,2.603225782513618469e-02,8.573820814490318298e-03,1.445716340094804764e-02,9.852143935859203339e-03,7.778806146234273911e-03,8.604765869677066803e-03,4.976066295057535172e-03,1.676431857049465179e-02,4.263835027813911438e-03,4.412597045302391052e-03,3.174050943925976753e-03,2.777935238555073738e-03,1.403364702127873898e-03,3.411669749766588211e-03,5.261316429823637009e-03,1.272866316139698029e-02,6.733499001711606979e-03,2.673775190487504005e-03,2.224667230620980263e-03,3.657711902633309364e-03,1.232958049513399601e-03,1.668877550400793552e-03,2.170671708881855011e-03,1.178649021312594414e-03,2.738042036071419716e-03,7.753691636025905609e-03,7.675042841583490372e-03,2.259171102195978165e-03,1.967026386409997940e-03,6.207640282809734344e-03,3.538613906130194664e-03,1.136190141551196575e-03,3.120202571153640747e-03,3.600062103942036629e-03,1.624620635993778706e-03,2.228177618235349655e-03,1.495099277235567570e-03,3.953901119530200958e-03,4.853562917560338974e-03,7.398355286568403244e-03,1.996618695557117462e-03,2.036603400483727455e-03,7.553425617516040802e-03,4.236945416778326035e-03,8.751119486987590790e-03,5.291092209517955780e-03,6.624658592045307159e-03,3.075755666941404343e-03,5.331734661012887955e-03
6.767343282699584961e-01,1.138460263609886169e-02,5.453242659568786621e-01,1.293138265609741211e-01,4.669824838638305664e-01,1.426005270332098007e-02,9.840916097164154053e-02,1.279086321592330933e-01,2.421984076499938965e-02,7.239988539367914200e-03,3.957157582044601440e-02,6.684790831059217453e-03,2.180592529475688934e-02,1.307658012956380844e-02,4.856940358877182007e-03,6.442227400839328766e-03,3.460840554907917976e-03,6.004341412335634232e-03,3.027964616194367409e-03,2.615152625367045403e-03,2.025678521022200584e-03,1.282287063077092171e-03,1.550094806589186192e-03,2.835526596754789352e-03,7.450336590409278870e-03,1.138267107307910919e-02,3.347181482240557671e-03,3.121534828096628189e-03,1.710996148176491261e-03,2.551477868109941483e-03,1.077342429198324680e-03,1.309578889049589634e-03,2.448572311550378799e-03,1.969591248780488968e-03,3.811825998127460480e-03,5.179923959076404572e-03,1.201659720391035080e-02,1.449316856451332569e-03,3.291103523224592209e-03,5.366115365177392960e-03,3.649050602689385414e-03,1.233984250575304031e-03,3.203762229532003403e-03,4.951269365847110748e-03,2.378354547545313835e-03,2.591303316876292229e-03,1.500767772085964680e-03,2.485064789652824402e-03,3.236018819734454155e-03,8.731303736567497253e-03,2.582780551165342331e-03,1.802621525712311268e-03,3.843412734568119049e-03,3.626651363447308540e-03,4.306742921471595764e-03,1.108803320676088333e-02,3.456488251686096191e-03,1.766762346960604191e-03,6.010278128087520599e-03
4.969440400600433350e-01,5.453242659568786621e-01,4.356225952506065369e-02,2.652822434902191162e-01,3.298610150814056396e-01,5.833549052476882935e-02,5.225538462400436401e-02,1.421836763620376587e-01,9.798943065106868744e-03,6.233066320419311523e-03,1.292075216770172119e-02,4.037356469780206680e-03,3.287971019744873047e-02,1.061837282031774521e-02,4.547139164060354233e-03,1.001361291855573654e-02,3.602586220949888229e-03,7.108561228960752487e-03,2.312660450115799904e-03,3.550303634256124496e-03,2.578861080110073090e-03,2.810003468766808510e-03,3.566102590411901474e-03,3.429421223700046539e-03,8.297054097056388855e-03,8.546815253794193268e-03,2.508661476895213127e-03,2.494624350219964981e-03,1.770831411704421043e-03,2.277460647746920586e-03,1.440636231563985348e-03,1.839838339947164059e-03,1.577666262164711952e-03,1.349874539300799370e-03,3.262771992012858391e-03,4.286190960556268692e-03,8.982465602457523346e-03,2.231589518487453461e-03,2.259574132040143013e-03,1.555916760116815567e-02,2.710324712097644806e-03,1.230869325809180737e-03,2.436721231788396835e-03,4.487006459385156631e-03,2.177039859816431999e-03,2.259254921227693558e-03,1.986108254641294479e-03,2.072529401630163193e-03,3.467192640528082848e-03,9.991024620831012726e-03,2.095110015943646431e-03,1.666610012762248516e-03,2.394737675786018372e-03,3.003123449161648750e-03,4.437641706317663193e-03,4.609029740095138550e-03,4.156251437962055206e-03,2.543219830840826035e-03,8.328225463628768921e-03
1.084032561630010605e-02,1.293138265609741211e-01,2.652822434902191162e-01,5.941420793533325195e-03,3.722476363182067871e-01,7.577814161777496338e-02,3.005609475076198578e-02,9.917214512825012207e-01,1.599504947662353516e-01,2.705915644764900208e-02,1.783716976642608643e-01,5.496742669492959976e-03,1.360856648534536362e-02,1.750334165990352631e-02,8.186670951545238495e-03,4.839079454541206360e-03,4.861939698457717896e-03,1.748593151569366455e-02,7.063531316816806793e-03,2.581206150352954865e-03,3.150163218379020691e-03,3.409227356314659119e-03,1.923231291584670544e-03,2.470733830705285072e-03,5.277980584651231766e-03,2.901286585256457329e-03,1.552912173792719841e-03,1.863380661234259605e-03,2.330014714971184731e-03,1.645925804041326046e-03,1.332590472884476185e-03,1.939670415595173836e-03,2.930622315034270287e-03,1.608551363460719585e-03,3.720292821526527405e-03,2.932968083769083023e-03,3.597326576709747314e-03,2.863759407773613930e-03,1.877674716524779797e-03,4.203535150736570358e-03,2.292971359565854073e-03,1.827226253226399422e-03,3.432119498029351234e-03,3.146595554426312447e-03,4.366671200841665268e-03,2.556912833824753761e-03,1.752745476551353931e-03,3.245516214519739151e-03,3.030991647392511368e-03,1.717589795589447021e-03,2.261004410684108734e-03,1.534653478302061558e-03,1.923507661558687687e-03,3.189814975485205650e-03,2.899342216551303864e-03,2.582619432359933853e-03,5.561590194702148438e-03,2.598791383206844330e-03,3.332563210278749466e-03
1.703255474567413330e-01,4.669824838638305664e-01,3.298610150814056396e-01,3.722476363182067871e-01,4.049598239362239838e-03,1.628325879573822021e-01,9.537501931190490723e-01,9.409250020980834961e-01,9.733652323484420776e-02,8.383711799979209900e-03,1.757495664060115814e-02,5.058680661022663116e-03,6.449046544730663300e-03,2.977856434881687164e-02,1.866859500296413898e-03,6.015120074152946472e-03,3.482101950794458389e-03,3.090059151872992516e-03,2.521363086998462677e-03,2.474393928423523903e-03,1.449981005862355232e-03,1.803981955163180828e-03,1.945065218023955822e-03,3.517444944009184837e-03,2.663098974153399467e-03,7.310286164283752441e-03,2.092762617394328117e-03,1.351897022686898708e-03,2.090069698169827461e-03,2.346084685996174812e-03,1.354203559458255768e-03,1.913365093059837818e-03,1.756827346980571747e-03,1.387475058436393738e-03,2.669927664101123810e-03,6.485396530479192734e-03,6.664238870143890381e-03,2.363565843552350998e-03,2.111859153956174850e-03,5.781627725809812546e-03,3.639540169388055801e-03,1.702059525996446609e-03,3.265733830630779266e-03,3.179579041898250580e-03,1.403418835252523422e-03,2.405279781669378281e-03,1.168520306237041950e-03,1.781836617738008499e-03,3.016339847818017006e-03,3.417389234527945518e-03,2.277691615745425224e-03,1.807307940907776356e-03,8.236167952418327332e-03,3.531770547851920128e-03,2.570669865235686302e-03,1.865718979388475418e-03,1.394373713992536068e-03,2.604795154184103012e-03,3.981328103691339493e-03
5.882943049073219299e-02,1.426005270332098007e-02,5.833549052476882935e-02,7.577814161777496338e-02,1.628325879573822021e-01,9.926137514412403107e-03,2.048464119434356689e-02,6.506250053644180298e-02,1.177095249295234680e-01,4.077872261404991150e-02,2.101988643407821655e-01,2.648330107331275940e-02,9.792190045118331909e-03,2.414795197546482086e-02,1.699105091392993927e-02,6.238680798560380936e-03,7.555750198662281036e-03,1.410861872136592865e-02,5.202969536185264587e-03,1.191578619182109833e-02,3.204721724614500999e-03,8.841073140501976013e-03,2.933767158538103104e-03,2.653910079970955849e-03,4.837061278522014618e-03,2.926459070295095444e-03,1.873475499451160431e-03,1.986352028325200081e-03,2.152922330424189568e-03,3.180776257067918777e-03,1.214768737554550171e-03,3.189205657690763474e-03,1.606587669812142849e-03,1.381725771352648735e-03,3.008908359333872795e-03,3.308223560452461243e-03,4.604510031640529633e-03,2.246710704639554024e-03,1.450795796699821949e-03,5.828524474054574966e-03,2.825722796842455864e-03,2.270082011818885803e-03,2.516742795705795288e-03,5.636002402752637863e-03,1.840813201852142811e-03,5.868934560567140579e-03,2.011259784922003746e-03,1.957331784069538116e-03,3.396630054339766502e-03,4.768039565533399582e-03,2.408926840871572495e-03,3.032434498891234398e-03,5.618635099381208420e-03,4.343771841377019882e-03,3.817432327196002007e-03,4.430005326867103577e-03,4.172464832663536072e-03,1.872465480118989944e-03,7.766453549265861511e-03
1.012430712580680847e-01,9.840916097164154053e-02,5.225538462400436401e-02,3.005609475076198578e-02,9.537501931190490723e-01,2.048464119434356689e-02,2.074410673230886459e-03,2.478571683168411255e-01,1.016893237829208374e-01,3.452098369598388672e-02,2.657068334519863129e-02,2.177595160901546478e-03,4.055793955922126770e-02,9.062891826033592224e-03,5.799650214612483978e-03,5.337830167263746262e-03,2.833473728969693184e-03,1.182558480650186539e-02,9.999578818678855896e-03,3.926294390112161636e-03,4.752689041197299957e-03,2.720833988860249519e-03,3.956498578190803528e-03,2.601645421236753464e-03,7.957382127642631531e-03,6.341835949569940567e-03,1.558596850372850895e-03,3.526535583660006523e-03,9.587036329321563244e-04,1.573329325765371323e-03,1.085738535039126873e-03,1.964876428246498108e-03,2.062303945422172546e-03,1.152009586803615093e-03,3.201594576239585876e-03,1.864517922513186932e-03,9.454184211790561676e-03,2.026219386607408524e-03,2.375965239480137825e-03,5.383883602917194366e-03,3.972554579377174377e-03,2.695541596040129662e-03,3.284682519733905792e-03,3.962276037782430649e-03,1.749629504047334194e-03,3.697940614074468613e-03,2.497798064723610878e-03,3.112568985670804977e-03,7.624871563166379929e-03,1.682704547420144081e-03,2.675858791917562485e-03,1.911650993861258030e-03,5.377865396440029144e-03,4.123697988688945770e-03,5.231240764260292053e-03,7.542313542217016220e-03,4.221555311232805252e-03,3.622795455157756805e-03,1.056609582155942917e-02
3.238698467612266541e-02,1.279086321592330933e-01,1.421836763620376587e-01,9.917214512825012207e-01,9.409250020980834961e-01,6.506250053644180298e-02,2.478571683168411255e-01,3.894983790814876556e-03,2.936699613928794861e-02,4.245342686772346497e-02,8.067165315151214600e-02,1.893882639706134796e-03,2.356235496699810028e-02,1.106104534119367599e-02,1.024299766868352890e-02,1.887837611138820648e-02,3.382190130650997162e-03,1.672051660716533661e-02,3.426173236221075058e-03,4.620710853487253189e-03,3.584956284612417221e-03,2.732655499130487442e-03,2.343360800296068192e-03,1.299913274124264717e-03,3.847663057968020439e-03,5.379646085202693939e-03,1.715444028377532959e-03,2.031232463195919991e-03,1.264164224267005920e-03,1.381849520839750767e-03,9.045846527442336082e-04,2.217636443674564362e-03,1.342122093774378300e-03,1.114352722652256489e-03,3.328859107568860054e-03,6.925383117049932480e-03,5.917441099882125854e-03,1.377150183543562889e-03,1.370314275845885277e-03,8.774500340223312378e-03,2.963166916742920876e-03,1.446825102902948856e-03,1.948430086486041546e-03,4.053995478898286819e-03,1.561161247082054615e-03,3.287267405539751053e-03,1.860603108070790768e-03,2.627179725095629692e-03,3.731165779754519463e-03,3.361472859978675842e-03,2.036297228187322617e-03,1.699521439149975777e-03,4.282100126147270203e-03,3.593976376578211784e-03,1.531745307147502899e-03,2.189479302614927292e-03,1.990942051634192467e-03,1.522188889794051647e-03,3.026213264092803001e-03
1.867197453975677490e-02,2.421984076499938965e-02,9.798943065106868744e-03,1.599504947662353516e-01,9.733652323484420776e-02,1.177095249295234680e-01,1.016893237829208374e-01,2.936699613928794861e-02,5.377864837646484375e-02,1.805637031793594360e-02,1.422211155295372009e-02,1.472397297620773315e-01,2.864032983779907227e-03,3.420235821977257729e-03,2.525752410292625427e-02,8.316648192703723907e-03,7.645344734191894531e-02,1.427178829908370972e-02,1.542311813682317734e-02,2.983880601823329926e-02,4.996397718787193298e-02,3.048962680622935295e-03,3.385732648894190788e-03,1.261515659280121326e-03,2.807331038638949394e-03,2.313546137884259224e-03,1.466651097871363163e-03,1.781531493179500103e-03,3.059612587094306946e-03,1.229731482453644276e-03,2.853459445759654045e-03,1.370142097584903240e-03,1.622988726012408733e-03,2.465292811393737793e-03,2.454127417877316475e-03,1.663388102315366268e-03,2.080128993839025497e-03,5.438929423689842224e-03,2.256952691823244095e-03,1.612248946912586689e-03,7.836638018488883972e-03,7.200394291430711746e-03,2.367922337725758553e-03,2.317921025678515434e-03,6.335708778351545334e-03,3.377506509423255920e-03,5.394643638283014297e-03,2.257760381326079369e-03,5.867396481335163116e-03,2.583700697869062424e-03,2.562822774052619934e-03,6.117688026279211044e-03,5.604423582553863525e-03,1.880935742519795895e-03,1.615717425011098385e-03,2.361549530178308487e-03,6.096917670220136642e-03,2.129976172000169754e-03,4.146552644670009613e-03
2.368600852787494659e-02,7.239988539367914200e-03,6.233066320419311523e-03,2.705915644764900208e-02,8.383711799979209900e-03,4.077872261404991150e-02,3.452098369598388672e-02,4.245342686772346497e-02,1.805637031793594360e-02,7.590603083372116089e-02,1.131807044148445129e-01,1.412163972854614258e-01,4.578169882297515869e-01,3.496048972010612488e-02,7.678682357072830200e-02,1.788786798715591431e-02,2.055800706148147583e-02,1.650274172425270081e-02,7.581922691315412521e-03,6.761856377124786377e-02,1.227082964032888412e-02,2.890630858018994331e-03,2.937482669949531555e-03,2.247772412374615669e-03,2.607213333249092102e-03,1.890116021968424320e-03,1.557275885716080666e-03,2.013647230342030525e-03,1.833961345255374908e-03,1.339082722552120686e-03,1.899882801808416843e-03,1.900603412650525570e-03,2.790705068036913872e-03,3.595638088881969452e-03,3.889398649334907532e-03,3.452688222751021385e-03,3.294004593044519424e-03,5.749505013227462769e-03,1.353858038783073425e-03,2.174987923353910446e-03,5.198461934924125671e-03,2.886548871174454689e-03,2.272127429023385048e-03,2.337818033993244171e-03,2.594684949144721031e-03,3.479461884126067162e-03,3.031876636669039726e-03,1.311251893639564514e-03,6.565011106431484222e-03,2.230454003438353539e-03,1.923218485899269581e-03,4.953788127750158310e-03,3.423341549932956696e-03,1.745513407513499260e-03,2.212239895015954971e-03,2.152216620743274689e-03,3.143524983897805214e-03,3.165787784382700920e-03,4.915242549031972885e-03
2.603225782513618469e-02,3.957157582044601440e-02,1.292075216770172119e-02,1.783716976642608643e-01,1.757495664060115814e-02,2.101988643407821655e-01,2.657068334519863129e-02,8.067165315151214600e-02,1.422211155295372009e-02,1.131807044148445129e-01,6.472912500612437725e-04,1.048909593373537064e-02,4.594458341598510742e-01,1.199101358652114868e-01,1.908584535121917725e-01,7.816838473081588745e-02,1.476572304964065552e-01,1.064406149089336395e-02,1.169141195714473724e-02,2.630227617919445038e-02,5.222696345299482346e-03,2.618673490360379219e-03,3.328771796077489853e-03,9.983311174437403679e-04,2.249003620818257332e-03,1.308458507992327213e-03,2.926421584561467171e-03,1.600360847078263760e-03,9.775077924132347107e-04,1.475774333812296391e-03,1.222425489686429501e-03,8.434408227913081646e-04,9.223980596289038658e-04,1.329175778664648533e-03,3.504737280309200287e-03,3.534812713041901588e-03,1.766498945653438568e-02,3.822294995188713074e-03,1.662674010731279850e-03,5.497318692505359650e-03,5.419882945716381073e-03,1.902035903185606003e-03,4.152314271777868271e-03,2.397414995357394218e-03,2.822258276864886284e-03,1.911723054945468903e-03,1.344782765954732895e-03,4.297367762774229050e-03,2.993738278746604919e-03,6.582527421414852142e-03,1.437161816284060478e-03,3.114391118288040161e-03,4.393102135509252548e-03,2.443397184833884239e-03,1.611378160305321217e-03,1.685187220573425293e-03,1.746253110468387604e-03,2.019010949879884720e-03,4.290935117751359940e-03
8.573820814490318298e-03,6.684790831059217453e-03,4.037356469780206680e-03,5.496742669492959976e-03,5.058680661022663116e-03,2.648330107331275940e-02,2.177595160901546478e-03,1.893882639706134796e-03,1.472397297620773315e-01,1.412163972854614258e-01,1.048909593373537064e-02,1.405882835388183594e-02,2.711029723286628723e-02,6.422121822834014893e-02,3.996270895004272461e-01,1.266849786043167114e-02,8.240920305252075195e-02,1.915557496249675751e-02,2.695682644844055176e-02,5.735031142830848694e-02,1.970194093883037567e-02,4.002300091087818146e-03,3.671549493446946144e-03,2.258268417790532112e-03,2.579830121248960495e-03,2.689880551770329475e-03,1.972478348761796951e-03,2.347877947613596916e-03,3.103496506810188293e-03,1.613328582607209682e-03,2.753987209871411324e-03,2.612404059618711472e-03,3.678250126540660858e-03,4.311432130634784698e-03,3.518706886097788811e-03,3.002612153068184853e-03,3.071641316637396812e-03,5.635783541947603226e-03,1.563633792102336884e-03,3.459061495959758759e-03,5.555933807045221329e-03,5.501358304172754288e-03,2.196916379034519196e-03,3.649832680821418762e-03,8.794301189482212067e-03,5.339197348803281784e-03,4.650514572858810425e-03,3.872595727443695068e-03,3.647736972197890282e-03,2.174059860408306122e-03,3.222330939024686813e-03,8.610873483121395111e-03,2.648090478032827377e-03,2.978668315336108208e-03,4.024459514766931534e-03,4.010295029729604721e-03,3.716150531545281410e-03,3.769060829654335976e-03,4.344689659774303436e-03
1.445716340094804764e-02,2.180592529475688934e-02,3.287971019744873047e-02,1.360856648534536362e-02,6.449046544730663300e-03,9.792190045118331909e-03,4.055793955922126770e-02,2.356235496699810028e-02,2.864032983779907227e-03,4.578169882297515869e-01,4.594458341598510742e-01,2.711029723286628723e-02,7.579380180686712265e-04,5.531953275203704834e-02,2.381047047674655914e-02,2.188895344734191895e-01,6.805664859712123871e-03,1.485611032694578171e-02,4.257411882281303406e-02,2.047972567379474640e-02,9.746666066348552704e-03,2.237960696220397949e-03,2.567126881331205368e-03,1.459285500459372997e-03,4.183040466159582138e-03,2.926360117271542549e-03,1.910545979626476765e-03,2.862712368369102478e-03,1.910131541080772877e-03,2.118130913004279137e-03,2.684928011149168015e-03,2.148004714399576187e-03,1.654732041060924530e-03,1.406111288815736771e-03,3.042794298380613327e-03,3.740050829946994781e-03,6.886548828333616257e-03,4.856558050960302353e-03,1.898318994790315628e-03,2.810607431456446648e-03,3.761105472221970558e-03,1.357791828922927380e-03,3.047083038836717606e-03,4.066503606736660004e-03,2.723395591601729393e-03,1.985906856134533882e-03,1.471122959628701210e-03,3.902513300999999046e-03,1.143053639680147171e-02,6.012258119881153107e-03,1.755581935867667198e-03,3.030054038390517235e-03,1.012862380594015121e-02,3.847199259325861931e-03,2.614093013107776642e-03,6.829761434346437454e-03,3.823889652267098427e-03,5.224145948886871338e-03,6.497300229966640472e-03
9.852143935859203339e-03,1.307658012956380844e-02,1.061837282031774521e-02,1.750334165990352631e-02,2.977856434881687164e-02,2.414795197546482086e-02,9.062891826033592224e-03,1.106104534119367599e-02,3.420235821977257729e-03,3.496048972010612488e-02,1.199101358652114868e-01,6.422121822834014893e-02,5.531953275203704834e-02,2.254992723464965820e-03,3.299846127629280090e-02,1.955819278955459595e-01,6.409995723515748978e-03,1.005582883954048157e-02,1.178037934005260468e-02,1.031624246388673782e-02,3.549527609720826149e-03,2.074545947834849358e-03,4.258095286786556244e-03,2.420942531898617744e-03,4.097299650311470032e-03,4.928096197545528412e-03,2.188983606174588203e-03,3.175155725330114365e-03,2.865426242351531982e-03,3.101912327110767365e-03,3.098873188719153404e-03,2.524482784792780876e-03,4.071631934493780136e-03,5.970538593828678131e-03,3.467650851234793663e-03,5.021052435040473938e-03,6.061514373868703842e-03,3.303032601252198219e-03,3.458961378782987595e-03,3.484588116407394409e-03,7.146787829697132111e-03,2.756464760750532150e-03,6.533573381602764130e-03,6.882564630359411240e-03,4.487649537622928619e-03,4.936893470585346222e-03,2.585715381428599358e-03,2.879933221265673637e-03,3.993330523371696472e-03,6.242927629500627518e-03,2.046728739514946938e-03,2.793719060719013214e-03,6.614408921450376511e-03,2.995953662320971489e-03,2.383304992690682411e-03,4.257498774677515030e-03,3.658285364508628845e-03,6.241744384169578552e-03,4.421420861035585403e-03
7.778806146234273911e-03,4.856940358877182007e-03,4.547139164060354233e-03,8.186670951545238495e-03,1.866859500296413898e-03,1.699105091392993927e-02,5.799650214612483978e-03,1.024299766868352890e-02,2.525752410292625427e-02,7.678682357072830200e-02,1.908584535121917725e-01,3.996270895004272461e-01,2.381047047674655914e-02,3.299846127629280090e-02,4.325092211365699768e-02,3.401530906558036804e-02,3.133794367313385010e-01,4.200205206871032715e-02,1.162285078316926956e-02,1.252620294690132141e-02,2.740098536014556885e-02,2.158120041713118553e-03,9.549404494464397430e-03,9.410756756551563740e-04,3.422172274440526962e-03,1.404064591042697430e-03,1.465482637286186218e-03,3.296717070043087006e-03,3.455716650933027267e-03,1.989844953641295433e-03,4.783080890774726868e-03,2.671082038432359695e-03,2.374175470322370529e-03,2.989096101373434067e-03,3.657164517790079117e-03,3.656613873317837715e-03,2.973024733364582062e-03,7.855230942368507385e-03,2.432261360809206963e-03,2.848908305168151855e-03,9.161503054201602936e-03,7.554498501121997833e-03,2.117768162861466408e-03,1.842654193751513958e-03,2.801460912451148033e-03,5.264304578304290771e-03,2.947423607110977173e-03,2.759258029982447624e-03,3.752129152417182922e-03,1.601105323061347008e-03,2.299648476764559746e-03,6.788928527384996414e-03,4.659553058445453644e-03,3.622779855504631996e-03,2.255709609016776085e-03,2.839676570147275925e-03,5.687274038791656494e-03,3.237538738176226616e-03,1.704119495116174221e-03
8.604765869677066803e-03,6.442227400839328766e-03,1.001361291855573654e-02,4.839079454541206360e-03,6.015120074152946472e-03,6.238680798560380936e-03,5.337830167263746262e-03,1.887837611138820648e-02,8.316648192703723907e-03,1.788786798715591431e-02,7.816838473081588745e-02,1.266849786043167114e-02,2.188895344734191895e-01,1.955819278955459595e-01,3.401530906558036804e-02,1.697391853667795658e-03,2.037711814045906067e-02,5.334458947181701660e-01,1.760631650686264038e-01,9.330252185463905334e-03,4.125357139855623245e-03,9.947063401341438293e-03,4.422186873853206635e-03,3.130233148112893105e-03,5.949673242866992950e-03,3.352098865434527397e-03,2.889679977670311928e-03,2.958638360723853111e-03,3.147904295474290848e-03,5.321568343788385391e-03,1.662431750446557999e-03,1.173913944512605667e-02,2.606372581794857979e-03,3.346801269799470901e-03,3.104664850980043411e-03,3.509983653202652931e-03,1.134496182203292847e-02,1.529773930087685585e-03,1.885727746412158012e-03,3.417067928239703178e-03,3.349194535985589027e-03,2.852661767974495888e-03,3.908796235918998718e-03,3.784137777984142303e-03,4.303184337913990021e-03,2.715950133278965950e-03,1.712660072371363640e-03,4.177260212600231171e-03,3.515984397381544113e-03,2.549975877627730370e-03,3.227984532713890076e-03,1.996940933167934418e-03,3.508152905851602554e-03,2.029991010203957558e-03,4.784131888300180435e-03,6.766324397176504135e-03,4.142953082919120789e-03,1.476309844292700291e-03,5.710266996175050735e-03
4.976066295057535172e-03,3.460840554907917976e-03,3.602586220949888229e-03,4.861939698457717896e-03,3.482101950794458389e-03,7.555750198662281036e-03,2.833473728969693184e-03,3.382190130650997162e-03,7.645344734191894531e-02,2.055800706148147583e-02,1.476572304964065552e-01,8.240920305252075195e-02,6.805664859712123871e-03,6.409995723515748978e-03,3.133794367313385010e-01,2.037711814045906067e-02,1.415718439966440201e-02,3.938911482691764832e-02,1.066268086433410645e-01,7.016725838184356689e-02,7.633899897336959839e-02,1.104612648487091064e-02,3.747474635019898415e-03,1.888570375740528107e-03,1.510534319095313549e-03,1.224958221428096294e-03,2.173600485548377037e-03,2.942257095128297806e-03,7.344909012317657471e-03,2.323556924238801003e-03,3.081433940678834915e-03,3.249561879783868790e-03,4.661375656723976135e-03,1.072929985821247101e-02,9.306763298809528351e-03,1.211490482091903687e-03,3.327527083456516266e-03,1.552158407866954803e-02,2.102594356983900070e-03,1.960118999704718590e-03,7.162157911807298660e-03,9.393402375280857086e-03,1.906465040519833565e-03,2.116438467055559158e-03,7.622601930052042007e-03,4.403539933264255524e-03,5.852229427546262741e-03,3.318195929750800133e-03,5.136849358677864075e-03,1.695321290753781796e-03,3.872441593557596207e-03,4.971888847649097443e-03,2.961679594591259956e-03,2.201986499130725861e-03,2.244099741801619530e-03,3.424578113481402397e-03,4.698476754128932953e-03,2.638503676280379295e-03,4.697197116911411285e-03
1.676431857049465179e-02,6.004341412335634232e-03,7.108561228960752487e-03,1.748593151569366455e-02,3.090059151872992516e-03,1.410861872136592865e-02,1.182558480650186539e-02,1.672051660716533661e-02,1.427178829908370972e-02,1.650274172425270081e-02,1.064406149089336395e-02,1.915557496249675751e-02,1.485611032694578171e-02,1.005582883954048157e-02,4.200205206871032715e-02,5.334458947181701660e-01,3.938911482691764832e-02,1.281921286135911942e-03,3.687704354524612427e-02,2.254624366760253906e-01,5.433889105916023254e-03,1.775277107954025269e-01,3.068379359319806099e-03,1.291687972843647003e-02,4.435268230736255646e-03,2.342310035601258278e-03,2.654499374330043793e-03,5.205887369811534882e-03,4.138519056141376495e-03,2.241848036646842957e-03,3.690083744004368782e-03,3.388006938621401787e-03,4.322663880884647369e-03,5.308100022375583649e-03,4.573501646518707275e-03,3.958282526582479477e-03,5.139932967722415924e-03,9.192685596644878387e-03,2.612712327390909195e-03,2.453008200973272324e-03,5.809699185192584991e-03,1.823144964873790741e-03,1.413471996784210205e-03,2.548280870541930199e-03,2.563707763329148293e-03,4.227633122354745865e-03,2.676365431398153305e-03,2.267396543174982071e-03,4.258279222995042801e-03,2.715151757001876831e-03,2.159802708774805069e-03,2.108604880049824715e-03,3.720055799931287766e-03,2.252708887681365013e-03,2.070781541988253593e-03,1.924460055306553841e-03,4.697879310697317123e-03,2.113548107445240021e-03,5.678832065314054489e-03
4.263835027813911438e-03,3.027964616194367409e-03,2.312660450115799904e-03,7.063531316816806793e-03,2.521363086998462677e-03,5.202969536185264587e-03,9.999578818678855896e-03,3.426173236221075058e-03,1.542311813682317734e-02,7.581922691315412521e-03,1.169141195714473724e-02,2.695682644844055176e-02,4.257411882281303406e-02,1.178037934005260468e-02,1.162285078316926956e-02,1.760631650686264038e-01,1.066268086433410645e-01,3.687704354524612427e-02,2.430075779557228088e-03,4.022860527038574219e-02,4.759422540664672852e-01,9.324405342340469360e-03,1.674634404480457306e-03,3.525664506014436483e-04,1.012683031149208546e-03,1.009225845336914062e-03,5.760740954428911209e-03,2.238970249891281128e-03,1.951403333805501461e-03,5.728269461542367935e-03,1.958575844764709473e-02,1.548528764396905899e-02,3.637382760643959045e-03,2.344909682869911194e-02,6.732641253620386124e-03,4.569925367832183838e-03,1.179746631532907486e-02,1.727142930030822754e-02,5.967593751847743988e-03,2.640801016241312027e-03,8.889460004866123199e-03,7.623385172337293625e-03,3.536250907927751541e-03,7.373587228357791901e-03,2.133105881512165070e-02,4.262616392225027084e-03,2.569032134488224983e-03,1.871385844424366951e-03,6.885661743581295013e-03,2.488799160346388817e-03,3.058427479118108749e-03,2.673127921298146248e-03,2.435702597722411156e-03,2.639910904690623283e-03,1.499881967902183533e-03,2.410912187770009041e-03,3.609596984460949898e-03,3.728971816599369049e-03,3.940414171665906906e-03
4.412597045302391052e-03,2.615152625367045403e-03,3.550303634256124496e-03,2.581206150352954865e-03,2.474393928423523903e-03,1.191578619182109833e-02,3.926294390112161636e-03,4.620710853487253189e-03,2.983880601823329926e-02,6.761856377124786377e-02,2.630227617919445038e-02,5.735031142830848694e-02,2.047972567379474640e-02,1.031624246388673782e-02,1.252620294690132141e-02,9.330252185463905334e-03,7.016725838184356689e-02,2.254624366760253906e-01,4.022860527038574219e-02,4.446300491690635681e-02,5.085795000195503235e-02,2.377606555819511414e-02,5.711764562875032425e-03,4.817153327167034149e-03,2.204425865784287453e-03,2.010317286476492882e-03,2.759935101494193077e-03,5.103225819766521454e-03,1.801283471286296844e-02,4.300841595977544785e-03,5.982714239507913589e-03,6.066491827368736267e-03,7.851612754166126251e-03,8.394187316298484802e-03,1.026641204953193665e-02,2.510147402063012123e-03,2.730442211031913757e-03,1.111278589814901352e-02,2.416786504909396172e-03,9.507884387858211994e-04,3.605413250625133514e-03,5.417757201939821243e-03,2.028067596256732941e-03,1.410617725923657417e-03,4.120452795177698135e-03,3.866842715069651604e-03,4.432795103639364243e-03,3.329246537759900093e-03,3.955083899199962616e-03,1.538419513963162899e-03,3.107904689386487007e-03,3.700569970533251762e-03,1.564865582622587681e-03,2.150669693946838379e-03,2.413022331893444061e-03,3.219895530492067337e-03,1.100327074527740479e-02,4.685050342231988907e-03,2.892911667004227638e-03
3.174050943925976753e-03,2.025678521022200584e-03,2.578861080110073090e-03,3.150163218379020691e-03,1.449981005862355232e-03,3.204721724614500999e-03,4.752689041197299957e-03,3.584956284612417221e-03,4.996397718787193298e-02,1.227082964032888412e-02,5.222696345299482346e-03,1.970194093883037567e-02,9.746666066348552704e-03,3.549527609720826149e-03,2.740098536014556885e-02,4.125357139855623245e-03,7.633899897336959839e-02,5.433889105916023254e-03,4.759422540664672852e-01,5.085795000195503235e-02,2.299532759934663773e-03,9.906338527798652649e-03,6.274625193327665329e-03,6.921642343513667583e-04,7.143370457924902439e-04,8.681625477038323879e-04,2.374709816649556160e-03,5.310743581503629684e-03,2.192939631640911102e-02,4.671304021030664444e-03,4.303055629134178162e-02,6.136652547866106033e-03,6.605710089206695557e-02,9.635953605175018311e-02,2.499170973896980286e-02,2.899922663345932961e-03,5.594254937022924423e-03,9.925099462270736694e-02,9.792277589440345764e-03,3.342152340337634087e-03,1.631570421159267426e-02,2.041129022836685181e-02,2.688509412109851837e-03,3.139363136142492294e-03,7.720758672803640366e-03,5.421027075499296188e-03,5.494207143783569336e-03,1.965039176866412163e-03,4.758383147418498993e-03,1.419503125362098217e-03,5.644099786877632141e-03,5.161635577678680420e-03,1.824942883104085922e-03,1.663237577304244041e-03,2.651844639331102371e-03,1.846814877353608608e-03,2.776297973468899727e-03,3.299168776720762253e-03,2.878998173400759697e-03
2.777935238555073738e-03,1.282287063077092171e-03,2.810003468766808510e-03,3.409227356314659119e-03,1.803981955163180828e-03,8.841073140501976013e-03,2.720833988860249519e-03,2.732655499130487442e-03,3.048962680622935295e-03,2.890630858018994331e-03,2.618673490360379219e-03,4.002300091087818146e-03,2.237960696220397949e-03,2.074545947834849358e-03,2.158120041713118553e-03,9.947063401341438293e-03,1.104612648487091064e-02,1.775277107954025269e-01,9.324405342340469360e-03,2.377606555819511414e-02,9.906338527798652649e-03,5.589533131569623947e-03,7.394595444202423096e-02,1.674814894795417786e-02,2.323301136493682861e-02,3.858349751681089401e-03,9.982943534851074219e-03,3.465868532657623291e-02,3.684968501329421997e-02,4.093671590089797974e-02,5.482610315084457397e-02,9.388933181762695312e-01,5.052830278873443604e-02,1.112273707985877991e-02,8.494121953845024109e-03,5.430931225419044495e-03,2.385270548984408379e-03,6.211339030414819717e-03,5.343982949852943420e-03,1.929574762471020222e-03,5.391786340624094009e-03,3.806871362030506134e-03,2.863697940483689308e-03,1.421980443410575390e-03,2.582529792562127113e-03,5.644552409648895264e-03,3.924910910427570343e-03,4.022006411105394363e-03,2.462454140186309814e-03,2.411460503935813904e-03,2.587371040135622025e-03,2.388954162597656250e-03,3.060681512579321861e-03,5.603169556707143784e-03,1.499305828474462032e-03,2.307537943124771118e-03,6.879211869090795517e-03,2.665119711309671402e-03,2.650311682373285294e-03
1.403364702127873898e-03,1.550094806589186192e-03,3.566102590411901474e-03,1.923231291584670544e-03,1.945065218023955822e-03,2.933767158538103104e-03,3.956498578190803528e-03,2.343360800296068192e-03,3.385732648894190788e-03,2.937482669949531555e-03,3.328771796077489853e-03,3.671549493446946144e-03,2.567126881331205368e-03,4.258095286786556244e-03,9.549404494464397430e-03,4.422186873853206635e-03,3.747474635019898415e-03,3.068379359319806099e-03,1.674634404480457306e-03,5.711764562875032425e-03,6.274625193327665329e-03,7.394595444202423096e-02,2.020695945248007774e-03,5.146474111825227737e-03,5.390067771077156067e-02,2.507212106138467789e-03,2.347425073385238647e-01,8.888901025056838989e-02,2.245807349681854248e-01,1.265065670013427734e-01,2.182099223136901855e-01,1.164017021656036377e-01,3.480390086770057678e-02,8.974098600447177887e-03,8.908528834581375122e-03,5.555543582886457443e-03,3.421931760385632515e-03,1.579320058226585388e-02,6.731225643306970596e-03,1.715847523882985115e-03,5.213013850152492523e-03,1.101594977080821991e-02,2.755805617198348045e-03,1.681202556937932968e-03,5.620225332677364349e-03,5.458472296595573425e-03,3.530730493366718292e-03,2.694220282137393951e-03,2.885332098230719566e-03,2.470161532983183861e-03,5.812440533190965652e-03,1.555791962891817093e-02,8.530325256288051605e-03,8.344221860170364380e-03,2.677341690286993980e-03,1.854617614299058914e-03,7.516725454479455948e-03,1.683723879978060722e-03,1.613420667126774788e-03
3.411669749766588211e-03,2.835526596754789352e-03,3.429421223700046539e-03,2.470733830705285072e-03,3.517444944009184837e-03,2.653910079970955849e-03,2.601645421236753464e-03,1.299913274124264717e-03,1.261515659280121326e-03,2.247772412374615669e-03,9.983311174437403679e-04,2.258268417790532112e-03,1.459285500459372997e-03,2.420942531898617744e-03,9.410756756551563740e-04,3.130233148112893105e-03,1.888570375740528107e-03,1.291687972843647003e-02,3.525664506014436483e-04,4.817153327167034149e-03,6.921642343513667583e-04,1.674814894795417786e-02,5.146474111825227737e-03,2.382979728281497955e-03,1.871535554528236389e-02,1.634682863950729370e-01,9.173606634140014648e-01,4.020126461982727051e-01,1.181430220603942871e-01,7.139297723770141602e-01,1.823590509593486786e-02,7.572885155677795410e-01,2.921730577945709229e-01,5.302375182509422302e-03,6.237335968762636185e-03,7.967325858771800995e-03,3.482702653855085373e-03,2.569749485701322556e-03,5.259953904896974564e-03,2.597718965262174606e-03,3.245054977014660835e-03,1.819156692363321781e-03,2.007763599976897240e-03,3.005966078490018845e-03,6.966298911720514297e-03,8.010557852685451508e-03,3.099662950262427330e-03,7.266987115144729614e-03,3.849820466712117195e-03,8.353068493306636810e-03,5.359982140362262726e-03,1.685443916358053684e-03,1.943895360454916954e-03,7.687381934374570847e-03,4.440623801201581955e-03,4.319231957197189331e-03,4.250764381140470505e-03,2.756671747192740440e-03,1.969290431588888168e-03
5.261316429823637009e-03,7.450336590409278870e-03,8.297054097056388855e-03,5.277980584651231766e-03,2.663098974153399467e-03,4.837061278522014618e-03,7.957382127642631531e-03,3.847663057968020439e-03,2.807331038638949394e-03,2.607213333249092102e-03,2.249003620818257332e-03,2.579830121248960495e-03,4.183040466159582138e-03,4.097299650311470032e-03,3.422172274440526962e-03,5.949673242866992950e-03,1.510534319095313549e-03,4.435268230736255646e-03,1.012683031149208546e-03,2.204425865784287453e-03,7.143370457924902439e-04,2.323301136493682861e-02,5.390067771077156067e-02,1.871535554528236389e-02,1.890826039016246796e-03,8.130305260419845581e-02,6.007138267159461975e-02,8.563944697380065918e-02,2.074895985424518585e-02,1.436035782098770142e-01,1.522117294371128082e-02,8.908898383378982544e-02,2.851474098861217499e-02,9.975128807127475739e-03,8.056399412453174591e-03,1.155193056911230087e-02,7.373314816504716873e-03,2.804611809551715851e-03,9.138171561062335968e-03,4.266376607120037079e-03,4.230177029967308044e-03,1.342651434242725372e-03,3.423722228035330772e-03,4.360236693173646927e-03,3.765730420127511024e-03,3.591677406802773476e-03,3.268693573772907257e-03,9.855638258159160614e-03,4.378034267574548721e-03,9.799923747777938843e-03,8.615181781351566315e-03,1.676480285823345184e-03,6.293041165918111801e-03,1.424054801464080811e-02,2.691520843654870987e-03,3.939740359783172607e-03,4.458961542695760727e-03,5.602226592600345612e-03,3.377109998837113380e-03
1.272866316139698029e-02,1.138267107307910919e-02,8.546815253794193268e-03,2.901286585256457329e-03,7.310286164283752441e-03,2.926459070295095444e-03,6.341835949569940567e-03,5.379646085202693939e-03,2.313546137884259224e-03,1.890116021968424320e-03,1.308458507992327213e-03,2.689880551770329475e-03,2.926360117271542549e-03,4.928096197545528412e-03,1.404064591042697430e-03,3.352098865434527397e-03,1.224958221428096294e-03,2.342310035601258278e-03,1.009225845336914062e-03,2.010317286476492882e-03,8.681625477038323879e-04,3.858349751681089401e-03,2.507212106138467789e-03,1.634682863950729370e-01,8.130305260419845581e-02,8.703794446773827076e-04,2.177871763706207275e-01,7.192135602235794067e-02,1.145344786345958710e-02,6.466991454362869263e-02,7.751123979687690735e-03,7.471319288015365601e-02,3.788129240274429321e-02,2.501565730199217796e-03,6.921226624399423599e-03,1.129597984254360199e-02,4.245697520673274994e-03,2.508136443793773651e-03,8.830419741570949554e-03,6.957187317311763763e-03,2.659250283613801003e-03,1.465721172280609608e-03,8.898863568902015686e-03,1.057825144380331039e-02,4.076647106558084488e-03,7.219330407679080963e-03,4.108397755771875381e-03,2.586520090699195862e-02,1.347201969474554062e-02,4.686093702912330627e-02,1.486837677657604218e-02,1.938714180141687393e-03,4.960783291608095169e-03,9.751425124704837799e-03,6.213905755430459976e-03,7.679736707359552383e-03,8.617694489657878876e-03,3.021610202267765999e-03,3.964259754866361618e-03
6.733499001711606979e-03,3.347181482240557671e-03,2.508661476895213127e-03,1.552912173792719841e-03,2.092762617394328117e-03,1.873475499451160431e-03,1.558596850372850895e-03,1.715444028377532959e-03,1.466651097871363163e-03,1.557275885716080666e-03,2.926421584561467171e-03,1.972478348761796951e-03,1.910545979626476765e-03,2.188983606174588203e-03,1.465482637286186218e-03,2.889679977670311928e-03,2.173600485548377037e-03,2.654499374330043793e-03,5.760740954428911209e-03,2.759935101494193077e-03,2.374709816649556160e-03,9.982943534851074219e-03,2.347425073385238647e-01,9.173606634140014648e-01,6.007138267159461975e-02,2.177871763706207275e-01,9.072147076949477196e-04,8.942467719316482544e-02,9.427975118160247803e-02,8.358494043350219727e-01,2.680968493223190308e-02,6.693844497203826904e-02,5.321484059095382690e-02,3.462819615378975868e-03,2.479812595993280411e-03,5.250160582363605499e-03,2.776663517579436302e-03,2.839475637301802635e-03,8.094832301139831543e-03,2.730753738433122635e-03,2.137879608199000359e-03,2.577967243269085884e-03,5.838928278535604477e-03,2.544390968978404999e-03,7.308753672987222672e-03,4.610370844602584839e-03,2.798312343657016754e-03,1.043042819947004318e-02,4.767313599586486816e-03,1.376850716769695282e-02,4.677258431911468506e-03,2.544803544878959656e-03,4.755888599902391434e-03,5.333277862519025803e-03,3.295114962384104729e-03,3.447774332016706467e-03,3.578549018129706383e-03,2.041110070422291756e-03,4.107449669390916824e-03
