1.539769349619746208e-03,3.498576581478118896e-02,1.163627207279205322e-01,7.507674396038055420e-02,2.934794127941131592e-01,2.894738875329494476e-02,6.049766391515731812e-02,7.599124312400817871e-02,2.782672457396984100e-02,1.670872233808040619e-02,2.526682801544666290e-02,8.099558763206005096e-03,6.765760947018861771e-03,7.837565615773200989e-03,4.658619873225688934e-03,9.380410425364971161e-03,2.287939423695206642e-03,8.466917090117931366e-03,5.034288391470909119e-03,1.958831911906599998e-03,4.995626863092184067e-03,2.088998910039663315e-03,1.597233233042061329e-03,3.041835268959403038e-03,3.230736823752522469e-03,5.976541433483362198e-03,4.542841576039791107e-03,4.840259905904531479e-03,2.181476680561900139e-03,2.906808163970708847e-03,2.416516421362757683e-03,5.651308689266443253e-03,3.137502819299697876e-03,1.830038265325129032e-03,5.731719080358743668e-03,9.833796881139278412e-03,4.158780910074710846e-03,3.107154276221990585e-03,3.354765009135007858e-03,9.107365272939205170e-03,2.075375523418188095e-03,2.350963652133941650e-03,3.019472118467092514e-03,6.931892596185207367e-03,2.781345508992671967e-03,4.030088428407907486e-03,2.558751264587044716e-03,3.527644788846373558e-03,7.843759842216968536e-03,8.914753794670104980e-03,4.280604422092437744e-03,5.210232920944690704e-03,3.812883514910936356e-03,5.268728360533714294e-03,1.073038857430219650e-02,6.032241974025964737e-03,4.462234675884246826e-03,3.002383979037404060e-03,5.109730176627635956e-03
3.498576581478118896e-02,3.890100866556167603e-03,2.909016907215118408e-01,3.795004636049270630e-02,3.371003866195678711e-01,1.812093704938888550e-02,6.341159343719482422e-02,4.968208447098731995e-02,1.641360670328140259e-02,1.395416818559169769e-02,3.757475689053535461e-02,9.661128744482994080e-03,1.633874885737895966e-02,6.391820497810840607e-03,6.041437387466430664e-03,4.494887776672840118e-03,2.643728861585259438e-03,1.052328012883663177e-02,2.856282750144600868e-03,1.278835348784923553e-03,3.070763777941465378e-03,2.413413487374782562e-03,2.568383468315005302e-03,3.306772559881210327e-03,3.599814139306545258e-03,6.866954267024993896e-03,3.278264775872230530e-03,4.146222025156021118e-03,1.900545670650899410e-03,1.836262876167893410e-03,5.330597050487995148e-03,5.173507612198591232e-03,6.385343149304389954e-03,2.610645256936550140e-03,6.541083566844463348e-03,7.528879679739475250e-03,2.267765812575817108e-02,2.699677599593997002e-03,4.387243185192346573e-03,8.074088953435420990e-03,3.868927713483572006e-03,2.377425786107778549e-03,4.621358122676610947e-03,5.271365400403738022e-03,3.816599957644939423e-03,2.493208041414618492e-03,1.998821273446083069e-03,3.472119104117155075e-03,4.358390811830759048e-03,4.160453565418720245e-03,2.030560979619622231e-03,2.723851474002003670e-03,2.041369443759322166e-03,3.947956021875143051e-03,3.726372262462973595e-03,8.820291608572006226e-03,2.813210710883140564e-03,3.492302726954221725e-03,2.163956314325332642e-02
1.163627207279205322e-01,2.909016907215118408e-01,3.561645746231079102e-02,1.448135524988174438e-01,2.953345179557800293e-01,5.090555921196937561e-02,3.323088958859443665e-02,1.466522365808486938e-01,2.957081422209739685e-02,8.634041994810104370e-03,1.763665489852428436e-02,8.664453402161598206e-03,5.593395791947841644e-03,5.769405048340559006e-03,5.010652821511030197e-03,3.990049008280038834e-03,2.624311251565814018e-03,4.817766137421131134e-03,4.878247622400522232e-03,3.937574103474617004e-03,3.621609881520271301e-03,3.302773693576455116e-03,1.848906511440873146e-03,3.383975941687822342e-03,5.451784469187259674e-03,5.583733785897493362e-03,2.643586834892630577e-03,4.360785707831382751e-03,2.458085538819432259e-03,2.120813587680459023e-03,1.470142742618918419e-03,4.392697475850582123e-03,2.144879428669810295e-03,1.786671578884124756e-03,4.561612382531166077e-03,4.723827354609966278e-03,4.997283685952425003e-03,3.295562695711851120e-03,2.257798798382282257e-03,3.716959385201334953e-03,3.012874629348516464e-03,2.704530954360961914e-03,3.636757144704461098e-03,4.732821136713027954e-03,2.594321966171264648e-03,2.945046406239271164e-03,2.704163081943988800e-03,3.300620941445231438e-03,8.863974362611770630e-03,3.273268695920705795e-03,3.104737261310219765e-03,2.780669601634144783e-03,4.298226907849311829e-03,5.369852297008037567e-03,9.311209432780742645e-03,4.444850143045186996e-03,3.863044315949082375e-03,3.166117705404758453e-03,7.649141363799571991e-03
7.507674396038055420e-02,3.795004636049270630e-02,1.448135524988174438e-01,7.162686437368392944e-02,6.509911417961120605e-01,9.459934383630752563e-02,1.400203350931406021e-02,9.788363575935363770e-01,9.447980523109436035e-01,1.041913405060768127e-02,7.788030058145523071e-02,1.404199656099081039e-02,1.915849559009075165e-02,3.021565079689025879e-02,1.407819427549839020e-02,2.888031769543886185e-03,6.026823073625564575e-03,3.079082584008574486e-03,3.193795913830399513e-03,2.858547493815422058e-03,4.046067129820585251e-03,3.234605537727475166e-03,3.711700672283768654e-03,1.848318730480968952e-03,2.516181441023945808e-03,2.993618603795766830e-03,1.481498125940561295e-03,3.105975687503814697e-03,1.879188232123851776e-03,1.685849274508655071e-03,1.889102626591920853e-03,8.198673021979629993e-04,1.877329777926206589e-03,3.908781334757804871e-03,3.527368418872356415e-03,1.807086053304374218e-03,1.597158028744161129e-03,3.214962081983685493e-03,8.572996011935174465e-04,2.392188413068652153e-03,2.876732265576720238e-03,6.659360602498054504e-03,1.740292762406170368e-03,1.675013103522360325e-03,2.560878172516822815e-03,1.857243711128830910e-03,1.661849557422101498e-03,1.758425380103290081e-03,3.775237826630473137e-03,1.072212238796055317e-03,1.933346269652247429e-03,4.399977158755064011e-03,3.893265035003423691e-03,1.988528296351432800e-03,1.552142668515443802e-03,1.950262347236275673e-03,3.138274187222123146e-03,1.733435434289276600e-03,5.356496199965476990e-03
2.934794127941131592e-01,3.371003866195678711e-01,2.953345179557800293e-01,6.509911417961120605e-01,8.064786903560161591e-03,3.362359851598739624e-02,9.657058715820312500e-01,9.431347250938415527e-01,4.959284327924251556e-03,2.148948796093463898e-02,6.075710430741310120e-02,3.430259181186556816e-03,1.113260164856910706e-02,8.367217145860195160e-03,3.710898803547024727e-03,3.903744043782353401e-03,3.513546194881200790e-03,2.158758928999304771e-03,4.165959544479846954e-03,1.973366597667336464e-03,1.521557802334427834e-03,2.105760388076305389e-03,2.970107365399599075e-03,3.094151383265852928e-03,2.165330341085791588e-03,4.690939560532569885e-03,1.507416251115500927e-03,2.280697226524353027e-03,1.696740742772817612e-03,1.933245919644832611e-03,1.174058765172958374e-03,1.843968406319618225e-03,2.441386226564645767e-03,3.467779373750090599e-03,6.520991679280996323e-03,4.349223803728818893e-03,3.500730963423848152e-03,2.121494850143790245e-03,2.791543724015355110e-03,2.731648739427328110e-03,1.657137065194547176e-03,1.700885128229856491e-03,2.530492376536130905e-03,1.661283196881413460e-03,1.649883575737476349e-03,2.282051835209131241e-03,1.233365037478506565e-03,2.552275080233812332e-03,3.174111247062683105e-03,3.724666079506278038e-03,3.441407345235347748e-03,2.425792394205927849e-03,2.129631349816918373e-03,3.783605759963393211e-03,5.483363289386034012e-03,3.644331125542521477e-03,3.657159162685275078e-03,2.181653166189789772e-03,8.284895680844783783e-03
2.894738875329494476e-02,1.812093704938888550e-02,5.090555921196937561e-02,9.459934383630752563e-02,3.362359851598739624e-02,3.379322588443756104e-02,4.766121134161949158e-02,3.221093118190765381e-02,1.193884909152984619e-01,3.797163814306259155e-02,2.367828041315078735e-02,9.716350585222244263e-03,7.693826686590909958e-03,7.440593093633651733e-03,1.121780928224325180e-02,8.671110495924949646e-03,7.060020230710506439e-03,1.166327949613332748e-02,6.097900215536355972e-03,7.241359911859035492e-03,6.482641212642192841e-03,5.459968466311693192e-03,8.433822542428970337e-03,5.553528666496276855e-03,4.861295688897371292e-03,7.011735811829566956e-03,1.632056199014186859e-03,4.643908701837062836e-03,2.902921754866838455e-03,3.484697313979268074e-03,2.593243960291147232e-03,4.163593985140323639e-03,3.154423320665955544e-03,2.407684922218322754e-03,4.789493046700954437e-03,3.322735894471406937e-03,4.947725217789411545e-03,2.872491022571921349e-03,2.541443565860390663e-03,2.153531881049275398e-03,2.464480232447385788e-03,2.794102765619754791e-03,1.860824530012905598e-03,2.968928543850779533e-03,2.953724935650825500e-03,2.823657123371958733e-03,2.870847238227725029e-03,2.277645980939269066e-03,3.617291571572422981e-03,1.938389614224433899e-03,2.855721861124038696e-03,2.779610687866806984e-03,2.537085907533764839e-03,4.577943123877048492e-03,5.913692526519298553e-03,6.409928668290376663e-03,4.183819051831960678e-03,4.449201282113790512e-03,9.119637310504913330e-03
6.049766391515731812e-02,6.341159343719482422e-02,3.323088958859443665e-02,1.400203350931406021e-02,9.657058715820312500e-01,4.766121134161949158e-02,3.029243089258670807e-03,2.962301969528198242e-01,3.051122277975082397e-02,5.836325138807296753e-02,2.189966477453708649e-02,1.023289933800697327e-02,2.014384232461452484e-02,5.298691801726818085e-03,4.418768454343080521e-03,1.088577322661876678e-02,3.167553571984171867e-03,7.915802299976348877e-03,6.343824788928031921e-03,3.364063100889325142e-03,4.414826631546020508e-03,1.592568936757743359e-03,1.875434652902185917e-03,3.619311843067407608e-03,8.006008341908454895e-03,1.836695708334445953e-02,2.068825531750917435e-03,2.731564221903681755e-03,1.817385200411081314e-03,2.120963996276259422e-03,4.025937523692846298e-03,2.319417893886566162e-03,2.143621677532792091e-03,1.174341770820319653e-03,6.226212251931428909e-03,7.878927513957023621e-03,7.544705644249916077e-03,2.300030319020152092e-03,3.149658674374222755e-03,6.284155417233705521e-03,2.844863804057240486e-03,2.090998692438006401e-03,3.297569695860147476e-03,2.328913426026701927e-03,1.486237393692135811e-03,2.183476928621530533e-03,1.174434553831815720e-03,2.936593024060130119e-03,5.556260235607624054e-03,1.838706433773040771e-03,2.336251549422740936e-03,3.085912205278873444e-03,4.636779427528381348e-03,3.049308666959404945e-03,8.552016690373420715e-03,3.672959050163626671e-03,3.923777490854263306e-03,4.412725102156400681e-03,7.343205157667398453e-03
7.599124312400817871e-02,4.968208447098731995e-02,1.466522365808486938e-01,9.788363575935363770e-01,9.431347250938415527e-01,3.221093118190765381e-02,2.962301969528198242e-01,1.355050597339868546e-02,2.371674217283725739e-02,8.024943061172962189e-03,8.780445903539657593e-02,2.819001907482743263e-03,4.026386886835098267e-03,6.608330179005861282e-03,5.197640974074602127e-03,3.850709414109587669e-03,4.921097774058580399e-03,1.834747963584959507e-03,3.001270815730094910e-03,2.170025138184428215e-03,5.229076836258172989e-03,2.851363969966769218e-03,2.769191283732652664e-03,4.099601879715919495e-03,3.090457292273640633e-03,3.335806308314204216e-03,2.019488718360662460e-03,2.607879228889942169e-03,1.959363464266061783e-03,2.048027468845248222e-03,1.505820197053253651e-03,2.998229116201400757e-03,2.364321611821651459e-03,2.088115317746996880e-03,6.715252995491027832e-03,4.148597363382577896e-03,2.213755156844854355e-03,3.594171022996306419e-03,2.377853496000170708e-03,2.329747658222913742e-03,2.616157755255699158e-03,2.974394708871841431e-03,1.756604877300560474e-03,1.797914621420204639e-03,4.949981812387704849e-03,4.112879745662212372e-03,3.113988554105162621e-03,4.457596223801374435e-03,3.355712164193391800e-03,4.425767809152603149e-03,2.507672412320971489e-03,2.441462827846407890e-03,2.970659639686346054e-03,3.914451692253351212e-03,2.466369187459349632e-03,5.656182300299406052e-03,2.219045534729957581e-03,2.403637394309043884e-03,6.469282787293195724e-03
2.782672457396984100e-02,1.641360670328140259e-02,2.957081422209739685e-02,9.447980523109436035e-01,4.959284327924251556e-03,1.193884909152984619e-01,3.051122277975082397e-02,2.371674217283725739e-02,7.411377876996994019e-02,3.797814995050430298e-02,2.486500330269336700e-02,1.476842816919088364e-02,2.619013562798500061e-02,3.789919894188642502e-03,1.142935156822204590e-01,7.411730010062456131e-03,2.894842810928821564e-02,1.133223995566368103e-02,8.589679375290870667e-03,8.925317786633968353e-03,2.114774473011493683e-02,1.237886399030685425e-02,1.139043178409337997e-02,2.518766792491078377e-03,3.604834200814366341e-03,2.528065117076039314e-03,1.190786948427557945e-03,3.838382661342620850e-03,5.091876722872257233e-03,2.160927280783653259e-03,2.195691689848899841e-03,1.421344117261469364e-03,2.172638894990086555e-03,1.608539838343858719e-03,3.695341758430004120e-03,1.966466894373297691e-03,2.697924384847283363e-03,6.254694424569606781e-03,2.451720414683222771e-03,1.780912512913346291e-03,3.294374095275998116e-03,4.825211130082607269e-03,1.139727770350873470e-03,1.432181801646947861e-03,4.039554391056299210e-03,2.242588438093662262e-03,2.452676882967352867e-03,2.306240843608975410e-03,2.197985071688890457e-03,1.835325267165899277e-03,1.501708989962935448e-03,5.591828376054763794e-03,2.792965853586792946e-03,2.675263211131095886e-03,1.594723551534116268e-03,2.263042610138654709e-03,6.721613463014364243e-03,2.902771346271038055e-03,3.379245288670063019e-03
1.670872233808040619e-02,1.395416818559169769e-02,8.634041994810104370e-03,1.041913405060768127e-02,2.148948796093463898e-02,3.797163814306259155e-02,5.836325138807296753e-02,8.024943061172962189e-03,3.797814995050430298e-02,2.996140718460083008e-02,7.677178978919982910e-01,1.339526027441024780e-01,1.920297592878341675e-01,5.673654004931449890e-02,3.768834844231605530e-02,1.412969268858432770e-02,2.402794361114501953e-02,1.153129618614912033e-02,1.194802019745111465e-02,3.021086938679218292e-02,5.931075196713209152e-03,1.251953467726707458e-02,6.450467277318239212e-03,7.959784008562564850e-03,8.926068432629108429e-03,4.635793622583150864e-03,5.138979759067296982e-03,4.814726300537586212e-03,4.407285712659358978e-03,3.559109987691044807e-03,2.261721994727849960e-03,2.060144906863570213e-03,1.780803897418081760e-03,1.478783320635557175e-03,2.943482948467135429e-03,1.530204433947801590e-03,2.163654658943414688e-03,1.680679386481642723e-03,1.149387680925428867e-03,1.147463335655629635e-03,2.111919457092881203e-03,2.002672757953405380e-03,1.093451282940804958e-03,2.057711128145456314e-03,2.505205804482102394e-03,2.204751130193471909e-03,1.576553564518690109e-03,1.396372332237660885e-03,2.031137933954596519e-03,1.442513545043766499e-03,1.500354032032191753e-03,2.634718082845211029e-03,2.614993369206786156e-03,4.046814516186714172e-03,2.554923994466662407e-03,1.883172546513378620e-03,6.796195637434720993e-03,4.307149909436702728e-03,3.975498955696821213e-03
2.526682801544666290e-02,3.757475689053535461e-02,1.763665489852428436e-02,7.788030058145523071e-02,6.075710430741310120e-02,2.367828041315078735e-02,2.189966477453708649e-02,8.780445903539657593e-02,2.486500330269336700e-02,7.677178978919982910e-01,1.636809553019702435e-03,5.611398722976446152e-03,9.557048231363296509e-02,2.326403409242630005e-01,1.260907668620347977e-02,6.203532963991165161e-02,8.839271962642669678e-03,9.998771362006664276e-03,8.817493915557861328e-02,7.586688268929719925e-03,7.755830418318510056e-03,8.001230657100677490e-03,5.609605461359024048e-03,3.895571921020746231e-03,9.975387714803218842e-03,5.269203335046768188e-03,5.198526196181774139e-03,2.394757000729441643e-03,1.465810462832450867e-03,1.652884180657565594e-03,1.834513968788087368e-03,2.163814147934317589e-03,1.588965533301234245e-03,8.081748965196311474e-04,2.840792294591665268e-03,2.247997093945741653e-03,3.454160178080201149e-03,1.870401785708963871e-03,1.748261624015867710e-03,1.203508931212127209e-03,2.268292242661118507e-03,1.823573722504079342e-03,1.380336936563253403e-03,2.773347543552517891e-03,2.956745680421590805e-03,1.883516670204699039e-03,2.685657236725091934e-03,3.108287230134010315e-03,3.862952347844839096e-03,2.638345584273338318e-03,2.099595032632350922e-03,2.800463465973734856e-03,2.320385770872235298e-03,3.112350357696413994e-03,3.120739711448550224e-03,2.095599658787250519e-03,4.193589091300964355e-03,3.339149989187717438e-03,3.332526423037052155e-03
8.099558763206005096e-03,9.661128744482994080e-03,8.664453402161598206e-03,1.404199656099081039e-02,3.430259181186556816e-03,9.716350585222244263e-03,1.023289933800697327e-02,2.819001907482743263e-03,1.476842816919088364e-02,1.339526027441024780e-01,5.611398722976446152e-03,4.878845065832138062e-03,2.282999083399772644e-02,1.779296994209289551e-02,5.525570362806320190e-02,1.963266730308532715e-02,3.082518465816974640e-02,1.183541771024465561e-02,2.772817015647888184e-02,1.726937294006347656e-02,1.701691374182701111e-02,2.326856926083564758e-02,1.421568822115659714e-02,5.775589961558580399e-03,8.289927616715431213e-03,8.560669608414173126e-03,1.455749734304845333e-03,1.039916835725307465e-02,6.077954545617103577e-03,3.601259784772992134e-03,3.584947669878602028e-03,4.201808944344520569e-03,4.820032045245170593e-03,2.593629993498325348e-03,4.897775128483772278e-03,3.332594642415642738e-03,2.462714212015271187e-03,4.919286351650953293e-03,2.817633794620633125e-03,2.075484953820705414e-03,3.297917544841766357e-03,4.457619506865739822e-03,1.973406178876757622e-03,1.791037968359887600e-03,4.695336334407329559e-03,4.551928956061601639e-03,4.932718351483345032e-03,3.290757769718766212e-03,3.296762472018599510e-03,2.313734497874975204e-03,2.592811128124594688e-03,5.105240270495414734e-03,2.935212571173906326e-03,3.959689289331436157e-03,2.364558866247534752e-03,5.341016221791505814e-03,8.836452849209308624e-03,5.118442699313163757e-03,5.164106842130422592e-03
6.765760947018861771e-03,1.633874885737895966e-02,5.593395791947841644e-03,1.915849559009075165e-02,1.113260164856910706e-02,7.693826686590909958e-03,2.014384232461452484e-02,4.026386886835098267e-03,2.619013562798500061e-02,1.920297592878341675e-01,9.557048231363296509e-02,2.282999083399772644e-02,3.805411688517779112e-04,4.699400812387466431e-02,1.068133022636175156e-02,1.196768507361412048e-01,1.207384653389453888e-02,3.495136275887489319e-02,3.496730327606201172e-02,4.414221271872520447e-02,1.160753890872001648e-02,1.341431401669979095e-02,5.903889611363410950e-02,8.131074719130992889e-03,1.001556739211082458e-01,1.062235049903392792e-02,1.016993634402751923e-02,8.509130217134952545e-03,4.268064163625240326e-03,3.716473700478672981e-03,4.810763988643884659e-03,8.962016552686691284e-03,2.738741459324955940e-03,1.217623124830424786e-03,3.174206474795937538e-03,2.793975407257676125e-03,4.040632862597703934e-03,4.329760558903217316e-03,2.913092263042926788e-03,2.941436367109417915e-03,1.203301479108631611e-03,2.003593603149056435e-03,1.340962713584303856e-03,3.500959137454628944e-03,3.201483516022562981e-03,1.881354721263051033e-03,1.605161698535084724e-03,1.519975834526121616e-03,1.699756830930709839e-03,2.638784935697913170e-03,1.102624228224158287e-03,1.708089374005794525e-03,2.013561083003878593e-03,2.466957084834575653e-03,1.962917624041438103e-03,2.778672380372881889e-03,1.892370055429637432e-03,2.679556841030716896e-03,4.746564663946628571e-03
7.837565615773200989e-03,6.391820497810840607e-03,5.769405048340559006e-03,3.021565079689025879e-02,8.367217145860195160e-03,7.440593093633651733e-03,5.298691801726818085e-03,6.608330179005861282e-03,3.789919894188642502e-03,5.673654004931449890e-02,2.326403409242630005e-01,1.779296994209289551e-02,4.699400812387466431e-02,1.812285277992486954e-03,1.633094064891338348e-02,7.091374695301055908e-02,2.531208656728267670e-02,2.255085296928882599e-02,1.369608491659164429e-01,3.264836594462394714e-02,2.021654322743415833e-02,1.300553418695926666e-02,2.056317776441574097e-02,8.540688082575798035e-03,9.614449925720691681e-03,1.080642826855182648e-02,1.282225269824266434e-02,4.032278433442115784e-03,1.166423037648200989e-02,5.179105792194604874e-03,4.201212432235479355e-03,2.618659520521759987e-03,4.622656852006912231e-03,5.734437145292758942e-03,4.786184523254632950e-03,3.222128842025995255e-03,3.433869918808341026e-03,3.054973436519503593e-03,3.285650629550218582e-03,1.429992611519992352e-03,2.235794672742486000e-03,1.626289682462811470e-03,1.231286209076642990e-03,2.363154198974370956e-03,4.977298434823751450e-03,2.712610876187682152e-03,2.696414710953831673e-03,1.604249700903892517e-03,2.290274249389767647e-03,1.503535546362400055e-03,1.183122047223150730e-03,2.228925237432122231e-03,3.249591216444969177e-03,1.946900621987879276e-03,2.623896813020110130e-03,1.899896189570426941e-03,6.512649822980165482e-03,3.968636039644479752e-03,4.338794387876987457e-03
4.658619873225688934e-03,6.041437387466430664e-03,5.010652821511030197e-03,1.407819427549839020e-02,3.710898803547024727e-03,1.121780928224325180e-02,4.418768454343080521e-03,5.197640974074602127e-03,1.142935156822204590e-01,3.768834844231605530e-02,1.260907668620347977e-02,5.525570362806320190e-02,1.068133022636175156e-02,1.633094064891338348e-02,1.490200124680995941e-02,5.544137675315141678e-03,2.371787466108798981e-02,2.134539186954498291e-02,1.621953397989273071e-02,6.762940436601638794e-02,4.588850587606430054e-02,9.492485783994197845e-03,6.672240048646926880e-02,2.954567549750208855e-03,1.239062752574682236e-02,4.891304299235343933e-03,3.484630957245826721e-03,4.612143617123365402e-03,1.030719187110662460e-02,4.104941617697477341e-03,9.596834890544414520e-03,3.300865646451711655e-03,3.749709110707044601e-03,9.273369796574115753e-03,5.531263072043657303e-03,2.200417686253786087e-03,2.688039094209671021e-03,1.274221856147050858e-02,2.271322300657629967e-03,1.787205808795988560e-03,7.379120681434869766e-03,5.704803857952356339e-03,2.068303758278489113e-03,2.588392933830618858e-03,3.721443237736821175e-03,3.122333204373717308e-03,6.559260655194520950e-03,2.244678558781743050e-03,2.136043272912502289e-03,1.288725528866052628e-03,1.970802666619420052e-03,5.229979753494262695e-03,2.399650169536471367e-03,3.222640603780746460e-03,1.775165903382003307e-03,2.753273583948612213e-03,4.755511414259672165e-03,2.539571840316057205e-03,2.399414079263806343e-03
9.380410425364971161e-03,4.494887776672840118e-03,3.990049008280038834e-03,2.888031769543886185e-03,3.903744043782353401e-03,8.671110495924949646e-03,1.088577322661876678e-02,3.850709414109587669e-03,7.411730010062456131e-03,1.412969268858432770e-02,6.203532963991165161e-02,1.963266730308532715e-02,1.196768507361412048e-01,7.091374695301055908e-02,5.544137675315141678e-03,5.966582684777677059e-04,4.948448389768600464e-03,1.508350074291229248e-01,1.431958377361297607e-01,1.416487991809844971e-02,2.168876528739929199e-01,7.771136704832315445e-03,9.488859213888645172e-03,1.677343063056468964e-02,9.638397954404354095e-03,2.658287622034549713e-02,6.224093958735466003e-03,1.031664106994867325e-02,6.252815946936607361e-03,1.182170119136571884e-02,4.857036750763654709e-03,8.314920589327812195e-03,5.485641770064830780e-03,3.707996103912591934e-03,4.211854655295610428e-03,3.244219347834587097e-03,1.229179929941892624e-02,4.311816766858100891e-03,6.164316087961196899e-03,9.010001667775213718e-04,3.195952391251921654e-03,3.146272385492920876e-03,4.387361928820610046e-03,7.463743910193443298e-03,2.782063558697700500e-03,2.634997712448239326e-03,1.658164663240313530e-03,1.799956778995692730e-03,1.830895547755062580e-03,1.394040416926145554e-03,1.836664858274161816e-03,1.965849194675683975e-03,1.216904842294752598e-03,1.837739604525268078e-03,3.244884079322218895e-03,4.776357673108577728e-03,3.112915670499205589e-03,2.562243957072496414e-03,3.244655439630150795e-03
2.287939423695206642e-03,2.643728861585259438e-03,2.624311251565814018e-03,6.026823073625564575e-03,3.513546194881200790e-03,7.060020230710506439e-03,3.167553571984171867e-03,4.921097774058580399e-03,2.894842810928821564e-02,2.402794361114501953e-02,8.839271962642669678e-03,3.082518465816974640e-02,1.207384653389453888e-02,2.531208656728267670e-02,2.371787466108798981e-02,4.948448389768600464e-03,9.509582072496414185e-03,9.299515746533870697e-03,1.100154872983694077e-02,4.732569679617881775e-02,2.720334567129611969e-02,5.255039781332015991e-02,3.670347109436988831e-02,1.045444048941135406e-02,1.142957806587219238e-02,1.069472637027502060e-02,8.898181840777397156e-03,8.467873558402061462e-03,3.287378326058387756e-02,8.479395881295204163e-03,6.884843576699495316e-03,6.491544190794229507e-03,6.489210296422243118e-03,8.172693662345409393e-03,1.142821460962295532e-02,2.785247052088379860e-03,4.233530722558498383e-03,9.166166186332702637e-03,1.997193554416298866e-03,1.352295512333512306e-03,4.390543326735496521e-03,4.653462208807468414e-03,1.726676011458039284e-03,1.834146329201757908e-03,4.612169694155454636e-03,3.910230007022619247e-03,3.383479081094264984e-03,3.424042835831642151e-03,3.477880265563726425e-03,1.924392418004572392e-03,3.252394031733274460e-03,4.039170686155557632e-03,1.752558513544499874e-03,3.385169431567192078e-03,1.908467616885900497e-03,3.317038295790553093e-03,6.501993164420127869e-03,3.051270730793476105e-03,3.642269643023610115e-03
8.466917090117931366e-03,1.052328012883663177e-02,4.817766137421131134e-03,3.079082584008574486e-03,2.158758928999304771e-03,1.166327949613332748e-02,7.915802299976348877e-03,1.834747963584959507e-03,1.133223995566368103e-02,1.153129618614912033e-02,9.998771362006664276e-03,1.183541771024465561e-02,3.495136275887489319e-02,2.255085296928882599e-02,2.134539186954498291e-02,1.508350074291229248e-01,9.299515746533870697e-03,1.329564373008906841e-03,9.922216087579727173e-02,7.788668572902679443e-02,7.600043714046478271e-02,2.311609312891960144e-02,1.930075138807296753e-02,6.531273946166038513e-03,1.376000046730041504e-02,1.414634659886360168e-02,1.870662346482276917e-02,7.934544235467910767e-03,2.418595366179943085e-02,8.208117447793483734e-03,7.377479225397109985e-03,8.627790957689285278e-03,7.317318115383386612e-03,7.458747364580631256e-03,5.999076180160045624e-03,3.103335620835423470e-03,4.641489125788211823e-03,1.201429869979619980e-02,2.453677821904420853e-03,2.087649423629045486e-03,9.457225911319255829e-03,3.874579444527626038e-03,1.307916711084544659e-03,4.268380347639322281e-03,3.331210697069764137e-03,2.747704274952411652e-03,2.382344799116253853e-03,3.053997410461306572e-03,1.789485337212681770e-03,1.994932768866419792e-03,1.145995222032070160e-03,2.073296578601002693e-03,1.798080746084451675e-03,1.928524579852819443e-03,1.643914147280156612e-03,1.830658758990466595e-03,2.112841233611106873e-03,1.387254917062819004e-03,2.139550633728504181e-03
5.034288391470909119e-03,2.856282750144600868e-03,4.878247622400522232e-03,3.193795913830399513e-03,4.165959544479846954e-03,6.097900215536355972e-03,6.343824788928031921e-03,3.001270815730094910e-03,8.589679375290870667e-03,1.194802019745111465e-02,8.817493915557861328e-02,2.772817015647888184e-02,3.496730327606201172e-02,1.369608491659164429e-01,1.621953397989273071e-02,1.431958377361297607e-01,1.100154872983694077e-02,9.922216087579727173e-02,5.713178543373942375e-04,4.829477146267890930e-02,1.685463041067123413e-01,8.689957670867443085e-03,3.115695435553789139e-03,2.975024050101637840e-03,1.016359310597181320e-02,1.551710907369852066e-02,2.851879037916660309e-02,1.262437365949153900e-02,1.056034956127405167e-02,3.188807144761085510e-02,4.812645260244607925e-03,1.839969679713249207e-02,1.114915870130062103e-02,4.342081025242805481e-03,5.097561515867710114e-03,3.657013410702347755e-03,7.608947344124317169e-03,9.993745945394039154e-03,2.624669345095753670e-03,3.507997840642929077e-03,4.768845159560441971e-03,3.282770747318863869e-03,1.975270221009850502e-03,7.115136366337537766e-03,4.898883402347564697e-03,2.213962608948349953e-03,2.336353762075304985e-03,1.403607311658561230e-03,1.955064013600349426e-03,1.791159040294587612e-03,1.084945979528129101e-03,1.771975541487336159e-03,1.132667181082069874e-03,2.095162868499755859e-03,1.680850517004728317e-03,2.231182064861059189e-03,1.909901504404842854e-03,1.365650212392210960e-03,1.531008863821625710e-03
1.958831911906599998e-03,1.278835348784923553e-03,3.937574103474617004e-03,2.858547493815422058e-03,1.973366597667336464e-03,7.241359911859035492e-03,3.364063100889325142e-03,2.170025138184428215e-03,8.925317786633968353e-03,3.021086938679218292e-02,7.586688268929719925e-03,1.726937294006347656e-02,4.414221271872520447e-02,3.264836594462394714e-02,6.762940436601638794e-02,1.416487991809844971e-02,4.732569679617881775e-02,7.788668572902679443e-02,4.829477146267890930e-02,7.159293629229068756e-03,6.157620996236801147e-02,1.952174752950668335e-01,2.803170122206211090e-02,1.542595773935317993e-02,2.915880084037780762e-02,1.023083180189132690e-02,5.592358112335205078e-02,2.153852395713329315e-02,3.183821961283683777e-02,2.300742641091346741e-02,7.144084200263023376e-03,4.032236523926258087e-03,6.222492549568414688e-03,5.371722392737865448e-03,7.786255329847335815e-03,3.254835726693272591e-03,2.730234293267130852e-03,9.731600061058998108e-03,2.072850707918405533e-03,1.238051219843327999e-03,3.820193000137805939e-03,4.535031504929065704e-03,1.151586067862808704e-03,1.712708268314599991e-03,2.971291076391935349e-03,3.425592323765158653e-03,3.204708220437169075e-03,1.769857364706695080e-03,1.738708699122071266e-03,1.124987262301146984e-03,1.138056977652013302e-03,1.812451751902699471e-03,1.781484810635447502e-03,1.978515880182385445e-03,1.266503473743796349e-03,1.961676403880119324e-03,2.996454946696758270e-03,1.717274193651974201e-03,1.824149279855191708e-03
4.995626863092184067e-03,3.070763777941465378e-03,3.621609881520271301e-03,4.046067129820585251e-03,1.521557802334427834e-03,6.482641212642192841e-03,4.414826631546020508e-03,5.229076836258172989e-03,2.114774473011493683e-02,5.931075196713209152e-03,7.755830418318510056e-03,1.701691374182701111e-02,1.160753890872001648e-02,2.021654322743415833e-02,4.588850587606430054e-02,2.168876528739929199e-01,2.720334567129611969e-02,7.600043714046478271e-02,1.685463041067123413e-01,6.157620996236801147e-02,1.232379116117954254e-03,1.291170623153448105e-02,1.651350967586040497e-02,1.745630637742578983e-03,4.958601668477058411e-03,2.890760079026222229e-03,1.295680552721023560e-02,1.423736754804849625e-02,7.467994093894958496e-02,2.459884993731975555e-02,3.469207510352134705e-02,1.535264216363430023e-02,1.786123029887676239e-02,1.427261903882026672e-02,6.846069358289241791e-03,4.051745403558015823e-03,5.452712532132863998e-03,2.068436890840530396e-02,1.440864638425409794e-03,2.804607851430773735e-03,8.185188286006450653e-03,6.453429348766803741e-03,1.656884676776826382e-03,2.305231522768735886e-03,6.048476789146661758e-03,2.049112459644675255e-03,3.455839818343520164e-03,1.443604589439928532e-03,2.062148880213499069e-03,8.299220935441553593e-04,2.254831837490200996e-03,1.895293826237320900e-03,8.671113755553960800e-04,1.414304715581238270e-03,2.466481877490878105e-03,1.777271972969174385e-03,1.247473643161356449e-03,1.325308927334845066e-03,1.909943297505378723e-03
2.088998910039663315e-03,2.413413487374782562e-03,3.302773693576455116e-03,3.234605537727475166e-03,2.105760388076305389e-03,5.459968466311693192e-03,1.592568936757743359e-03,2.851363969966769218e-03,1.237886399030685425e-02,1.251953467726707458e-02,8.001230657100677490e-03,2.326856926083564758e-02,1.341431401669979095e-02,1.300553418695926666e-02,9.492485783994197845e-03,7.771136704832315445e-03,5.255039781332015991e-02,2.311609312891960144e-02,8.689957670867443085e-03,1.952174752950668335e-01,1.291170623153448105e-02,4.638556763529777527e-02,1.124707832932472229e-01,5.890869721770286560e-02,2.419228479266166687e-02,3.231117129325866699e-02,8.898517489433288574e-02,1.005485430359840393e-01,1.155735701322555542e-01,1.879688911139965057e-02,1.315481681376695633e-02,1.491557434201240540e-02,2.479484491050243378e-02,8.626110851764678955e-03,7.525655906647443771e-03,2.073106123134493828e-03,3.178548533469438553e-03,6.060301791876554489e-03,1.726009533740580082e-03,1.651930157095193863e-03,2.939080819487571716e-03,6.462286692112684250e-03,9.991432307288050652e-04,1.745079178363084793e-03,2.122384496033191681e-03,2.648196183145046234e-03,1.745051587931811810e-03,2.033108612522482872e-03,1.712007215246558189e-03,1.210891758091747761e-03,1.229951740242540836e-03,1.983075402677059174e-03,1.171663985587656498e-03,1.854909933172166348e-03,1.211798051372170448e-03,1.348378253169357777e-03,1.325512072071433067e-03,1.632136991247534752e-03,1.943163922987878323e-03
1.597233233042061329e-03,2.568383468315005302e-03,1.848906511440873146e-03,3.711700672283768654e-03,2.970107365399599075e-03,8.433822542428970337e-03,1.875434652902185917e-03,2.769191283732652664e-03,1.139043178409337997e-02,6.450467277318239212e-03,5.609605461359024048e-03,1.421568822115659714e-02,5.903889611363410950e-02,2.056317776441574097e-02,6.672240048646926880e-02,9.488859213888645172e-03,3.670347109436988831e-02,1.930075138807296753e-02,3.115695435553789139e-03,2.803170122206211090e-02,1.651350967586040497e-02,1.124707832932472229e-01,4.083923064172267914e-03,3.118294524028897285e-03,3.410887345671653748e-02,1.769068883731961250e-03,7.413990050554275513e-02,1.077415421605110168e-01,3.204753100872039795e-01,2.691110409796237946e-02,5.533935129642486572e-02,1.156030688434839249e-02,1.019382011145353317e-02,1.031162403523921967e-02,5.274582188576459885e-03,1.973476493731141090e-03,2.210373524576425552e-03,1.941728778183460236e-02,2.789025660604238510e-03,2.231886843219399452e-03,5.480327177792787552e-03,9.283640421926975250e-03,1.790922833606600761e-03,3.102860413491725922e-03,2.933319425210356712e-03,3.486807690933346748e-03,2.418645191937685013e-03,2.078748773783445358e-03,1.483716769143939018e-03,1.467877766117453575e-03,2.294037491083145142e-03,2.941011218354105949e-03,1.185364555567502975e-03,2.565336413681507111e-03,1.266745384782552719e-03,1.654320163652300835e-03,2.176943700760602951e-03,1.820534002035856247e-03,2.111699432134628296e-03
3.041835268959403038e-03,3.306772559881210327e-03,3.383975941687822342e-03,1.848318730480968952e-03,3.094151383265852928e-03,5.553528666496276855e-03,3.619311843067407608e-03,4.099601879715919495e-03,2.518766792491078377e-03,7.959784008562564850e-03,3.895571921020746231e-03,5.775589961558580399e-03,8.131074719130992889e-03,8.540688082575798035e-03,2.954567549750208855e-03,1.677343063056468964e-02,1.045444048941135406e-02,6.531273946166038513e-03,2.975024050101637840e-03,1.542595773935317993e-02,1.745630637742578983e-03,5.890869721770286560e-02,3.118294524028897285e-03,2.452294109389185905e-03,5.439334735274314880e-02,1.167385727167129517e-01,9.602180719375610352e-01,1.241752430796623230e-01,2.533253654837608337e-02,5.518309772014617920e-02,2.169813588261604309e-02,2.976267039775848389e-02,2.375409603118896484e-01,8.051515556871891022e-03,5.941474810242652893e-03,5.309680942445993423e-03,4.971735645085573196e-03,2.415284514427185059e-03,2.309664152562618256e-03,2.857282292097806931e-03,2.444387646391987801e-03,2.527178963646292686e-03,1.947294455021619797e-03,2.445190213620662689e-03,6.759828887879848480e-03,3.446593647822737694e-03,2.206141361966729164e-03,2.256464213132858276e-03,2.986558014526963234e-03,3.024321980774402618e-03,2.179585397243499756e-03,1.916858600452542305e-03,1.771174487657845020e-03,2.567175542935729027e-03,2.335995901376008987e-03,2.349388319998979568e-03,2.517364220693707466e-03,2.265900839120149612e-03,3.067263867706060410e-03
3.230736823752522469e-03,3.599814139306545258e-03,5.451784469187259674e-03,2.516181441023945808e-03,2.165330341085791588e-03,4.861295688897371292e-03,8.006008341908454895e-03,3.090457292273640633e-03,3.604834200814366341e-03,8.926068432629108429e-03,9.975387714803218842e-03,8.289927616715431213e-03,1.001556739211082458e-01,9.614449925720691681e-03,1.239062752574682236e-02,9.638397954404354095e-03,1.142957806587219238e-02,1.376000046730041504e-02,1.016359310597181320e-02,2.915880084037780762e-02,4.958601668477058411e-03,2.419228479266166687e-02,3.410887345671653748e-02,5.439334735274314880e-02,6.279774010181427002e-03,1.851569488644599915e-02,6.517858058214187622e-02,8.817156404256820679e-02,1.413514558225870132e-02,4.564310237765312195e-02,2.151761204004287720e-02,2.130942232906818390e-02,2.053419500589370728e-02,4.539079964160919189e-03,9.661028161644935608e-03,2.922406187281012535e-03,5.863570142537355423e-03,4.497967660427093506e-03,4.366584122180938721e-03,1.190152601338922977e-03,2.534475876018404961e-03,1.756462734192609787e-03,1.986174145713448524e-03,4.958547651767730713e-03,4.285395145416259766e-03,3.152714110910892487e-03,1.226449734531342983e-03,4.514298867434263229e-03,2.270485972985625267e-03,3.056983929127454758e-03,2.915748627856373787e-03,1.831675879657268524e-03,1.850359025411307812e-03,4.695835523307323456e-03,1.918248482979834080e-03,2.614075550809502602e-03,1.937587978318333626e-03,1.584846642799675465e-03,2.283177804201841354e-03
5.976541433483362198e-03,6.866954267024993896e-03,5.583733785897493362e-03,2.993618603795766830e-03,4.690939560532569885e-03,7.011735811829566956e-03,1.836695708334445953e-02,3.335806308314204216e-03,2.528065117076039314e-03,4.635793622583150864e-03,5.269203335046768188e-03,8.560669608414173126e-03,1.062235049903392792e-02,1.080642826855182648e-02,4.891304299235343933e-03,2.658287622034549713e-02,1.069472637027502060e-02,1.414634659886360168e-02,1.551710907369852066e-02,1.023083180189132690e-02,2.890760079026222229e-03,3.231117129325866699e-02,1.769068883731961250e-03,1.167385727167129517e-01,1.851569488644599915e-02,1.779046840965747833e-03,8.345401287078857422e-02,3.768144175410270691e-02,3.973252605646848679e-03,7.491723448038101196e-02,6.404591840691864491e-04,2.100340463221073151e-02,9.013327956199645996e-02,5.614919587969779968e-03,7.783256471157073975e-03,5.038080271333456039e-03,3.252358641475439072e-03,3.950980026274919510e-03,4.715414717793464661e-03,4.642348270863294601e-03,2.278556348755955696e-03,2.244589850306510925e-03,5.766156595200300217e-03,5.681325681507587433e-03,3.020577598363161087e-03,3.096428932622075081e-03,2.639653626829385757e-03,4.697005730122327805e-03,5.921558011323213577e-03,7.431861013174057007e-03,2.741358941420912743e-03,2.026238478720188141e-03,4.573710262775421143e-03,4.205425735563039780e-03,4.446247126907110214e-03,2.841351553797721863e-03,2.918310230597853661e-03,3.012414788827300072e-03,2.903050044551491737e-03
4.542841576039791107e-03,3.278264775872230530e-03,2.643586834892630577e-03,1.481498125940561295e-03,1.507416251115500927e-03,1.632056199014186859e-03,2.068825531750917435e-03,2.019488718360662460e-03,1.190786948427557945e-03,5.138979759067296982e-03,5.198526196181774139e-03,1.455749734304845333e-03,1.016993634402751923e-02,1.282225269824266434e-02,3.484630957245826721e-03,6.224093958735466003e-03,8.898181840777397156e-03,1.870662346482276917e-02,2.851879037916660309e-02,5.592358112335205078e-02,1.295680552721023560e-02,8.898517489433288574e-02,7.413990050554275513e-02,9.602180719375610352e-01,6.517858058214187622e-02,8.345401287078857422e-02,6.431122892536222935e-04,1.582079380750656128e-01,3.071453422307968140e-02,5.288184285163879395e-01,9.310755878686904907e-03,1.033134087920188904e-01,3.721653223037719727e-01,6.907690316438674927e-03,3.039243631064891815e-03,5.006078630685806274e-03,6.698518525809049606e-03,2.254568040370941162e-03,3.524602157995104790e-03,3.386831842362880707e-03,1.448626280762255192e-03,1.127496128901839256e-03,3.731071483343839645e-03,1.995869213715195656e-03,1.624718774110078812e-03,2.080442849546670914e-03,1.722540939226746559e-03,2.295949263498187065e-03,1.665939809754490852e-03,1.720401342026889324e-03,1.516783377155661583e-03,1.128705684095621109e-03,1.694004633463919163e-03,1.400344888679683208e-03,1.191859948448836803e-03,2.873327117413282394e-03,1.390465768054127693e-03,1.645399373956024647e-03,2.346051391214132309e-03
