4.889072384685277939e-03,1.301992833614349365e-01,4.621942639350891113e-01,7.991335541009902954e-02,2.083802372217178345e-01,6.803512107580900192e-03,5.642084404826164246e-02,4.939239099621772766e-02,5.948113743215799332e-03,1.227817870676517487e-02,1.325149182230234146e-02,6.994419731199741364e-03,3.957916051149368286e-03,8.645988069474697113e-03,2.996721304953098297e-03,1.307699177414178848e-02,3.588888328522443771e-03,6.183951627463102341e-03,6.598971318453550339e-03,2.263137372210621834e-03,2.470203908160328865e-03,2.609853399917483330e-03,1.698111882433295250e-03,4.054279997944831848e-03,3.827105974778532982e-03,5.127697251737117767e-03,3.630652790889143944e-03,4.397276788949966431e-03,2.727460116147994995e-03,1.897561131045222282e-03,2.236325759440660477e-03,2.603426808491349220e-03,2.730933018028736115e-03,1.703817863017320633e-03,3.161613596603274345e-03,1.407779660075902939e-02,7.638236507773399353e-03,2.752405591309070587e-03,2.273709513247013092e-03,5.805847700685262680e-03,2.648074179887771606e-03,1.707378774881362915e-03,1.033343188464641571e-02,8.251095190644264221e-03,3.302197903394699097e-03,3.602767596021294594e-03,2.169564832001924515e-03,5.853780545294284821e-03,6.819564383476972580e-03,1.815764978528022766e-02,5.221482831984758377e-03,3.185655921697616577e-03,4.948882851749658585e-03,7.371377665549516678e-03,1.245560497045516968e-02,1.148516219109296799e-02,2.511075232177972794e-03,3.082827199250459671e-03,5.320816766470670700e-03
1.301992833614349365e-01,1.671339944005012512e-02,5.067430138587951660e-01,1.727308034896850586e-01,8.755450248718261719e-01,1.953162252902984619e-03,1.750133633613586426e-01,3.376974165439605713e-02,9.919170290231704712e-03,1.223276741802692413e-02,2.699382975697517395e-02,8.869246579706668854e-03,1.022258773446083069e-02,1.180101931095123291e-02,3.470151219516992569e-03,1.473730057477951050e-02,2.460728166624903679e-03,1.508198212832212448e-02,4.559088032692670822e-03,2.292672637850046158e-03,2.196029294282197952e-03,1.500383368693292141e-03,1.973856939002871513e-03,2.881959313526749611e-03,3.077870700508356094e-03,5.865027196705341339e-03,4.063057713210582733e-03,2.444926183670759201e-03,1.278797048144042492e-03,1.363620162010192871e-03,3.949501551687717438e-03,1.748075243085622787e-03,2.816163003444671631e-03,1.446354785002768040e-03,4.708870779722929001e-03,1.562628522515296936e-02,1.455584540963172913e-02,2.225650707259774208e-03,3.179299412295222282e-03,7.330418564379215240e-03,3.078792709857225418e-03,1.405874849297106266e-03,4.248450510203838348e-03,5.295558832585811615e-03,1.595438923686742783e-03,4.504497162997722626e-03,1.676966203376650810e-03,3.602481679990887642e-03,4.156510345637798309e-03,8.712051436305046082e-03,3.201735904440283775e-03,1.898125628940761089e-03,3.449395298957824707e-03,3.686456708237528801e-03,6.922307889908552170e-03,9.383038617670536041e-03,2.459137002006173134e-03,2.117512281984090805e-03,4.045100882649421692e-03
4.621942639350891113e-01,5.067430138587951660e-01,1.803708821535110474e-02,1.130425333976745605e-01,7.933897972106933594e-01,3.992715105414390564e-02,5.664571002125740051e-02,1.500983256846666336e-02,9.652062319219112396e-03,7.718942593783140182e-03,8.725403808057308197e-03,4.270249046385288239e-03,4.001136869192123413e-03,8.250104263424873352e-03,4.118420183658599854e-03,5.197221878916025162e-03,3.117098473012447357e-03,7.639945950359106064e-03,4.341753199696540833e-03,2.727906219661235809e-03,2.780281007289886475e-03,3.506231354549527168e-03,1.819105586037039757e-03,2.079694531857967377e-03,5.628081504255533218e-03,6.071338430047035217e-03,2.695609582588076591e-03,2.610142575576901436e-03,1.775851240381598473e-03,1.906670862808823586e-03,1.329321297816932201e-03,2.598257269710302353e-03,2.476526424288749695e-03,2.220720518380403519e-03,4.819748457521200180e-03,8.907043375074863434e-03,5.705085117369890213e-03,2.228036755695939064e-03,2.823912305757403374e-03,4.959947895258665085e-03,2.873960882425308228e-03,1.974112354218959808e-03,3.533867187798023224e-03,1.399493776261806488e-02,2.653267700225114822e-03,5.277347285300493240e-03,2.273612190037965775e-03,3.341575851663947105e-03,5.229585338383913040e-03,3.659608075395226479e-03,8.418651297688484192e-03,2.739517483860254288e-03,6.964678876101970673e-03,2.942497842013835907e-03,7.943967357277870178e-03,7.935080677270889282e-03,4.337328020483255386e-03,3.483652602881193161e-03,3.227288136258721352e-03
7.991335541009902954e-02,1.727308034896850586e-01,1.130425333976745605e-01,1.361811906099319458e-02,4.056251943111419678e-01,5.090811848640441895e-02,7.607370615005493164e-03,9.818820357322692871e-01,2.637915015220642090e-01,8.390020579099655151e-03,4.698364809155464172e-02,1.637737266719341278e-02,2.402644976973533630e-02,6.258964072912931442e-03,1.160128135234117508e-02,3.544702194631099701e-03,4.906977061182260513e-03,1.738368533551692963e-02,2.427339740097522736e-02,5.106742493808269501e-03,6.246377713978290558e-03,2.716672141104936600e-03,1.885373145341873169e-03,2.561923349276185036e-03,2.251551719382405281e-03,2.940956503152847290e-03,2.992369234561920166e-03,2.063288353383541107e-03,1.935288775712251663e-03,1.483263215050101280e-03,1.131777884438633919e-03,1.715972437523305416e-03,2.364999847486615181e-03,1.692152698524296284e-03,2.323718508705496788e-03,1.626072917133569717e-03,3.044022480025887489e-03,2.778613008558750153e-03,1.235089031979441643e-03,2.903814893215894699e-03,2.220667665824294090e-03,2.572804223746061325e-03,2.569313161075115204e-03,2.925212727859616280e-03,3.821666818112134933e-03,3.226663684472441673e-03,2.022070577368140221e-03,2.547372132539749146e-03,2.096265787258744240e-03,2.247144700959324837e-03,4.853779450058937073e-03,3.516896860674023628e-03,2.820476656779646873e-03,2.706982195377349854e-03,2.806940115988254547e-03,3.912776708602905273e-03,5.445564631372690201e-03,2.439266536384820938e-03,3.759314073249697685e-03
2.083802372217178345e-01,8.755450248718261719e-01,7.933897972106933594e-01,4.056251943111419678e-01,7.233315147459506989e-03,7.617501914501190186e-02,9.663939476013183594e-01,7.938113212585449219e-01,8.334138430655002594e-03,4.154975060373544693e-03,1.034924481064081192e-02,1.642030663788318634e-03,4.001412540674209595e-03,1.012631971389055252e-02,3.916393034160137177e-03,4.168246872723102570e-03,2.272471087053418159e-03,9.313091635704040527e-03,8.413924835622310638e-03,2.095700474455952644e-03,2.144221449270844460e-03,2.545502269640564919e-03,2.059936057776212692e-03,2.340978709980845451e-03,2.811027225106954575e-03,5.843543913215398788e-03,2.707049017772078514e-03,1.776229124516248703e-03,1.393918413668870926e-03,1.540597877465188503e-03,9.894039249047636986e-04,1.654930645599961281e-03,2.033399883657693863e-03,1.502007246017456055e-03,4.380601923912763596e-03,5.820760037750005722e-03,4.579770844429731369e-03,2.522928407415747643e-03,2.522928407415747643e-03,6.751228123903274536e-03,1.265382161363959312e-03,1.532213645987212658e-03,4.132682457566261292e-03,1.685618073679506779e-03,1.387545722536742687e-03,3.244556952267885208e-03,1.499405014328658581e-03,1.904775388538837433e-03,3.096046391874551773e-03,4.962311126291751862e-03,3.864756552502512932e-03,2.021372085437178612e-03,4.421578254550695419e-03,3.308781655505299568e-03,6.179850082844495773e-03,1.870394800789654255e-03,2.339320955798029900e-03,3.353359177708625793e-03,4.368958529084920883e-03
6.803512107580900192e-03,1.953162252902984619e-03,3.992715105414390564e-02,5.090811848640441895e-02,7.617501914501190186e-02,2.089430205523967743e-02,1.200449373573064804e-02,2.374240905046463013e-01,9.232398867607116699e-02,1.177083607763051987e-02,1.914028264582157135e-02,6.496567744761705399e-03,6.050196941941976547e-03,1.292581297457218170e-02,2.092928625643253326e-02,9.006824344396591187e-03,1.332632638514041901e-02,5.879712104797363281e-02,2.755124680697917938e-02,1.343775261193513870e-02,1.061702053993940353e-02,6.471269298344850540e-03,5.426793824881315231e-03,3.327171318233013153e-03,4.611546173691749573e-03,2.753730630502104759e-03,2.059258054941892624e-03,2.062600338831543922e-03,2.138546900823712349e-03,2.682707505300641060e-03,1.412818557582795620e-03,2.479701768606901169e-03,2.115367213264107704e-03,1.728114206343889236e-03,1.627256721258163452e-02,5.327715538442134857e-03,9.381983429193496704e-03,3.528459696099162102e-03,3.290754742920398712e-03,4.464054945856332779e-03,3.668550634756684303e-03,1.774138654582202435e-03,4.107412416487932205e-03,3.380608744919300079e-03,2.558876527473330498e-03,5.499457009136676788e-03,3.597856499254703522e-03,3.746965434402227402e-03,3.503729822114109993e-03,8.165434934198856354e-03,3.707661293447017670e-03,3.259004559367895126e-03,2.510913880541920662e-03,3.521044971421360970e-03,2.389558823779225349e-03,4.573293495923280716e-03,4.315778147429227829e-03,2.419135300442576408e-03,3.369708312675356865e-03
5.642084404826164246e-02,1.750133633613586426e-01,5.664571002125740051e-02,7.607370615005493164e-03,9.663939476013183594e-01,1.200449373573064804e-02,4.090347792953252792e-03,1.863817423582077026e-01,1.306848507374525070e-02,9.839198552072048187e-03,8.811829611659049988e-03,7.938008755445480347e-03,3.200519457459449768e-02,9.863073006272315979e-03,5.258564371615648270e-03,1.418717019259929657e-02,5.399179179221391678e-03,1.614579744637012482e-02,1.368727628141641617e-02,4.450986161828041077e-03,7.496252190321683884e-03,3.243537619709968567e-03,3.202311461791396141e-03,4.980755038559436798e-03,6.348248105496168137e-03,1.421680487692356110e-02,1.338524278253316879e-03,2.529046265408396721e-03,1.707068411633372307e-03,1.854137401096522808e-03,1.490228110924363136e-03,2.244276925921440125e-03,2.246498130261898041e-03,1.395305618643760681e-03,3.222542582079768181e-03,2.814738778397440910e-03,1.204792689532041550e-02,2.164302393794059753e-03,4.073200747370719910e-03,4.986914340406656265e-03,2.948809880763292313e-03,2.469622297212481499e-03,5.720645654946565628e-03,1.852352288551628590e-03,1.459443825297057629e-03,4.791907500475645065e-03,1.981194596737623215e-03,3.955902997404336929e-03,6.272687111049890518e-03,3.615094348788261414e-03,2.027314854785799980e-03,2.360184909775853157e-03,2.916007535532116890e-03,4.007751122117042542e-03,4.655457101762294769e-03,4.641429521143436432e-03,5.487611051648855209e-03,2.189486753195524216e-03,9.954227134585380554e-03
4.939239099621772766e-02,3.376974165439605713e-02,1.500983256846666336e-02,9.818820357322692871e-01,7.938113212585449219e-01,2.374240905046463013e-01,1.863817423582077026e-01,1.071329321712255478e-02,9.063483215868473053e-03,5.662699416279792786e-02,6.047408655285835266e-02,3.061477793380618095e-03,5.184810236096382141e-02,7.965506054461002350e-03,1.042175013571977615e-02,9.184963069856166840e-03,5.729667842388153076e-03,1.308675110340118408e-02,1.195265352725982666e-02,7.661076728254556656e-03,5.176050588488578796e-03,3.977799322456121445e-03,4.261499270796775818e-03,2.617770573124289513e-03,4.328666720539331436e-03,3.878722200170159340e-03,1.149235409684479237e-03,2.449425170198082924e-03,1.590905594639480114e-03,2.070894697681069374e-03,1.166090252809226513e-03,1.591782085597515106e-03,2.225910080596804619e-03,1.497488701716065407e-03,4.713207948952913284e-03,3.745385212823748589e-03,5.700469482690095901e-03,1.953276572749018669e-03,1.208463450893759727e-03,2.775289351120591164e-03,1.522733364254236221e-03,1.495603355579078197e-03,1.748699578456580639e-03,2.073358977213501930e-03,3.295146161690354347e-03,3.231396898627281189e-03,2.034445293247699738e-03,4.557476378977298737e-03,2.945620566606521606e-03,3.960422705858945847e-03,2.503300085663795471e-03,1.577474758960306644e-03,1.679641078226268291e-03,3.308684099465608597e-03,3.871965222060680389e-03,3.716635983437299728e-03,2.506243996322154999e-03,1.588759827427566051e-03,2.648591762408614159e-03
5.948113743215799332e-03,9.919170290231704712e-03,9.652062319219112396e-03,2.637915015220642090e-01,8.334138430655002594e-03,9.232398867607116699e-02,1.306848507374525070e-02,9.063483215868473053e-03,8.439926430583000183e-03,2.533679269254207611e-02,9.834749624133110046e-03,6.823319196701049805e-02,5.804232321679592133e-03,8.655536919832229614e-03,1.345657706260681152e-01,1.240427698940038681e-02,1.773913204669952393e-01,2.789474837481975555e-02,5.574155226349830627e-02,9.549566358327865601e-02,3.948281705379486084e-02,2.317330241203308105e-02,9.248043410480022430e-03,2.875009318813681602e-03,2.809781581163406372e-03,3.436893224716186523e-03,1.985708251595497131e-03,2.570600248873233795e-03,5.087119992822408676e-03,1.167181995697319508e-03,2.199737355113029480e-03,1.467898138798773289e-03,1.985365292057394981e-03,2.925893059000372887e-03,3.253740724176168442e-03,1.699783606454730034e-03,3.546415595337748528e-03,5.268956068903207779e-03,1.618442707695066929e-03,1.616895431652665138e-03,4.847652278840541840e-03,7.171101402491331100e-03,1.290293876081705093e-03,1.686556381173431873e-03,4.314888734370470047e-03,3.384183626621961594e-03,5.361123941838741302e-03,2.537183696404099464e-03,1.716041122563183308e-03,2.889106981456279755e-03,3.642233321443200111e-03,7.711583748459815979e-03,1.659592380747199059e-03,3.472818760201334953e-03,1.645250478759407997e-03,1.793229370377957821e-03,9.737079031765460968e-03,1.510928501375019550e-03,2.496286295354366302e-03
1.227817870676517487e-02,1.223276741802692413e-02,7.718942593783140182e-03,8.390020579099655151e-03,4.154975060373544693e-03,1.177083607763051987e-02,9.839198552072048187e-03,5.662699416279792786e-02,2.533679269254207611e-02,3.154693916440010071e-02,7.770168036222457886e-02,1.449320763349533081e-01,1.965419054031372070e-01,2.146065048873424530e-02,3.246207162737846375e-02,1.597646810114383698e-02,4.019547253847122192e-02,2.468464523553848267e-02,1.424947939813137054e-02,4.914455860853195190e-02,5.325385835021734238e-03,8.991647511720657349e-03,6.139064207673072815e-03,3.185758600011467934e-03,7.951817475259304047e-03,4.222778137773275375e-03,2.321140840649604797e-03,3.680305788293480873e-03,3.904803190380334854e-03,2.010367810726165771e-03,1.873632543720304966e-03,2.378667937591671944e-03,2.728264546021819115e-03,2.728622406721115112e-03,2.898042555898427963e-03,3.270679619163274765e-03,4.999544005841016769e-03,4.517278634011745453e-03,1.782505190931260586e-03,2.930569462478160858e-03,6.371454335749149323e-03,3.544881008565425873e-03,1.776526682078838348e-03,2.620062557980418205e-03,2.772168722003698349e-03,3.714743768796324730e-03,2.870119642466306686e-03,3.005394246429204941e-03,2.200153889134526253e-03,1.980474451556801796e-03,3.984665032476186752e-03,1.644826843403279781e-03,2.710208762437105179e-03,2.814202103763818741e-03,4.751727916300296783e-03,2.324489178135991096e-03,5.341461859643459320e-03,3.194051096215844154e-03,2.633964177221059799e-03
1.325149182230234146e-02,2.699382975697517395e-02,8.725403808057308197e-03,4.698364809155464172e-02,1.034924481064081192e-02,1.914028264582157135e-02,8.811829611659049988e-03,6.047408655285835266e-02,9.834749624133110046e-03,7.770168036222457886e-02,9.659294155426323414e-04,1.382189709693193436e-02,1.082335412502288818e-01,2.267568856477737427e-01,1.171920374035835266e-01,5.048272013664245605e-02,1.063881069421768188e-02,2.764596417546272278e-02,1.177045553922653198e-01,6.886408198624849319e-03,2.555416896939277649e-02,4.570003598928451538e-03,9.709572419524192810e-03,3.382760565727949142e-03,7.251255679875612259e-03,3.980176988989114761e-03,4.387755412608385086e-03,2.566003706306219101e-03,2.388203050941228867e-03,1.731732394546270370e-03,2.046339213848114014e-03,1.738244434818625450e-03,1.657026004977524281e-03,1.046687830239534378e-03,7.524121552705764771e-03,2.518387045711278915e-03,1.191943511366844177e-02,4.376851487904787064e-03,1.974792685359716415e-03,4.684162791818380356e-03,8.644210174679756165e-03,2.817866858094930649e-03,2.433998743072152138e-03,3.905240679159760475e-03,4.903734661638736725e-03,2.364872721955180168e-03,2.510445890948176384e-03,2.236123429611325264e-03,2.784496406093239784e-03,1.596466870978474617e-03,2.611795207485556602e-03,2.859579399228096008e-03,2.604807494208216667e-03,3.206992056220769882e-03,2.797641791403293610e-03,2.139511983841657639e-03,2.651160117238759995e-03,1.631689490750432014e-03,1.354707404971122742e-03
6.994419731199741364e-03,8.869246579706668854e-03,4.270249046385288239e-03,1.637737266719341278e-02,1.642030663788318634e-03,6.496567744761705399e-03,7.938008755445480347e-03,3.061477793380618095e-03,6.823319196701049805e-02,1.449320763349533081e-01,1.382189709693193436e-02,4.925769753754138947e-03,8.882271125912666321e-03,2.170552872121334076e-02,9.923519939184188843e-02,1.133965235203504562e-02,9.831285476684570312e-02,1.889792270958423615e-02,3.822983056306838989e-02,2.780215628445148468e-02,3.162008896470069885e-02,4.010161757469177246e-02,1.212165411561727524e-02,4.090600181370973587e-03,5.510682240128517151e-03,3.531809430569410324e-03,2.271655015647411346e-03,4.527189768850803375e-03,5.566835403442382812e-03,2.333673415705561638e-03,3.112891921773552895e-03,2.447129692882299423e-03,2.201349707320332527e-03,3.461857093498110771e-03,4.329248797148466110e-03,2.107335021719336510e-03,2.314359648153185844e-03,4.936942830681800842e-03,2.009027171880006790e-03,2.894031582400202751e-03,7.248575333505868912e-03,5.661419127136468887e-03,3.021669108420610428e-03,1.940241898410022259e-03,4.299975931644439697e-03,3.364496631547808647e-03,7.812679745256900787e-03,2.802525414153933525e-03,3.813852556049823761e-03,2.049836097285151482e-03,5.308792460709810257e-03,5.707203410565853119e-03,1.814434421248733997e-03,4.614786710590124130e-03,2.765552839264273643e-03,3.296541748568415642e-03,8.944956585764884949e-03,3.530963789671659470e-03,3.957566339522600174e-03
3.957916051149368286e-03,1.022258773446083069e-02,4.001136869192123413e-03,2.402644976973533630e-02,4.001412540674209595e-03,6.050196941941976547e-03,3.200519457459449768e-02,5.184810236096382141e-02,5.804232321679592133e-03,1.965419054031372070e-01,1.082335412502288818e-01,8.882271125912666321e-03,3.155241429340094328e-04,2.002478949725627899e-02,1.528473664075136185e-02,1.853894442319869995e-02,8.686055429279804230e-03,5.381560698151588440e-02,3.480406850576400757e-02,6.039720401167869568e-02,2.902993559837341309e-02,5.980378482490777969e-03,1.761323511600494385e-01,3.395046805962920189e-03,1.392938289791345596e-02,6.767946295440196991e-03,5.202744621783494949e-03,5.363797303289175034e-03,7.826356217265129089e-03,4.895118996500968933e-03,2.782706869766116142e-03,2.222470939159393311e-03,3.163510467857122421e-03,2.543824724853038788e-03,2.250893041491508484e-03,2.735346788540482521e-03,4.814106971025466919e-03,3.155444515869021416e-03,1.716590835712850094e-03,2.358626108616590500e-03,2.667135791853070259e-03,1.811418565921485424e-03,2.104613231495022774e-03,2.105802530422806740e-03,4.399778787046670914e-03,3.067628247663378716e-03,2.641779603436589241e-03,2.107549691572785378e-03,1.547895604744553566e-03,2.379371784627437592e-03,3.821905003860592842e-03,1.793518778868019581e-03,4.476243630051612854e-03,7.273212540894746780e-03,4.704258404672145844e-03,7.955049164593219757e-03,4.212264437228441238e-03,7.129697594791650772e-03,2.939630066975951195e-03
8.645988069474697113e-03,1.180101931095123291e-02,8.250104263424873352e-03,6.258964072912931442e-03,1.012631971389055252e-02,1.292581297457218170e-02,9.863073006272315979e-03,7.965506054461002350e-03,8.655536919832229614e-03,2.146065048873424530e-02,2.267568856477737427e-01,2.170552872121334076e-02,2.002478949725627899e-02,8.069336181506514549e-04,1.345783844590187073e-02,1.552909053862094879e-02,6.425255443900823593e-03,3.814430674538016319e-03,1.553934346884489059e-02,1.434581913053989410e-02,3.323525423184037209e-03,1.185320410877466202e-02,1.210918929427862167e-02,6.188070867210626602e-03,5.887029226869344711e-03,6.850823760032653809e-03,1.084292959421873093e-02,4.687445238232612610e-03,5.414708517491817474e-03,3.700434695929288864e-03,3.724558278918266296e-03,3.112949663773179054e-03,5.919290240854024887e-03,4.528866149485111237e-03,6.533685140311717987e-03,4.892423283308744431e-03,1.425798796117305756e-02,4.083926789462566376e-03,3.038047347217798233e-03,3.077810863032937050e-03,3.590992884710431099e-03,5.149903241544961929e-03,3.624250413849949837e-03,4.459018353372812271e-03,4.582315217703580856e-03,5.453840829432010651e-03,6.166659295558929443e-03,3.249175613746047020e-03,4.334517754614353180e-03,2.428797772154211998e-03,3.576247720047831535e-03,4.147696774452924728e-03,3.910018131136894226e-03,2.844722941517829895e-03,4.434533417224884033e-03,3.779370104894042015e-03,6.798114627599716187e-03,3.524168394505977631e-03,6.154385861009359360e-03
2.996721304953098297e-03,3.470151219516992569e-03,4.118420183658599854e-03,1.160128135234117508e-02,3.916393034160137177e-03,2.092928625643253326e-02,5.258564371615648270e-03,1.042175013571977615e-02,1.345657706260681152e-01,3.246207162737846375e-02,1.171920374035835266e-01,9.923519939184188843e-02,1.528473664075136185e-02,1.345783844590187073e-02,9.923906065523624420e-03,7.573480252176523209e-03,1.326399743556976318e-01,1.492814905941486359e-02,5.497227422893047333e-03,6.034262850880622864e-02,4.910504072904586792e-02,1.025256887078285217e-02,2.833056263625621796e-02,2.799789654091000557e-03,4.461902659386396408e-03,2.508650766685605049e-03,1.832755515351891518e-03,4.428043961524963379e-03,8.862655609846115112e-03,2.325274515897035599e-03,4.316078964620828629e-03,2.768908161669969559e-03,2.728239633142948151e-03,6.029728800058364868e-03,6.817571818828582764e-03,1.785535016097128391e-03,3.712617792189121246e-03,7.059308234602212906e-03,1.711884164251387119e-03,1.970629207789897919e-03,7.792365737259387970e-03,7.661820389330387115e-03,1.755198230966925621e-03,2.487727906554937363e-03,1.219379436224699020e-02,3.814878175035119057e-03,6.432943511754274368e-03,1.647080411203205585e-03,2.411478897556662560e-03,1.848524552769958973e-03,3.164661116898059845e-03,6.599615328013896942e-03,2.151009626686573029e-03,3.054558066651225090e-03,1.720040105283260345e-03,1.998551189899444580e-03,1.201470103114843369e-02,2.603369764983654022e-03,1.858067000284790993e-03
1.307699177414178848e-02,1.473730057477951050e-02,5.197221878916025162e-03,3.544702194631099701e-03,4.168246872723102570e-03,9.006824344396591187e-03,1.418717019259929657e-02,9.184963069856166840e-03,1.240427698940038681e-02,1.597646810114383698e-02,5.048272013664245605e-02,1.133965235203504562e-02,1.853894442319869995e-02,1.552909053862094879e-02,7.573480252176523209e-03,5.864961422048509121e-04,2.123729093000292778e-03,8.404313325881958008e-01,2.225243747234344482e-01,6.593128666281700134e-03,1.262555420398712158e-01,1.535292249172925949e-02,2.209479687735438347e-03,7.379893213510513306e-02,2.205104380846023560e-02,1.775271445512771606e-02,8.631924167275428772e-03,5.837652366608381271e-03,3.802308347076177597e-03,3.903640201315283775e-03,2.757072914391756058e-03,6.192740518599748611e-03,2.587168244644999504e-03,1.765873632393777370e-03,2.394206821918487549e-03,1.905419165268540382e-03,5.662890616804361343e-03,1.490438240580260754e-03,2.375762676820158958e-03,2.227092394605278969e-03,1.557249226607382298e-03,2.155870432034134865e-03,6.345950998365879059e-03,2.082244260236620903e-03,4.179133102297782898e-03,2.668182365596294403e-03,1.198549522086977959e-03,3.731076838448643684e-03,1.902131945826113224e-03,3.987230360507965088e-03,2.049178816378116608e-03,1.479483442381024361e-03,2.246209420263767242e-03,5.371393635869026184e-03,5.162986926734447479e-03,2.117981389164924622e-02,7.412287406623363495e-03,1.888317754492163658e-03,5.581153091043233871e-03
3.588888328522443771e-03,2.460728166624903679e-03,3.117098473012447357e-03,4.906977061182260513e-03,2.272471087053418159e-03,1.332632638514041901e-02,5.399179179221391678e-03,5.729667842388153076e-03,1.773913204669952393e-01,4.019547253847122192e-02,1.063881069421768188e-02,9.831285476684570312e-02,8.686055429279804230e-03,6.425255443900823593e-03,1.326399743556976318e-01,2.123729093000292778e-03,2.439539320766925812e-02,7.566480897367000580e-03,9.392062202095985413e-03,1.242224648594856262e-01,2.193108387291431427e-02,4.839799553155899048e-02,1.702557876706123352e-02,5.152696277946233749e-03,8.001052774488925934e-03,2.811861224472522736e-03,5.179700441658496857e-03,8.985300548374652863e-03,1.052697002887725830e-02,3.546397201716899872e-03,4.190053790807723999e-03,3.034006338566541672e-03,4.850822966545820236e-03,5.782469641417264938e-03,5.604695063084363937e-03,2.882277127355337143e-03,4.093138035386800766e-03,7.328586187213659286e-03,1.902089337818324566e-03,1.591011532582342625e-03,4.545313306152820587e-03,4.545199219137430191e-03,1.738330582156777382e-03,1.748704467900097370e-03,4.447619430720806122e-03,5.269455723464488983e-03,7.651118561625480652e-03,3.663826966658234596e-03,2.701460151001811028e-03,2.042852342128753662e-03,5.214881617575883865e-03,5.549156572669744492e-03,1.997962594032287598e-03,5.275392439216375351e-03,2.217779867351055145e-03,2.385533880442380905e-03,1.478297729045152664e-02,3.451162716373801231e-03,2.504722215235233307e-03
6.183951627463102341e-03,1.508198212832212448e-02,7.639945950359106064e-03,1.738368533551692963e-02,9.313091635704040527e-03,5.879712104797363281e-02,1.614579744637012482e-02,1.308675110340118408e-02,2.789474837481975555e-02,2.468464523553848267e-02,2.764596417546272278e-02,1.889792270958423615e-02,5.381560698151588440e-02,3.814430674538016319e-03,1.492814905941486359e-02,8.404313325881958008e-01,7.566480897367000580e-03,5.616965936496853828e-04,1.485209614038467407e-01,4.799295216798782349e-02,7.717961817979812622e-02,1.194048579782247543e-02,3.122238209471106529e-03,2.844019420444965363e-02,9.277405217289924622e-03,5.697059445083141327e-03,9.857676923274993896e-03,2.454531379044055939e-03,3.682418726384639740e-03,3.826946020126342773e-03,2.266898285597562790e-03,2.544044749811291695e-03,2.878684783354401588e-03,2.505354583263397217e-03,2.330870600417256355e-03,3.218134399503469467e-03,3.112370846793055534e-03,2.570277545601129532e-03,1.852501998655498028e-03,2.589850919321179390e-03,4.464290104806423187e-03,1.714275218546390533e-03,1.014264067634940147e-03,1.423125853762030602e-03,1.982782036066055298e-03,3.097235923632979393e-03,2.834988525137305260e-03,2.079962752759456635e-03,2.663732506334781647e-03,2.035249024629592896e-03,3.703207708895206451e-03,2.248370321467518806e-03,2.577341860160231590e-03,4.228936042636632919e-03,3.724633948877453804e-03,3.586871316656470299e-03,7.410958409309387207e-03,1.598270027898252010e-03,2.523869508877396584e-03
6.598971318453550339e-03,4.559088032692670822e-03,4.341753199696540833e-03,2.427339740097522736e-02,8.413924835622310638e-03,2.755124680697917938e-02,1.368727628141641617e-02,1.195265352725982666e-02,5.574155226349830627e-02,1.424947939813137054e-02,1.177045553922653198e-01,3.822983056306838989e-02,3.480406850576400757e-02,1.553934346884489059e-02,5.497227422893047333e-03,2.225243747234344482e-01,9.392062202095985413e-03,1.485209614038467407e-01,1.527182525023818016e-03,8.924582973122596741e-03,3.305070698261260986e-01,6.991803646087646484e-03,9.461498702876269817e-04,1.021850621327757835e-03,3.539353841915726662e-03,3.479893552139401436e-03,1.599952764809131622e-02,4.880405496805906296e-03,4.954163916409015656e-03,9.117522276937961578e-03,3.693333826959133148e-03,5.227832123637199402e-03,4.172528162598609924e-03,7.341394666582345963e-03,6.684382446110248566e-03,5.221660714596509933e-03,5.486219190061092377e-03,4.513122607022523880e-03,2.829664852470159531e-03,3.996485844254493713e-03,4.750889260321855545e-03,3.401954425498843193e-03,3.103408031165599823e-03,7.866547442972660065e-03,3.950955346226692200e-03,2.604981185868382454e-03,2.507888479158282280e-03,2.295416314154863358e-03,2.523940289393067360e-03,1.863589044660329819e-03,2.669958164915442467e-03,1.762286410667002201e-03,1.737929997034370899e-03,2.493622014299035072e-03,1.621515955775976181e-03,2.977621974423527718e-03,2.196913352236151695e-03,1.256445655599236488e-03,2.110828645527362823e-03
2.263137372210621834e-03,2.292672637850046158e-03,2.727906219661235809e-03,5.106742493808269501e-03,2.095700474455952644e-03,1.343775261193513870e-02,4.450986161828041077e-03,7.661076728254556656e-03,9.549566358327865601e-02,4.914455860853195190e-02,6.886408198624849319e-03,2.780215628445148468e-02,6.039720401167869568e-02,1.434581913053989410e-02,6.034262850880622864e-02,6.593128666281700134e-03,1.242224648594856262e-01,4.799295216798782349e-02,8.924582973122596741e-03,9.183448739349842072e-03,2.431185357272624969e-02,1.786018610000610352e-01,1.021846011281013489e-02,3.688415279611945152e-03,5.898084957152605057e-03,2.985839499160647392e-03,9.164265356957912445e-03,6.017039064317941666e-03,1.925922185182571411e-02,9.762311354279518127e-03,5.536886863410472870e-03,4.523391835391521454e-03,8.394373580813407898e-03,6.423396524041891098e-03,7.694030646234750748e-03,1.924385898746550083e-03,3.569052089005708694e-03,8.714139461517333984e-03,1.433941069990396500e-03,1.557455281727015972e-03,4.502107389271259308e-03,4.638449754565954208e-03,1.825308660045266151e-03,1.457994454540312290e-03,4.514350555837154388e-03,3.988749347627162933e-03,6.664159707725048065e-03,2.539728768169879913e-03,1.866131904534995556e-03,1.197687932290136814e-03,4.817663226276636124e-03,3.415079321712255478e-03,1.258074305951595306e-03,3.844551974907517433e-03,1.940578105859458447e-03,1.986303832381963730e-03,1.136451493948698044e-02,1.916315755806863308e-03,2.603993751108646393e-03
2.470203908160328865e-03,2.196029294282197952e-03,2.780281007289886475e-03,6.246377713978290558e-03,2.144221449270844460e-03,1.061702053993940353e-02,7.496252190321683884e-03,5.176050588488578796e-03,3.948281705379486084e-02,5.325385835021734238e-03,2.555416896939277649e-02,3.162008896470069885e-02,2.902993559837341309e-02,3.323525423184037209e-03,4.910504072904586792e-02,1.262555420398712158e-01,2.193108387291431427e-02,7.717961817979812622e-02,3.305070698261260986e-01,2.431185357272624969e-02,2.686693333089351654e-03,6.235695444047451019e-03,4.934322088956832886e-03,4.651360213756561279e-03,3.601562697440385818e-03,7.523692329414188862e-04,6.547742523252964020e-03,7.023667916655540466e-03,3.386176005005836487e-02,1.014159712940454483e-02,7.873208262026309967e-03,5.339182447642087936e-03,1.445145066827535629e-02,8.321175351738929749e-03,1.102881506085395813e-02,3.974787425249814987e-03,5.909757688641548157e-03,1.916042529046535492e-02,2.796234562993049622e-03,3.861151169985532761e-03,2.430634014308452606e-02,5.379998590797185898e-03,2.603648230433464050e-03,2.973058726638555527e-03,9.798266924917697906e-03,3.731927601620554924e-03,3.423966234549880028e-03,1.663233735598623753e-03,1.192010939121246338e-03,1.071869162842631340e-03,5.180277861654758453e-03,3.978747874498367310e-03,2.213977277278900146e-03,2.271358855068683624e-03,1.580880489200353622e-03,1.367621356621384621e-03,2.788628917187452316e-03,1.203509396873414516e-03,2.363842446357011795e-03
2.609853399917483330e-03,1.500383368693292141e-03,3.506231354549527168e-03,2.716672141104936600e-03,2.545502269640564919e-03,6.471269298344850540e-03,3.243537619709968567e-03,3.977799322456121445e-03,2.317330241203308105e-02,8.991647511720657349e-03,4.570003598928451538e-03,4.010161757469177246e-02,5.980378482490777969e-03,1.185320410877466202e-02,1.025256887078285217e-02,1.535292249172925949e-02,4.839799553155899048e-02,1.194048579782247543e-02,6.991803646087646484e-03,1.786018610000610352e-01,6.235695444047451019e-03,4.364271182566881180e-03,3.165599703788757324e-02,2.524433843791484833e-02,1.769646070897579193e-02,1.227246038615703583e-02,4.595030099153518677e-02,9.259727597236633301e-02,1.195628494024276733e-01,4.930105805397033691e-02,8.199675008654594421e-03,1.512822695076465607e-02,4.662040248513221741e-02,5.302538629621267319e-03,4.626781214028596878e-03,3.789142007008194923e-03,2.330982824787497520e-03,5.659047048538923264e-03,2.816445659846067429e-03,1.533069531433284283e-03,2.756660105660557747e-03,2.853797050192952156e-03,1.257538096979260445e-03,1.176080317236483097e-03,3.079965244978666306e-03,3.890773281455039978e-03,2.656589495018124580e-03,2.267899457365274429e-03,2.406852319836616516e-03,1.267153187654912472e-03,1.839017961174249649e-03,2.614716067910194397e-03,1.814963063225150108e-03,4.585959482938051224e-03,1.466057612560689449e-03,2.111481502652168274e-03,1.041207276284694672e-02,2.527045318856835365e-03,3.849685192108154297e-03
1.698111882433295250e-03,1.973856939002871513e-03,1.819105586037039757e-03,1.885373145341873169e-03,2.059936057776212692e-03,5.426793824881315231e-03,3.202311461791396141e-03,4.261499270796775818e-03,9.248043410480022430e-03,6.139064207673072815e-03,9.709572419524192810e-03,1.212165411561727524e-02,1.761323511600494385e-01,1.210918929427862167e-02,2.833056263625621796e-02,2.209479687735438347e-03,1.702557876706123352e-02,3.122238209471106529e-03,9.461498702876269817e-04,1.021846011281013489e-02,4.934322088956832886e-03,3.165599703788757324e-02,2.826224081218242645e-03,1.531879231333732605e-02,1.719103567302227020e-02,5.739142652601003647e-03,9.112780541181564331e-02,8.696059137582778931e-02,6.478717923164367676e-01,1.365059316158294678e-01,1.760098338127136230e-02,2.358527854084968567e-02,6.795383989810943604e-02,9.337174706161022186e-03,5.511672701686620712e-03,3.844004357233643532e-03,5.675402935594320297e-03,1.354589778929948807e-02,2.358617959544062614e-03,9.928732179105281830e-04,3.932710736989974976e-03,7.739231921732425690e-03,1.806496060453355312e-03,2.193345688283443451e-03,3.254971932619810104e-03,5.909387953579425812e-03,1.822786522097885609e-03,2.031500451266765594e-03,1.882428652606904507e-03,2.427333267405629158e-03,2.933620940893888474e-03,3.932341001927852631e-03,1.881473814137279987e-03,3.663828596472740173e-03,2.993891946971416473e-03,1.451843534596264362e-03,5.162713117897510529e-03,1.775689772330224514e-03,2.204662887379527092e-03
4.054279997944831848e-03,2.881959313526749611e-03,2.079694531857967377e-03,2.561923349276185036e-03,2.340978709980845451e-03,3.327171318233013153e-03,4.980755038559436798e-03,2.617770573124289513e-03,2.875009318813681602e-03,3.185758600011467934e-03,3.382760565727949142e-03,4.090600181370973587e-03,3.395046805962920189e-03,6.188070867210626602e-03,2.799789654091000557e-03,7.379893213510513306e-02,5.152696277946233749e-03,2.844019420444965363e-02,1.021850621327757835e-03,3.688415279611945152e-03,4.651360213756561279e-03,2.524433843791484833e-02,1.531879231333732605e-02,1.594741130247712135e-03,2.302583679556846619e-02,2.769197225570678711e-01,9.946991205215454102e-01,1.967216730117797852e-01,3.179888054728507996e-02,5.509214103221893311e-02,5.670093744993209839e-02,1.634751819074153900e-02,5.860402435064315796e-02,5.786851514130830765e-03,2.902647014707326889e-03,4.603570327162742615e-03,3.377671353518962860e-03,3.686826443299651146e-03,1.649698941037058830e-03,2.954925876110792160e-03,2.266553230583667755e-03,1.764770480804145336e-03,2.400255296379327774e-03,5.470120348036289215e-03,6.480813957750797272e-03,4.990912508219480515e-03,1.424249028787016869e-03,2.895175246521830559e-03,2.350660739466547966e-03,2.469614148139953613e-03,3.107886994257569313e-03,1.840498764067888260e-03,2.015626057982444763e-03,4.049998242408037186e-03,3.105650888755917549e-03,3.658488625660538673e-03,2.853281795978546143e-03,2.122725825756788254e-03,3.392371349036693573e-03
3.827105974778532982e-03,3.077870700508356094e-03,5.628081504255533218e-03,2.251551719382405281e-03,2.811027225106954575e-03,4.611546173691749573e-03,6.348248105496168137e-03,4.328666720539331436e-03,2.809781581163406372e-03,7.951817475259304047e-03,7.251255679875612259e-03,5.510682240128517151e-03,1.392938289791345596e-02,5.887029226869344711e-03,4.461902659386396408e-03,2.205104380846023560e-02,8.001052774488925934e-03,9.277405217289924622e-03,3.539353841915726662e-03,5.898084957152605057e-03,3.601562697440385818e-03,1.769646070897579193e-02,1.719103567302227020e-02,2.302583679556846619e-02,1.058451016433537006e-03,2.830684743821620941e-02,9.071845561265945435e-02,9.159974008798599243e-02,2.098914422094821930e-02,8.543205261230468750e-02,4.683754965662956238e-02,3.682023286819458008e-02,4.678217694163322449e-02,9.298320859670639038e-03,4.954693373292684555e-03,6.037635728716850281e-03,7.358448579907417297e-03,3.281432436779141426e-03,5.628586281090974808e-03,4.439447540789842606e-03,2.346289111301302910e-03,1.643576892092823982e-03,3.578753443434834480e-03,3.091275924816727638e-03,2.178672002628445625e-03,2.899662125855684280e-03,1.673797611147165298e-03,2.037193626165390015e-03,2.870844444260001183e-03,5.484346766024827957e-03,3.756045596674084663e-03,1.896808040328323841e-03,3.037881571799516678e-03,6.908907089382410049e-03,4.464794415980577469e-03,4.618757404386997223e-03,4.559640306979417801e-03,3.540132427588105202e-03,5.446176975965499878e-03
5.127697251737117767e-03,5.865027196705341339e-03,6.071338430047035217e-03,2.940956503152847290e-03,5.843543913215398788e-03,2.753730630502104759e-03,1.421680487692356110e-02,3.878722200170159340e-03,3.436893224716186523e-03,4.222778137773275375e-03,3.980176988989114761e-03,3.531809430569410324e-03,6.767946295440196991e-03,6.850823760032653809e-03,2.508650766685605049e-03,1.775271445512771606e-02,2.811861224472522736e-03,5.697059445083141327e-03,3.479893552139401436e-03,2.985839499160647392e-03,7.523692329414188862e-04,1.227246038615703583e-02,5.739142652601003647e-03,2.769197225570678711e-01,2.830684743821620941e-02,1.232817070558667183e-03,1.477463096380233765e-01,1.384280920028686523e-01,7.349485531449317932e-03,4.276465252041816711e-02,2.878488972783088684e-03,1.434592809528112411e-02,5.575799196958541870e-02,3.311613574624061584e-03,5.534584634006023407e-03,6.149893160909414291e-03,8.725449442863464355e-03,3.330257721245288849e-03,6.231353618204593658e-03,5.080866161733865738e-03,1.499988371506333351e-03,3.098885295912623405e-03,5.611089989542961121e-03,1.082290429621934891e-02,3.891531145200133324e-03,4.479336552321910858e-03,2.522590104490518570e-03,8.194568566977977753e-03,6.521365605294704437e-03,1.492056343704462051e-02,6.101409904658794403e-03,1.591322128660976887e-03,2.959938254207372665e-03,8.219297043979167938e-03,3.155072452500462532e-03,6.895575206726789474e-03,6.165289320051670074e-03,3.499058075249195099e-03,9.103106334805488586e-03
3.630652790889143944e-03,4.063057713210582733e-03,2.695609582588076591e-03,2.992369234561920166e-03,2.707049017772078514e-03,2.059258054941892624e-03,1.338524278253316879e-03,1.149235409684479237e-03,1.985708251595497131e-03,2.321140840649604797e-03,4.387755412608385086e-03,2.271655015647411346e-03,5.202744621783494949e-03,1.084292959421873093e-02,1.832755515351891518e-03,8.631924167275428772e-03,5.179700441658496857e-03,9.857676923274993896e-03,1.599952764809131622e-02,9.164265356957912445e-03,6.547742523252964020e-03,4.595030099153518677e-02,9.112780541181564331e-02,9.946991205215454102e-01,9.071845561265945435e-02,1.477463096380233765e-01,6.810789345763623714e-04,1.239032372832298279e-01,4.804075229912996292e-03,3.011927902698516846e-01,1.375994831323623657e-02,3.760204464197158813e-02,2.910400927066802979e-01,4.318237770348787308e-03,2.503172727301716805e-03,1.310986559838056564e-02,4.798945970833301544e-03,1.627696212381124496e-03,4.185088910162448883e-03,2.579188672825694084e-03,1.182198175229132175e-03,2.072735456749796867e-03,2.192900981754064560e-03,7.133924867957830429e-03,2.006011083722114563e-03,3.479334758594632149e-03,1.977497478947043419e-03,2.541089430451393127e-03,2.747322665527462959e-03,2.581638051196932793e-03,4.115329589694738388e-03,1.525237341411411762e-03,1.912199892103672028e-03,2.391394227743148804e-03,4.162803292274475098e-03,4.088935442268848419e-03,1.660962821915745735e-03,1.559286378324031830e-03,3.029041457921266556e-03
