6.157933967188000679e-04,2.429554164409637451e-01,5.743841081857681274e-02,6.067847460508346558e-02,7.110457122325897217e-02,3.624057024717330933e-02,2.936618030071258545e-02,6.872586160898208618e-02,2.956910431385040283e-02,1.718349568545818329e-02,3.327618166804313660e-02,1.563961058855056763e-02,8.854260668158531189e-03,1.407947763800621033e-02,4.452765453606843948e-03,1.745646446943283081e-02,4.392630420625209808e-03,8.183241821825504303e-03,3.430826356634497643e-03,5.312724038958549500e-03,2.488327911123633385e-03,2.213046187534928322e-03,1.468849601224064827e-03,4.293702542781829834e-03,4.530173260718584061e-03,4.426576662808656693e-03,5.544285289943218231e-03,3.275841474533081055e-03,2.162414602935314178e-03,3.220640821382403374e-03,1.795186777599155903e-03,2.761744195595383644e-03,2.250268589705228806e-03,1.945589086972177029e-03,2.394448267295956612e-03,9.219970554113388062e-03,6.045123562216758728e-03,1.567243249155580997e-03,2.376524731516838074e-03,1.038710866123437881e-02,2.878478029742836952e-03,1.098282053135335445e-03,4.140879958868026733e-03,8.086838759481906891e-03,4.406419582664966583e-03,3.918633796274662018e-03,3.147485665977001190e-03,7.187187206000089645e-03,4.251586273312568665e-03,1.004509720951318741e-02,5.004192702472209930e-03,2.077371347695589066e-03,4.273685626685619354e-03,4.552631173282861710e-03,1.046566851437091827e-02,9.081273339688777924e-03,7.573398295789957047e-03,2.805985976010560989e-03,9.049942716956138611e-03
2.429554164409637451e-01,1.105423457920551300e-02,4.966798126697540283e-01,5.952731147408485413e-02,3.989337384700775146e-01,2.104328013956546783e-02,6.754186004400253296e-02,1.299295574426651001e-01,8.489243686199188232e-03,9.243635460734367371e-03,4.101567715406417847e-02,5.862558726221323013e-03,6.382908206433057785e-03,1.223241630941629410e-02,2.279073465615510941e-03,7.786421105265617371e-03,2.565055619925260544e-03,7.203905843198299408e-03,2.787132281810045242e-03,2.659779042005538940e-03,2.103609265759587288e-03,1.876412425190210342e-03,1.899163937196135521e-03,2.829760545864701271e-03,7.720181252807378769e-03,8.590715005993843079e-03,2.490492770448327065e-03,2.637487836182117462e-03,1.726625021547079086e-03,2.973409369587898254e-03,1.318020513281226158e-03,2.550246426835656166e-03,2.449078019708395004e-03,1.837463234551250935e-03,3.082052106037735939e-03,9.780564345419406891e-03,1.351016107946634293e-02,1.264075166545808315e-03,3.090044483542442322e-03,7.287786807864904404e-03,2.107999986037611961e-03,1.310170744545757771e-03,4.262039437890052795e-03,9.636977687478065491e-03,3.021298442035913467e-03,3.958309069275856018e-03,1.558556105010211468e-03,4.693019203841686249e-03,3.819251433014869690e-03,1.516041625291109085e-02,4.245633259415626526e-03,1.828747102990746498e-03,2.906772308051586151e-03,5.713909398764371872e-03,6.542415823787450790e-03,8.355051279067993164e-03,4.673016257584095001e-03,3.135224804282188416e-03,9.355333633720874786e-03
5.743841081857681274e-02,4.966798126697540283e-01,4.998016357421875000e-02,1.098675802350044250e-01,2.631590366363525391e-01,3.029601834714412689e-02,4.424810782074928284e-02,1.040125191211700439e-01,1.351780164986848831e-02,5.433577112853527069e-03,2.493889071047306061e-02,8.696046657860279083e-03,6.289583630859851837e-03,9.904112666845321655e-03,4.719887860119342804e-03,9.027482010424137115e-03,3.728575073182582855e-03,5.791901610791683197e-03,2.513094572350382805e-03,2.941630547866225243e-03,2.290374366566538811e-03,3.044348210096359253e-03,2.139202551916241646e-03,4.457945469766855240e-03,6.286406889557838440e-03,6.688709370791912079e-03,2.824197057634592056e-03,3.770916257053613663e-03,2.297345548868179321e-03,2.239859895780682564e-03,1.232484821230173111e-03,2.122651087120175362e-03,2.623094478622078896e-03,1.775656826794147491e-03,2.679066034033894539e-03,5.631298292428255081e-03,1.063660718500614166e-02,1.612448599189519882e-03,2.722460776567459106e-03,1.459003519266843796e-02,2.249357756227254868e-03,1.799898571334779263e-03,5.624397657811641693e-03,3.116471925750374794e-03,2.355289179831743240e-03,4.199588671326637268e-03,1.802741549909114838e-03,4.211560357362031937e-03,3.034899011254310608e-03,8.299247361719608307e-03,4.994794726371765137e-03,2.380903810262680054e-03,3.486744593828916550e-03,5.415661260485649109e-03,5.432059988379478455e-03,7.559680845588445663e-03,3.975100815296173096e-03,3.383972682058811188e-03,1.158074662089347839e-02
6.067847460508346558e-02,5.952731147408485413e-02,1.098675802350044250e-01,1.491398457437753677e-02,7.182666063308715820e-01,2.223818749189376831e-02,1.540088281035423279e-02,9.663420915603637695e-01,1.224625483155250549e-01,7.704781368374824524e-03,1.159161925315856934e-01,1.321963686496019363e-02,1.257473137229681015e-02,3.637881949543952942e-02,1.004570443183183670e-02,6.146472413092851639e-03,3.099312307313084602e-03,1.145057100802659988e-02,4.609384108334779739e-03,4.941104911267757416e-03,3.467416623607277870e-03,2.853208221495151520e-03,2.438874449580907822e-03,2.852261532098054886e-03,8.601434528827667236e-03,7.206321228295564651e-03,2.254507737234234810e-03,2.544471994042396545e-03,2.159405034035444260e-03,1.980732660740613937e-03,9.595567826181650162e-04,1.215919968672096729e-03,2.013116376474499702e-03,1.584136625751852989e-03,2.333006355911493301e-03,2.336348406970500946e-03,3.099638037383556366e-03,1.712738303467631340e-03,1.119394786655902863e-03,4.782794974744319916e-03,2.182840136811137199e-03,2.260019071400165558e-03,2.507291967049241066e-03,4.155345726758241653e-03,4.317393060773611069e-03,2.121678553521633148e-03,1.697656931355595589e-03,2.920757280662655830e-03,3.290998749434947968e-03,1.719016232527792454e-03,4.937177058309316635e-03,2.046107547357678413e-03,3.654828295111656189e-03,3.070498118177056313e-03,2.212196821346879005e-03,1.973506528884172440e-03,6.590639241039752960e-03,3.087962511926889420e-03,8.892507292330265045e-03
7.110457122325897217e-02,3.989337384700775146e-01,2.631590366363525391e-01,7.182666063308715820e-01,4.374307114630937576e-03,2.779000997543334961e-02,1.483113914728164673e-01,5.756126046180725098e-01,2.797708287835121155e-02,7.166882976889610291e-03,1.616218127310276031e-02,1.275449409149587154e-03,4.338689148426055908e-03,9.259618818759918213e-03,5.726865027099847794e-03,3.716600593179464340e-03,3.026013029739260674e-03,3.572861198335886002e-03,2.491711871698498726e-03,2.870852593332529068e-03,3.156228922307491302e-03,2.594306133687496185e-03,4.831984173506498337e-03,4.731058143079280853e-03,5.793999880552291870e-03,1.456016115844249725e-02,5.303479265421628952e-03,3.308314597234129906e-03,2.524332841858267784e-03,3.160456661134958267e-03,9.641479700803756714e-04,3.173382719978690147e-03,2.658698009327054024e-03,2.185056451708078384e-03,5.483516957610845566e-03,4.888302180916070938e-03,4.931564908474683762e-03,3.210911992937326431e-03,1.600623712874948978e-03,4.478877410292625427e-03,3.439933992922306061e-03,1.765400636941194534e-03,3.191929077729582787e-03,5.974858999252319336e-03,1.790338079445064068e-03,2.053352771326899529e-03,2.004368929192423820e-03,2.391692250967025757e-03,2.203276846557855606e-03,4.135982599109411240e-03,4.244582727551460266e-03,1.603699172846972942e-03,5.560770165175199509e-03,6.558943539857864380e-03,6.234493106603622437e-03,5.496312864124774933e-03,5.019185133278369904e-03,3.597471863031387329e-03,4.662138875573873520e-03
3.624057024717330933e-02,2.104328013956546783e-02,3.029601834714412689e-02,2.223818749189376831e-02,2.779000997543334961e-02,1.127411890774965286e-02,9.238490462303161621e-02,2.431421875953674316e-01,1.021827682852745056e-01,1.301000360399484634e-02,1.175242960453033447e-01,2.252913825213909149e-02,6.061356049031019211e-03,3.431593626737594604e-02,1.833546347916126251e-02,5.254881922155618668e-03,7.711598183959722519e-03,8.929371833801269531e-03,9.350522421300411224e-03,9.166182950139045715e-03,3.002071520313620567e-03,7.936379872262477875e-03,5.742411594837903976e-03,2.602484775707125664e-03,7.911478169262409210e-03,4.383262712508440018e-03,2.175850095227360725e-03,2.590697025880217552e-03,2.912914846092462540e-03,3.842014586552977562e-03,9.912720415741205215e-04,2.517401473596692085e-03,2.199744805693626404e-03,1.879723160527646542e-03,4.961630795150995255e-03,4.790945444256067276e-03,4.168369807302951813e-03,2.516746520996093750e-03,1.931164995767176151e-03,4.692159593105316162e-03,3.717810381203889847e-03,2.390236360952258110e-03,2.751483116298913956e-03,3.615872235968708992e-03,1.737043377943336964e-03,4.548352211713790894e-03,1.958440523594617844e-03,1.991923665627837181e-03,3.110264893621206284e-03,2.917698351666331291e-03,2.584462752565741539e-03,3.476447425782680511e-03,3.411442739889025688e-03,4.491616040468215942e-03,4.811633843928575516e-03,3.792417468503117561e-03,4.621472209692001343e-03,4.511955659836530685e-03,7.628877181559801102e-03
2.936618030071258545e-02,6.754186004400253296e-02,4.424810782074928284e-02,1.540088281035423279e-02,1.483113914728164673e-01,9.238490462303161621e-02,2.819516696035861969e-03,5.886254832148551941e-02,2.025343626737594604e-01,5.726748611778020859e-03,8.471305482089519501e-03,1.886481768451631069e-03,1.160912960767745972e-02,6.364481523633003235e-03,6.153513677418231964e-03,9.457251988351345062e-03,2.588336123153567314e-03,1.028291787952184677e-02,1.715530082583427429e-02,9.269730187952518463e-03,6.013549398630857468e-03,6.417428143322467804e-03,6.319366395473480225e-03,1.011710893362760544e-02,1.119300350546836853e-02,8.906756527721881866e-03,1.240928424522280693e-03,6.742900703102350235e-03,2.627049805596470833e-03,1.701724249869585037e-03,2.294695703312754631e-03,2.058457583189010620e-03,3.973205573856830597e-03,2.091641537845134735e-03,4.315692000091075897e-03,3.676332067698240280e-03,9.189516305923461914e-03,2.730790292844176292e-03,2.636910881847143173e-03,2.298401668667793274e-03,3.552186768501996994e-03,2.510851947590708733e-03,3.869690699502825737e-03,1.787439803592860699e-03,2.364161657169461250e-03,4.574941005557775497e-03,2.406019018962979317e-03,3.594903741031885147e-03,4.412289243191480637e-03,2.151578664779663086e-03,2.961718942970037460e-03,2.163400407880544662e-03,5.324785597622394562e-03,4.705073311924934387e-03,7.375126238912343979e-03,1.013050228357315063e-02,5.940565373748540878e-03,7.991864345967769623e-03,1.012688782066106796e-02
6.872586160898208618e-02,1.299295574426651001e-01,1.040125191211700439e-01,9.663420915603637695e-01,5.756126046180725098e-01,2.431421875953674316e-01,5.886254832148551941e-02,1.504429965279996395e-03,5.846359301358461380e-03,1.302053332328796387e-01,1.843453943729400635e-02,4.934553871862590313e-04,9.570783004164695740e-03,5.374369677156209946e-03,9.176543913781642914e-03,1.269707456231117249e-02,2.931723371148109436e-03,1.493351999670267105e-02,9.228978306055068970e-03,3.763335756957530975e-03,6.876651197671890259e-03,1.024196855723857880e-02,1.201325841248035431e-02,3.748056711629033089e-03,6.375597324222326279e-03,4.172072745859622955e-03,1.364754978567361832e-03,3.198648337274789810e-03,1.953869592398405075e-03,1.957505010068416595e-03,1.309774001128971577e-03,1.220973208546638489e-03,2.326027723029255867e-03,2.122690435498952866e-03,3.592238761484622955e-03,7.491156458854675293e-03,5.588368978351354599e-03,2.233851002529263496e-03,3.270430723205208778e-03,4.647434223443269730e-03,3.696472384035587311e-03,1.810310874134302139e-03,1.893537468276917934e-03,1.009436510503292084e-02,1.886914600618183613e-03,2.046602312475442886e-03,1.984401838853955269e-03,2.959938254207372665e-03,2.496863249689340591e-03,3.437837585806846619e-03,2.594223478808999062e-03,1.982396934181451797e-03,3.392311511561274529e-03,3.829235443845391273e-03,2.071273280307650566e-03,2.109950874000787735e-03,2.679473953321576118e-03,1.860752003267407417e-03,2.677430864423513412e-03
2.956910431385040283e-02,8.489243686199188232e-03,1.351780164986848831e-02,1.224625483155250549e-01,2.797708287835121155e-02,1.021827682852745056e-01,2.025343626737594604e-01,5.846359301358461380e-03,2.223215997219085693e-02,4.218986257910728455e-02,9.578886441886425018e-03,9.719645604491233826e-03,1.415425678715109825e-03,2.375330077484250069e-03,2.467565052211284637e-02,3.103736788034439087e-03,8.216335624456405640e-02,8.353159762918949127e-03,1.962936669588088989e-02,1.650295034050941467e-02,7.332666218280792236e-02,1.181665062904357910e-02,9.582257829606533051e-03,1.743704779073596001e-03,2.970817731693387032e-03,2.184796612709760666e-03,1.519344747066497803e-03,3.381733549758791924e-03,3.951869439333677292e-03,1.342687290161848068e-03,2.984769642353057861e-03,2.024748362600803375e-03,2.566459123045206070e-03,3.305525053292512894e-03,3.177173901349306107e-03,2.115125535055994987e-03,2.093310467898845673e-03,5.830851383507251740e-03,1.480394508689641953e-03,2.386760897934436798e-03,1.248423662036657333e-02,1.077286340296268463e-02,1.998047344386577606e-03,3.370266873389482498e-03,6.506183650344610214e-03,2.991976682096719742e-03,6.787697318941354752e-03,2.697553718462586403e-03,3.353109117597341537e-03,1.960177673026919365e-03,3.913888707756996155e-03,1.206620503216981888e-02,2.810278674587607384e-03,2.091196831315755844e-03,1.991227036342024803e-03,3.503801533952355385e-03,1.282379776239395142e-02,3.509808564558625221e-03,5.428760778158903122e-03
1.718349568545818329e-02,9.243635460734367371e-03,5.433577112853527069e-03,7.704781368374824524e-03,7.166882976889610291e-03,1.301000360399484634e-02,5.726748611778020859e-03,1.302053332328796387e-01,4.218986257910728455e-02,3.018529340624809265e-02,5.812360718846321106e-02,8.626168221235275269e-02,1.112573593854904175e-01,1.523053087294101715e-02,1.469302028417587280e-01,2.892932109534740448e-02,7.748659700155258179e-02,2.871750295162200928e-02,1.521154027432203293e-02,1.548873931169509888e-01,3.653101250529289246e-02,5.658612586557865143e-03,1.074154581874608994e-02,2.229492645710706711e-03,5.176291335374116898e-03,1.863458659499883652e-03,2.027052454650402069e-03,2.233516424894332886e-03,3.106417367234826088e-03,1.434731879271566868e-03,1.847594860009849072e-03,2.795797307044267654e-03,2.329976065084338188e-03,3.253422211855649948e-03,4.413745366036891937e-03,2.017104765400290489e-03,2.960570156574249268e-03,5.446213297545909882e-03,1.737852231599390507e-03,2.063168445602059364e-03,5.757158622145652771e-03,2.527194563299417496e-03,1.478275167755782604e-03,2.489697886630892754e-03,2.791075268760323524e-03,2.491918159648776054e-03,2.935315947979688644e-03,1.897097099572420120e-03,3.083907766267657280e-03,1.301139011047780514e-03,1.551363966427743435e-03,4.167941864579916000e-03,1.918958849273622036e-03,2.482942538335919380e-03,2.479083836078643799e-03,3.260305849835276604e-03,2.831826684996485710e-03,6.322337314486503601e-03,2.860625041648745537e-03
3.327618166804313660e-02,4.101567715406417847e-02,2.493889071047306061e-02,1.159161925315856934e-01,1.616218127310276031e-02,1.175242960453033447e-01,8.471305482089519501e-03,1.843453943729400635e-02,9.578886441886425018e-03,5.812360718846321106e-02,7.540664519183337688e-04,2.312984131276607513e-02,8.872690796852111816e-02,1.678092479705810547e-01,4.316287860274314880e-02,5.004409700632095337e-02,7.396639324724674225e-03,1.752483658492565155e-02,2.924725878983736038e-03,1.371637731790542603e-02,8.203196339309215546e-03,3.349024103954434395e-03,5.082577932626008987e-03,2.762456191703677177e-03,5.730178672820329666e-03,2.997040748596191406e-03,1.400925102643668652e-03,1.876173890195786953e-03,1.532493042759597301e-03,1.351267565041780472e-03,1.383582479320466518e-03,1.365502597764134407e-03,2.266177907586097717e-03,3.702840302139520645e-03,5.936269648373126984e-03,5.307609215378761292e-03,3.894332051277160645e-02,3.264132654294371605e-03,2.191171748563647270e-03,1.208420190960168839e-02,8.245603181421756744e-03,2.250952878966927528e-03,3.738578408956527710e-03,7.303735241293907166e-03,5.455519538372755051e-03,2.005029935389757156e-03,2.008418319746851921e-03,2.172969747334718704e-03,3.696340601891279221e-03,6.021087057888507843e-03,2.841651672497391701e-03,2.526457654312252998e-03,3.314750269055366516e-03,2.567500341683626175e-03,2.693723188713192940e-03,5.388402380049228668e-03,2.098341705277562141e-03,1.276905066333711147e-03,1.757391146384179592e-03
1.563961058855056763e-02,5.862558726221323013e-03,8.696046657860279083e-03,1.321963686496019363e-02,1.275449409149587154e-03,2.252913825213909149e-02,1.886481768451631069e-03,4.934553871862590313e-04,9.719645604491233826e-03,8.626168221235275269e-02,2.312984131276607513e-02,8.535856381058692932e-03,2.253507636487483978e-02,1.288861334323883057e-01,3.176489472389221191e-01,1.145949773490428925e-02,1.034862101078033447e-01,9.886289946734905243e-03,7.217167317867279053e-02,9.323233366012573242e-02,4.609495028853416443e-02,5.307130049914121628e-03,1.514802034944295883e-02,2.892386401072144508e-03,3.903123317286372185e-03,2.583426656201481819e-03,2.043622313067317009e-03,4.677749238908290863e-03,3.795416327193379402e-03,2.211925340816378593e-03,2.204594668000936508e-03,2.154170302674174309e-03,5.417269188910722733e-03,5.168287549167871475e-03,4.731801338493824005e-03,3.471566364169120789e-03,3.056614892557263374e-03,5.477778147906064987e-03,1.961272209882736206e-03,2.645438071340322495e-03,5.255462601780891418e-03,4.537751432508230209e-03,1.919626607559621334e-03,2.563344547525048256e-03,9.525643661618232727e-03,4.840918816626071930e-03,3.210936672985553741e-03,3.125338815152645111e-03,4.117520526051521301e-03,2.061622915789484978e-03,3.262161044403910637e-03,4.841001704335212708e-03,2.292694291099905968e-03,2.506912685930728912e-03,3.898501861840486526e-03,3.980139270424842834e-03,4.922587890177965164e-03,3.282092045992612839e-03,3.729460760951042175e-03
8.854260668158531189e-03,6.382908206433057785e-03,6.289583630859851837e-03,1.257473137229681015e-02,4.338689148426055908e-03,6.061356049031019211e-03,1.160912960767745972e-02,9.570783004164695740e-03,1.415425678715109825e-03,1.112573593854904175e-01,8.872690796852111816e-02,2.253507636487483978e-02,3.078481240663677454e-04,6.410701572895050049e-02,2.492032758891582489e-02,1.117851287126541138e-01,4.955512285232543945e-02,2.128786779940128326e-02,3.792473673820495605e-02,3.266228362917900085e-02,3.734330832958221436e-02,8.838364854454994202e-03,2.708137221634387970e-02,1.558308256790041924e-03,2.605105936527252197e-02,5.123527254909276962e-03,2.536979736760258675e-03,5.950914230197668076e-03,4.353601019829511642e-03,2.852958627045154572e-03,2.608437556773424149e-03,5.124336574226617813e-03,3.744020359590649605e-03,4.619441460818052292e-03,9.916061535477638245e-03,2.312212716788053513e-03,9.099239483475685120e-03,7.994257844984531403e-03,2.376791322603821754e-03,1.852450077421963215e-03,2.960294252261519432e-03,1.849584281444549561e-03,2.482483396306633949e-03,1.948940218426287174e-03,5.138555541634559631e-03,2.842447254806756973e-03,2.789997728541493416e-03,2.798128873109817505e-03,5.020468495786190033e-03,2.827474148944020271e-03,1.571178087033331394e-03,2.160158473998308182e-03,4.300065804272890091e-03,3.978113178163766861e-03,3.188787261024117470e-03,3.683468559756875038e-03,3.204665612429380417e-03,4.410006571561098099e-03,4.332450218498706818e-03
1.407947763800621033e-02,1.223241630941629410e-02,9.904112666845321655e-03,3.637881949543952942e-02,9.259618818759918213e-03,3.431593626737594604e-02,6.364481523633003235e-03,5.374369677156209946e-03,2.375330077484250069e-03,1.523053087294101715e-02,1.678092479705810547e-01,1.288861334323883057e-01,6.410701572895050049e-02,1.539190299808979034e-03,1.419275440275669098e-02,4.076239764690399170e-01,1.052419468760490417e-02,4.267413169145584106e-02,4.381014779210090637e-02,9.783442132174968719e-03,7.307525258511304855e-03,1.648262375965714455e-03,3.669056342914700508e-03,2.682233927771449089e-03,5.700672045350074768e-03,6.040767300873994827e-03,3.166259033605456352e-03,3.677074564620852470e-03,5.032428074628114700e-03,4.297836683690547943e-03,3.412199905142188072e-03,3.556974697858095169e-03,5.187472794204950333e-03,5.026953760534524918e-03,3.786833491176366806e-03,5.959387868642807007e-03,8.960030041635036469e-03,5.038536619395017624e-03,2.716493792831897736e-03,2.359339734539389610e-03,4.432184621691703796e-03,2.340565668419003487e-03,2.808082615956664085e-03,6.866151466965675354e-03,4.096832592040300369e-03,5.579425022006034851e-03,1.907926285639405251e-03,1.999643398448824883e-03,4.406829830259084702e-03,1.152181765064597130e-03,1.782493200153112411e-03,3.710965625941753387e-03,4.717863164842128754e-03,2.992108929902315140e-03,1.881449599750339985e-03,3.130048979073762894e-03,2.618500264361500740e-03,3.339165821671485901e-03,3.819039557129144669e-03
4.452765453606843948e-03,2.279073465615510941e-03,4.719887860119342804e-03,1.004570443183183670e-02,5.726865027099847794e-03,1.833546347916126251e-02,6.153513677418231964e-03,9.176543913781642914e-03,2.467565052211284637e-02,1.469302028417587280e-01,4.316287860274314880e-02,3.176489472389221191e-01,2.492032758891582489e-02,1.419275440275669098e-02,2.552734687924385071e-02,4.476749151945114136e-02,6.067365407943725586e-01,9.642350487411022186e-03,1.122549772262573242e-01,5.663136765360832214e-02,1.478692144155502319e-02,2.619309816509485245e-03,6.892470177263021469e-03,1.696575898677110672e-03,2.003895817324519157e-03,1.655209460295736790e-03,1.320551265962421894e-03,2.636281307786703110e-03,2.935856115072965622e-03,1.504483632743358612e-03,2.430393826216459274e-03,2.444680780172348022e-03,2.811527112498879433e-03,5.968255456537008286e-03,4.738817457109689713e-03,4.410773050040006638e-03,3.805123036727309227e-03,9.125624783337116241e-03,2.301070140674710274e-03,2.173438202589750290e-03,5.776436068117618561e-03,9.560306556522846222e-03,1.936693792231380939e-03,6.772637367248535156e-03,5.560474935919046402e-03,3.643502015620470047e-03,4.544963594526052475e-03,1.430504024028778076e-03,3.175848396494984627e-03,1.548206782899796963e-03,2.017651917412877083e-03,5.221782252192497253e-03,1.818480668589472771e-03,2.443853998556733131e-03,1.946457894518971443e-03,3.375017782673239708e-03,4.177603404968976974e-03,2.927401103079319000e-03,3.112563164904713631e-03
1.745646446943283081e-02,7.786421105265617371e-03,9.027482010424137115e-03,6.146472413092851639e-03,3.716600593179464340e-03,5.254881922155618668e-03,9.457251988351345062e-03,1.269707456231117249e-02,3.103736788034439087e-03,2.892932109534740448e-02,5.004409700632095337e-02,1.145949773490428925e-02,1.117851287126541138e-01,4.076239764690399170e-01,4.476749151945114136e-02,1.530457288026809692e-03,8.011591620743274689e-03,7.238876223564147949e-01,2.027017623186111450e-01,1.442157197743654251e-02,3.130420809611678123e-03,1.402752008289098740e-02,5.342721473425626755e-03,2.767378697171807289e-03,4.166865255683660507e-03,4.390030633658170700e-03,1.702687703073024750e-03,3.724227193742990494e-03,2.333394717425107956e-03,5.634904373437166214e-03,1.571769127622246742e-03,2.233169972896575928e-02,3.155124839395284653e-03,2.728329272940754890e-03,2.859734231606125832e-03,5.444681737571954727e-03,1.017413660883903503e-02,2.102376427501440048e-03,2.771764062345027924e-03,2.653778763487935066e-03,3.208750160411000252e-03,2.370390342548489571e-03,4.499486181885004044e-03,1.759680570103228092e-03,3.637747606262564659e-03,3.332938300445675850e-03,1.651862519793212414e-03,4.189254250377416611e-03,6.146527826786041260e-03,2.410005312412977219e-03,1.915448810905218124e-03,2.954151714220643044e-03,4.681080114096403122e-03,2.083898754790425301e-03,2.427970524877309799e-03,5.978079512715339661e-03,3.392239334061741829e-03,2.098407596349716187e-03,3.911591600626707077e-03
4.392630420625209808e-03,2.565055619925260544e-03,3.728575073182582855e-03,3.099312307313084602e-03,3.026013029739260674e-03,7.711598183959722519e-03,2.588336123153567314e-03,2.931723371148109436e-03,8.216335624456405640e-02,7.748659700155258179e-02,7.396639324724674225e-03,1.034862101078033447e-01,4.955512285232543945e-02,1.052419468760490417e-02,6.067365407943725586e-01,8.011591620743274689e-03,9.228887408971786499e-02,5.518465302884578705e-03,1.146378442645072937e-01,4.934938997030258179e-02,8.925764821469783783e-03,9.244788438081741333e-03,5.220658145844936371e-03,4.933378659188747406e-03,1.569035695865750313e-03,1.628483063541352749e-03,2.494636224582791328e-03,4.740902688354253769e-03,5.823053885251283646e-03,3.096147906035184860e-03,3.429227508604526520e-03,4.935216624289751053e-03,5.980072077363729477e-03,9.534154087305068970e-03,1.921367086470127106e-02,3.525127889588475227e-03,3.423714311793446541e-03,1.617292128503322601e-02,2.073946874588727951e-03,1.661170041188597679e-03,9.602171368896961212e-03,5.870793480426073074e-03,1.694463659077882767e-03,1.973921665921807289e-03,7.205924950540065765e-03,3.087850753217935562e-03,5.005218554288148880e-03,2.832357306033372879e-03,4.320612177252769470e-03,1.589750871062278748e-03,2.573211910203099251e-03,7.789682596921920776e-03,1.598833245225250721e-03,3.079571295529603958e-03,2.226033946499228477e-03,2.700313227251172066e-03,4.247960168868303299e-03,4.383992869406938553e-03,2.396925818175077438e-03
8.183241821825504303e-03,7.203905843198299408e-03,5.791901610791683197e-03,1.145057100802659988e-02,3.572861198335886002e-03,8.929371833801269531e-03,1.028291787952184677e-02,1.493351999670267105e-02,8.353159762918949127e-03,2.871750295162200928e-02,1.752483658492565155e-02,9.886289946734905243e-03,2.128786779940128326e-02,4.267413169145584106e-02,9.642350487411022186e-03,7.238876223564147949e-01,5.518465302884578705e-03,1.499256584793329239e-03,1.617438346147537231e-01,3.162954449653625488e-01,4.446124657988548279e-03,1.534039527177810669e-01,1.079660840332508087e-03,1.364412601105868816e-03,1.501801423728466034e-02,4.970806185156106949e-03,2.370223635807633400e-03,4.185227677226066589e-03,9.803070686757564545e-03,2.884459448978304863e-03,2.245159121230244637e-03,1.040137279778718948e-02,8.151652291417121887e-03,1.991495862603187561e-02,8.505297824740409851e-03,6.057809572666883469e-03,3.037949092686176300e-03,8.549219928681850433e-03,2.401295816525816917e-03,3.158493665978312492e-03,4.461614415049552917e-03,1.815865049138665199e-03,2.460580784827470779e-03,3.574747825041413307e-03,2.060266677290201187e-03,2.038614358752965927e-03,1.791961374692618847e-03,2.952469745650887489e-03,4.210376646369695663e-03,1.594751025550067425e-03,1.672189566306769848e-03,3.154618199914693832e-03,3.680113470181822777e-03,2.110043074935674667e-03,1.921920105814933777e-03,2.591395983472466469e-03,2.911048475652933121e-03,1.867042505182325840e-03,3.401200985535979271e-03
3.430826356634497643e-03,2.787132281810045242e-03,2.513094572350382805e-03,4.609384108334779739e-03,2.491711871698498726e-03,9.350522421300411224e-03,1.715530082583427429e-02,9.228978306055068970e-03,1.962936669588088989e-02,1.521154027432203293e-02,2.924725878983736038e-03,7.217167317867279053e-02,3.792473673820495605e-02,4.381014779210090637e-02,1.122549772262573242e-01,2.027017623186111450e-01,1.146378442645072937e-01,1.617438346147537231e-01,1.109835458919405937e-03,3.078803978860378265e-02,3.361510038375854492e-01,6.734841503202915192e-03,1.047842204570770264e-03,4.727620398625731468e-04,8.078295504674315453e-04,5.884194979444146156e-04,4.345279652625322342e-03,3.005304373800754547e-03,3.962813876569271088e-03,2.440216951072216034e-03,1.156548969447612762e-02,6.499433889985084534e-03,9.825740009546279907e-03,3.921525180339813232e-02,1.431531552225351334e-02,4.986990243196487427e-03,1.917433366179466248e-02,2.313577942550182343e-02,2.208838472142815590e-03,1.575279631651937962e-03,1.134614367038011551e-02,8.669689297676086426e-03,5.632788408547639847e-03,7.749179843813180923e-03,1.003375649452209473e-02,2.403107937425374985e-03,2.648923080414533615e-03,2.590847434476017952e-03,8.913443423807621002e-03,1.529395231045782566e-03,1.709035946987569332e-03,3.858366049826145172e-03,1.326077268458902836e-03,1.181469880975782871e-03,9.340660180896520615e-04,1.919208210892975330e-03,1.935374224558472633e-03,1.911046914756298065e-03,1.803872874006628990e-03
5.312724038958549500e-03,2.659779042005538940e-03,2.941630547866225243e-03,4.941104911267757416e-03,2.870852593332529068e-03,9.166182950139045715e-03,9.269730187952518463e-03,3.763335756957530975e-03,1.650295034050941467e-02,1.548873931169509888e-01,1.371637731790542603e-02,9.323233366012573242e-02,3.266228362917900085e-02,9.783442132174968719e-03,5.663136765360832214e-02,1.442157197743654251e-02,4.934938997030258179e-02,3.162954449653625488e-01,3.078803978860378265e-02,1.974176801741123199e-02,1.217539981007575989e-02,3.615646809339523315e-02,6.139561533927917480e-03,2.909298287704586983e-03,1.740573556162416935e-03,1.510249567218124866e-03,4.662785213440656662e-03,4.942917264997959137e-03,1.804287731647491455e-02,6.418422330170869827e-03,5.308865569531917572e-03,4.482706077396869659e-03,1.028932631015777588e-02,1.189024001359939575e-02,1.290624495595693588e-02,3.549741813912987709e-03,3.770402166992425919e-03,1.077066361904144287e-02,2.125994767993688583e-03,1.354164909571409225e-03,4.998886957764625549e-03,4.697431344538927078e-03,2.127891173586249352e-03,1.621234230697154999e-03,3.294082824140787125e-03,2.595707075670361519e-03,4.638436716049909592e-03,3.060892689973115921e-03,3.087279852479696274e-03,1.640928792767226696e-03,2.077295212075114250e-03,4.680867306888103485e-03,1.722717192023992538e-03,1.930280122905969620e-03,1.814600196667015553e-03,2.192917745560407639e-03,4.286718089133501053e-03,3.236297052353620529e-03,2.059814753010869026e-03
2.488327911123633385e-03,2.103609265759587288e-03,2.290374366566538811e-03,3.467416623607277870e-03,3.156228922307491302e-03,3.002071520313620567e-03,6.013549398630857468e-03,6.876651197671890259e-03,7.332666218280792236e-02,3.653101250529289246e-02,8.203196339309215546e-03,4.609495028853416443e-02,3.734330832958221436e-02,7.307525258511304855e-03,1.478692144155502319e-02,3.130420809611678123e-03,8.925764821469783783e-03,4.446124657988548279e-03,3.361510038375854492e-01,1.217539981007575989e-02,4.404319915920495987e-03,4.316308535635471344e-03,3.581275697797536850e-03,2.639206824824213982e-03,4.381627368275076151e-04,4.651822673622518778e-04,4.663398489356040955e-03,3.556503448635339737e-03,1.447360869497060776e-02,5.147792398929595947e-03,1.456020306795835495e-02,2.894616499543190002e-02,1.400474905967712402e-01,2.397758215665817261e-01,7.634084671735763550e-02,7.485255133360624313e-03,1.230597868561744690e-02,2.712032496929168701e-01,6.391215138137340546e-03,3.733814461156725883e-03,1.959478855133056641e-02,1.196718029677867889e-02,3.106389194726943970e-03,2.339275553822517395e-03,1.217887457460165024e-02,2.662710379809141159e-03,3.076513530686497688e-03,2.292127348482608795e-03,3.276725998148322105e-03,8.399792131967842579e-04,2.288765739649534225e-03,2.819817047566175461e-03,1.398319262079894543e-03,1.114141079597175121e-03,2.047700108960270882e-03,1.214607851579785347e-03,1.245252438820898533e-03,2.821935107931494713e-03,1.477039651945233345e-03
2.213046187534928322e-03,1.876412425190210342e-03,3.044348210096359253e-03,2.853208221495151520e-03,2.594306133687496185e-03,7.936379872262477875e-03,6.417428143322467804e-03,1.024196855723857880e-02,1.181665062904357910e-02,5.658612586557865143e-03,3.349024103954434395e-03,5.307130049914121628e-03,8.838364854454994202e-03,1.648262375965714455e-03,2.619309816509485245e-03,1.402752008289098740e-02,9.244788438081741333e-03,1.534039527177810669e-01,6.734841503202915192e-03,3.615646809339523315e-02,4.316308535635471344e-03,4.170513711869716644e-03,1.357085555791854858e-01,3.198957070708274841e-02,6.811726093292236328e-02,3.768002847209572792e-03,1.017922349274158478e-02,2.115891128778457642e-01,2.495668232440948486e-01,4.204253479838371277e-02,1.908471062779426575e-02,9.149249196052551270e-01,8.265128731727600098e-02,1.289461646229028702e-02,1.205206476151943207e-02,5.271352827548980713e-03,5.201380234211683273e-03,5.053218454122543335e-03,2.780689392238855362e-03,1.245681894943118095e-03,2.280794782564043999e-03,2.361347200348973274e-03,1.620598370209336281e-03,1.083370414562523365e-03,1.804263563826680183e-03,2.956859534606337547e-03,1.967478776350617409e-03,1.744655426591634750e-03,2.067402238026261330e-03,1.110911252908408642e-03,1.512999529950320721e-03,1.089640194550156593e-03,1.673911581747233868e-03,2.399910474196076393e-03,8.300533518195152283e-04,1.155157806351780891e-03,3.630837425589561462e-03,2.027795417234301567e-03,1.755061442963778973e-03
1.468849601224064827e-03,1.899163937196135521e-03,2.139202551916241646e-03,2.438874449580907822e-03,4.831984173506498337e-03,5.742411594837903976e-03,6.319366395473480225e-03,1.201325841248035431e-02,9.582257829606533051e-03,1.074154581874608994e-02,5.082577932626008987e-03,1.514802034944295883e-02,2.708137221634387970e-02,3.669056342914700508e-03,6.892470177263021469e-03,5.342721473425626755e-03,5.220658145844936371e-03,1.079660840332508087e-03,1.047842204570770264e-03,6.139561533927917480e-03,3.581275697797536850e-03,1.357085555791854858e-01,1.356736407615244389e-03,5.165574140846729279e-03,3.723865747451782227e-02,2.225892152637243271e-03,1.830349415540695190e-01,2.901132702827453613e-01,3.674643337726593018e-01,2.248583287000656128e-01,4.576079547405242920e-01,1.229032054543495178e-01,2.783935889601707458e-02,9.974850341677665710e-03,5.518415011465549469e-03,4.356479272246360779e-03,2.971029607579112053e-03,1.188444253057241440e-02,3.075410611927509308e-03,1.090266276150941849e-03,4.545281175523996353e-03,4.281811416149139404e-03,3.110964549705386162e-03,1.604573451913893223e-03,2.936639124527573586e-03,3.472717944532632828e-03,2.143974415957927704e-03,2.237424021586775780e-03,3.963017370551824570e-03,1.186520676128566265e-03,1.699120039120316505e-03,1.590316742658615112e-02,2.682387363165616989e-03,1.744727720506489277e-03,1.352861756458878517e-03,1.550830784253776073e-03,1.951437792740762234e-03,1.757232123054563999e-03,1.807345775887370110e-03
4.293702542781829834e-03,2.829760545864701271e-03,4.457945469766855240e-03,2.852261532098054886e-03,4.731058143079280853e-03,2.602484775707125664e-03,1.011710893362760544e-02,3.748056711629033089e-03,1.743704779073596001e-03,2.229492645710706711e-03,2.762456191703677177e-03,2.892386401072144508e-03,1.558308256790041924e-03,2.682233927771449089e-03,1.696575898677110672e-03,2.767378697171807289e-03,4.933378659188747406e-03,1.364412601105868816e-03,4.727620398625731468e-04,2.909298287704586983e-03,2.639206824824213982e-03,3.198957070708274841e-02,5.165574140846729279e-03,1.434203353710472584e-03,2.560894005000591278e-02,6.038606539368629456e-02,9.130003452301025391e-01,1.048633903264999390e-01,2.519637048244476318e-01,8.005533814430236816e-01,2.095405310392379761e-01,7.439117431640625000e-01,2.614839375019073486e-01,4.335987381637096405e-03,7.650293409824371338e-03,1.702390238642692566e-02,2.829970326274633408e-03,2.337045269086956978e-03,3.688076976686716080e-03,2.162091434001922607e-03,2.029975410550832748e-03,1.604616292752325535e-03,2.539322944357991219e-03,3.322596661746501923e-03,4.379489459097385406e-03,4.364876542240381241e-03,2.114174654707312584e-03,4.970530513674020767e-03,4.468059632927179337e-03,3.044152865186333656e-03,2.470710547640919685e-03,1.492466311901807785e-03,1.870518433861434460e-03,3.646298777312040329e-03,2.569712698459625244e-03,2.198517322540283203e-03,1.917893416248261929e-03,1.514300354756414890e-03,3.471439471468329430e-03
4.530173260718584061e-03,7.720181252807378769e-03,6.286406889557838440e-03,8.601434528827667236e-03,5.793999880552291870e-03,7.911478169262409210e-03,1.119300350546836853e-02,6.375597324222326279e-03,2.970817731693387032e-03,5.176291335374116898e-03,5.730178672820329666e-03,3.903123317286372185e-03,2.605105936527252197e-02,5.700672045350074768e-03,2.003895817324519157e-03,4.166865255683660507e-03,1.569035695865750313e-03,1.501801423728466034e-02,8.078295504674315453e-04,1.740573556162416935e-03,4.381627368275076151e-04,6.811726093292236328e-02,3.723865747451782227e-02,2.560894005000591278e-02,1.528360182419419289e-03,1.835533529520034790e-01,1.530377119779586792e-01,2.899394631385803223e-01,7.513137906789779663e-02,2.812252752482891083e-02,1.175006385892629623e-02,8.500470221042633057e-02,4.991262685507535934e-03,4.444816615432500839e-03,5.095854401588439941e-03,5.780791863799095154e-03,3.460214240476489067e-03,3.636408364400267601e-03,3.517755772918462753e-03,3.163396380841732025e-03,2.060910919681191444e-03,1.504521700553596020e-03,2.016688231378793716e-03,4.313170444220304489e-03,3.526615910232067108e-03,4.365728236734867096e-03,2.856213366612792015e-03,6.742556113749742508e-03,4.773985128849744797e-03,5.582947749644517899e-03,3.667116397991776466e-03,2.415071940049529076e-03,3.853227011859416962e-03,7.155995815992355347e-03,4.505410790443420410e-03,3.888532286509871483e-03,3.021624404937028885e-03,2.628226764500141144e-03,4.811720456928014755e-03
4.426576662808656693e-03,8.590715005993843079e-03,6.688709370791912079e-03,7.206321228295564651e-03,1.456016115844249725e-02,4.383262712508440018e-03,8.906756527721881866e-03,4.172072745859622955e-03,2.184796612709760666e-03,1.863458659499883652e-03,2.997040748596191406e-03,2.583426656201481819e-03,5.123527254909276962e-03,6.040767300873994827e-03,1.655209460295736790e-03,4.390030633658170700e-03,1.628483063541352749e-03,4.970806185156106949e-03,5.884194979444146156e-04,1.510249567218124866e-03,4.651822673622518778e-04,3.768002847209572792e-03,2.225892152637243271e-03,6.038606539368629456e-02,1.835533529520034790e-01,9.717982611618936062e-04,4.564822912216186523e-01,4.087731242179870605e-01,1.940695755183696747e-02,3.050442039966583252e-01,1.352956425398588181e-02,4.089019447565078735e-02,3.497913107275962830e-02,3.063335083425045013e-03,4.032969940453767776e-03,1.035907026380300522e-02,5.049710627645254135e-03,2.073867013677954674e-03,1.081413216888904572e-02,7.194919046014547348e-03,1.569457817822694778e-03,7.688895566388964653e-04,8.188258856534957886e-03,1.196975167840719223e-02,2.683811122551560402e-03,5.087856203317642212e-03,3.103500930592417717e-03,1.077901944518089294e-02,2.174391597509384155e-02,2.207373827695846558e-02,3.252878086641430855e-03,2.063811756670475006e-03,7.673459127545356750e-03,3.156612860038876534e-03,4.476177971810102463e-03,4.727112594991922379e-03,3.133372869342565536e-03,2.445467049255967140e-03,6.281809415668249130e-03
5.544285289943218231e-03,2.490492770448327065e-03,2.824197057634592056e-03,2.254507737234234810e-03,5.303479265421628952e-03,2.175850095227360725e-03,1.240928424522280693e-03,1.364754978567361832e-03,1.519344747066497803e-03,2.027052454650402069e-03,1.400925102643668652e-03,2.043622313067317009e-03,2.536979736760258675e-03,3.166259033605456352e-03,1.320551265962421894e-03,1.702687703073024750e-03,2.494636224582791328e-03,2.370223635807633400e-03,4.345279652625322342e-03,4.662785213440656662e-03,4.663398489356040955e-03,1.017922349274158478e-02,1.830349415540695190e-01,9.130003452301025391e-01,1.530377119779586792e-01,4.564822912216186523e-01,1.495586941018700600e-03,1.536417901515960693e-01,1.082720682024955750e-01,8.717746734619140625e-01,1.275596469640731812e-01,6.975511461496353149e-02,6.675885617733001709e-02,3.897933289408683777e-03,2.183980541303753853e-03,5.846279207617044449e-03,3.329419065266847610e-03,2.522362163290381432e-03,7.504565641283988953e-03,2.138119656592607498e-03,1.634030137211084366e-03,1.588293933309614658e-03,3.775818506255745888e-03,2.450431929901242256e-03,3.678589593619108200e-03,5.603044759482145309e-03,1.875245361588895321e-03,6.468547508120536804e-03,4.601663444191217422e-03,5.396491382271051407e-03,3.435440128669142723e-03,1.407546107657253742e-03,3.118709428235888481e-03,1.868330640718340874e-03,2.721293130889534950e-03,2.465699799358844757e-03,1.965128118172287941e-03,2.960981102660298347e-03,6.053024902939796448e-03
