4.995086346752941608e-04,1.019525900483131409e-01,1.909119188785552979e-01,9.089712798595428467e-02,1.175507828593254089e-01,3.012708202004432678e-02,9.746922552585601807e-02,9.512487798929214478e-02,5.248467996716499329e-02,4.709381610155105591e-02,4.702273011207580566e-02,1.821427606046199799e-02,2.067456766963005066e-02,2.861144952476024628e-02,7.512820418924093246e-03,1.410613767802715302e-02,5.278298631310462952e-03,9.341374039649963379e-03,3.382604569196701050e-03,3.553319256752729416e-03,3.233200637623667717e-03,2.826100215315818787e-03,2.207435900345444679e-03,4.540772177278995514e-03,9.392177686095237732e-03,6.571333389729261398e-03,1.258529908955097198e-02,4.271589685231447220e-03,2.713803201913833618e-03,2.957196906208992004e-03,1.617316622287034988e-03,2.380799734964966774e-03,2.103881444782018661e-03,1.366249867714941502e-03,2.388981636613607407e-03,4.192816093564033508e-03,9.867032058537006378e-03,2.003558212891221046e-03,1.897944021038711071e-03,3.074197564274072647e-03,3.800227772444486618e-03,9.481057641096413136e-04,2.995121991261839867e-03,7.393549196422100067e-03,3.769105998799204826e-03,2.691890811547636986e-03,1.363194198347628117e-03,2.756387460976839066e-03,3.298571333289146423e-03,3.579001640900969505e-03,1.841961406171321869e-03,1.908252248540520668e-03,1.902988529764115810e-03,3.800484351813793182e-03,7.506277877837419510e-03,4.516082350164651871e-03,3.648535814136266708e-03,4.443807993084192276e-03,6.517567206174135208e-03
1.019525900483131409e-01,8.074485696852207184e-03,2.309688180685043335e-01,1.025863289833068848e-01,2.444467544555664062e-01,2.173663489520549774e-02,3.938069194555282593e-02,6.079988554120063782e-02,1.810410246253013611e-02,1.256001554429531097e-02,3.273288160562515259e-02,5.116446875035762787e-03,3.892115131020545959e-02,1.551340334117412567e-02,5.374178290367126465e-03,1.047214958816766739e-02,3.873951965942978859e-03,9.998417459428310394e-03,4.158447030931711197e-03,3.752642543986439705e-03,2.091276459395885468e-03,2.138984622433781624e-03,3.276498522609472275e-03,5.235172342509031296e-03,6.656569894403219223e-03,1.321913953870534897e-02,6.091972813010215759e-03,6.667996291071176529e-03,2.359627047553658485e-03,2.929336391389369965e-03,1.406478229910135269e-03,2.297282218933105469e-03,2.758877584710717201e-03,1.535747665911912918e-03,3.329702420160174370e-03,3.788292640820145607e-03,1.140026748180389404e-02,2.061994746327400208e-03,3.837334457784891129e-03,1.043236255645751953e-02,2.690293593332171440e-03,6.635569152422249317e-04,4.271070472896099091e-03,8.347686380147933960e-03,1.527291489765048027e-03,2.890425967052578926e-03,1.519932411611080170e-03,2.548123244196176529e-03,2.733397763222455978e-03,7.082830648869276047e-03,1.902811927720904350e-03,1.730196643620729446e-03,3.334471955895423889e-03,3.305770223960280418e-03,3.864020574837923050e-03,9.732068516314029694e-03,3.195844357833266258e-03,3.197701415047049522e-03,1.274193730205297470e-02
1.909119188785552979e-01,2.309688180685043335e-01,2.962313033640384674e-02,2.234057784080505371e-01,4.714303314685821533e-01,3.245130479335784912e-01,4.404709115624427795e-02,1.150952428579330444e-01,2.992433495819568634e-02,9.337977506220340729e-03,1.758750900626182556e-02,6.626990623772144318e-03,3.179819881916046143e-02,1.871975697576999664e-02,6.630645599216222763e-03,1.086063776165246964e-02,6.012904923409223557e-03,6.960043683648109436e-03,1.926306518726050854e-03,3.362543182447552681e-03,2.066336339339613914e-03,2.534966683015227318e-03,3.045144258067011833e-03,4.257480613887310028e-03,5.187187809497117996e-03,6.187868304550647736e-03,2.717968309298157692e-03,4.305275157094001770e-03,2.060191007331013680e-03,2.186750760301947594e-03,1.064258278347551823e-03,1.290764543227851391e-03,2.297026570886373520e-03,1.593702123500406742e-03,2.185554476454854012e-03,4.088823217898607254e-03,7.920675911009311676e-03,1.717930776067078114e-03,2.047857036814093590e-03,9.995855391025543213e-03,2.081151818856596947e-03,1.243594801053404808e-03,3.900428535416722298e-03,3.703936003148555756e-03,2.246133517473936081e-03,2.972323680296540260e-03,1.609164872206747532e-03,2.245360054075717926e-03,2.684995764866471291e-03,7.804123219102621078e-03,3.006674814969301224e-03,1.735306228511035442e-03,2.902931533753871918e-03,4.100857768207788467e-03,4.078182857483625412e-03,3.598718205466866493e-03,3.191069001331925392e-03,2.279978012666106224e-03,5.279723089188337326e-03
9.089712798595428467e-02,1.025863289833068848e-01,2.234057784080505371e-01,5.244050174951553345e-03,4.126064181327819824e-01,1.107288300991058350e-01,1.563121564686298370e-02,9.068475961685180664e-01,1.872446537017822266e-01,1.332171261310577393e-02,2.104429714381694794e-02,7.832056842744350433e-03,3.838954865932464600e-02,1.671661250293254852e-02,1.246338523924350739e-02,1.201027538627386093e-02,6.461536511778831482e-03,1.744565553963184357e-02,6.953521165996789932e-03,4.641982261091470718e-03,2.850719960406422615e-03,2.106578089296817780e-03,2.963898004963994026e-03,2.512599807232618332e-03,1.157963834702968597e-02,5.386781878769397736e-03,3.834528382867574692e-03,2.668857574462890625e-03,2.629480790346860886e-03,2.486002165824174881e-03,1.566273625940084457e-03,2.735940273851156235e-03,1.993248471990227699e-03,1.252173329703509808e-03,2.814726671203970909e-03,2.223920077085494995e-03,4.014287143945693970e-03,2.318256301805377007e-03,1.466092537157237530e-03,3.269629087299108505e-03,3.672617021948099136e-03,1.886564306914806366e-03,1.451754942536354065e-03,3.076596651226282120e-03,2.070039510726928711e-03,1.266112667508423328e-03,1.246731146238744259e-03,2.283366862684488297e-03,2.177217043936252594e-03,2.136430703103542328e-03,3.261821810156106949e-03,1.774605829268693924e-03,1.911429106257855892e-03,2.416724571958184242e-03,3.991485573351383209e-03,2.158524701371788979e-03,4.321379587054252625e-03,3.535946598276495934e-03,6.645398214459419250e-03
1.175507828593254089e-01,2.444467544555664062e-01,4.714303314685821533e-01,4.126064181327819824e-01,1.490247808396816254e-02,7.351327687501907349e-02,8.636719584465026855e-01,2.567863464355468750e-01,1.143755484372377396e-02,7.341196760535240173e-03,6.432666443288326263e-03,1.888075959868729115e-03,3.312351182103157043e-02,1.787103712558746338e-02,4.781456198543310165e-03,5.250977352261543274e-03,3.464276203885674477e-03,1.242309529334306717e-02,4.326926544308662415e-03,3.118236782029271126e-03,2.193852793425321579e-03,2.020471030846238136e-03,3.762225620448589325e-03,3.268903354182839394e-03,6.127222441136837006e-03,7.027909159660339355e-03,3.660483052954077721e-03,3.136551706120371819e-03,2.429059008136391640e-03,1.813616021536290646e-03,1.266568084247410297e-03,3.290171269327402115e-03,2.427253406494855881e-03,1.536720432341098785e-03,2.426751190796494484e-03,4.496714565902948380e-03,5.335473921149969101e-03,2.035294426605105400e-03,2.674198709428310394e-03,5.783085711300373077e-03,2.550413832068443298e-03,1.296321046538650990e-03,3.374835010617971420e-03,3.215878969058394432e-03,2.636202378198504448e-03,2.835994586348533630e-03,1.484171720221638680e-03,1.877889037132263184e-03,6.708154454827308655e-03,2.915521152317523956e-03,4.294273443520069122e-03,1.606837729923427105e-03,3.841649740934371948e-03,3.628774778917431831e-03,1.970223151147365570e-03,3.457313170656561852e-03,1.899317605420947075e-03,4.020348656922578812e-03,3.894187975674867630e-03
3.012708202004432678e-02,2.173663489520549774e-02,3.245130479335784912e-01,1.107288300991058350e-01,7.351327687501907349e-02,6.993896793574094772e-03,2.472612634301185608e-02,1.445237994194030762e-01,3.531357645988464355e-02,4.800293967127799988e-02,2.176251076161861420e-02,9.126003831624984741e-03,1.671032048761844635e-02,1.002626121044158936e-02,1.698854193091392517e-02,9.947748854756355286e-03,1.126831024885177612e-02,8.844073861837387085e-03,7.643819786608219147e-03,5.892806220799684525e-03,3.006527666002511978e-03,8.933765813708305359e-03,5.447210744023323059e-03,4.690400790423154831e-03,7.091904059052467346e-03,6.169436499476432800e-03,2.656657947227358818e-03,2.530356403440237045e-03,3.877563634887337685e-03,4.181118216365575790e-03,1.379619236104190350e-03,2.358895260840654373e-03,1.831940840929746628e-03,1.591812469996511936e-03,3.907504025846719742e-03,3.048926359042525291e-03,6.010195240378379822e-03,2.306197769939899445e-03,1.147720264270901680e-03,7.138008717447519302e-03,3.064587945118546486e-03,1.517618424259126186e-03,2.404626458883285522e-03,5.473898723721504211e-03,2.041721018031239510e-03,6.345962639898061752e-03,2.542093629017472267e-03,1.917293760925531387e-03,4.999501165002584457e-03,6.001339759677648544e-03,2.641631290316581726e-03,2.414323156699538231e-03,4.446378443390130997e-03,2.705965191125869751e-03,3.810108173638582230e-03,3.732534125447273254e-03,2.296026796102523804e-03,2.368787303566932678e-03,4.397485870867967606e-03
9.746922552585601807e-02,3.938069194555282593e-02,4.404709115624427795e-02,1.563121564686298370e-02,8.636719584465026855e-01,2.472612634301185608e-02,1.635883236303925514e-03,2.249552011489868164e-01,4.649647772312164307e-01,4.504026100039482117e-02,5.161126144230365753e-03,3.053392050787806511e-03,5.066620931029319763e-02,1.310488209128379822e-02,6.612961180508136749e-03,1.340919639915227890e-02,1.265077292919158936e-02,1.471285149455070496e-02,1.381410658359527588e-02,7.939518429338932037e-03,7.879147306084632874e-03,2.041014842689037323e-03,4.024813417345285416e-03,3.269358538091182709e-03,5.027972161769866943e-03,6.690701935440301895e-03,1.100261346437036991e-03,3.677011467516422272e-03,2.338317455723881721e-03,1.794582698494195938e-03,1.118114334531128407e-03,1.284713041968643665e-03,2.548194956034421921e-03,1.387825235724449158e-03,3.591015236452221870e-03,1.700568478554487228e-03,6.397686433047056198e-03,2.456554211676120758e-03,5.082929506897926331e-03,3.647839184850454330e-03,3.544101025909185410e-03,2.466842299327254295e-03,2.819468732923269272e-03,1.911955070681869984e-03,2.590699587017297745e-03,3.235924756154417992e-03,1.748266629874706268e-03,2.600474050268530846e-03,4.741336684674024582e-03,1.911755651235580444e-03,1.839733216911554337e-03,1.678178552538156509e-03,5.329899489879608154e-03,3.624832490459084511e-03,3.025906858965754509e-03,5.796936806291341782e-03,4.061194136738777161e-03,5.931150633841753006e-03,6.718564312905073166e-03
9.512487798929214478e-02,6.079988554120063782e-02,1.150952428579330444e-01,9.068475961685180664e-01,2.567863464355468750e-01,1.445237994194030762e-01,2.249552011489868164e-01,1.531756366603076458e-03,2.559789083898067474e-02,1.505815237760543823e-02,1.669114530086517334e-01,1.271130866371095181e-03,2.230164594948291779e-02,2.055535092949867249e-02,1.122394576668739319e-02,2.794439345598220825e-02,7.354531437158584595e-03,1.218911353498697281e-02,9.507974609732627869e-03,6.205251906067132950e-03,2.943376544862985611e-03,3.200111212208867073e-03,3.934042993932962418e-03,1.799202058464288712e-03,4.556896630674600601e-03,4.644680302590131760e-03,1.789390807971358299e-03,2.205816097557544708e-03,1.779863378033041954e-03,1.766600064001977444e-03,9.859397541731595993e-04,2.815766725689172745e-03,1.750874216668307781e-03,9.237542981281876564e-04,2.583340741693973541e-03,4.097324796020984650e-03,5.477580707520246506e-03,2.089975168928503990e-03,1.861252356320619583e-03,1.532318908721208572e-02,3.321089083328843117e-03,1.592726679518818855e-03,1.835169852711260319e-03,8.334560319781303406e-03,2.311243675649166107e-03,1.695699058473110199e-03,1.078157685697078705e-03,4.385998006910085678e-03,2.938257763162255287e-03,2.716023707762360573e-03,1.435014768503606319e-03,2.894946606829762459e-03,5.494540557265281677e-03,2.604216802865266800e-03,3.786610206589102745e-03,2.774538705125451088e-03,1.854499219916760921e-03,1.874586916528642178e-03,4.855809267610311508e-03
5.248467996716499329e-02,1.810410246253013611e-02,2.992433495819568634e-02,1.872446537017822266e-01,1.143755484372377396e-02,3.531357645988464355e-02,4.649647772312164307e-01,2.559789083898067474e-02,4.102775827050209045e-02,5.028192698955535889e-02,1.801960915327072144e-02,1.315912902355194092e-01,4.867761861532926559e-03,3.763825865462422371e-03,4.436174780130386353e-02,2.025174908339977264e-02,4.871876537799835205e-02,1.738957501947879791e-02,1.759007945656776428e-02,7.431489229202270508e-02,2.496706508100032806e-02,2.897017868235707283e-03,4.050919786095619202e-03,1.695544109679758549e-03,2.818211447447538376e-03,1.492341281846165657e-03,1.191180082969367504e-03,1.892859116196632385e-03,2.832143101841211319e-03,1.725638983771204948e-03,1.734363147988915443e-03,1.309431158006191254e-03,1.976369414478540421e-03,3.045378718525171280e-03,3.912278916686773300e-03,1.102344947867095470e-03,2.079294761642813683e-03,6.049712188541889191e-03,1.512732356786727905e-03,1.694899285212159157e-03,4.076757468283176422e-03,5.303823854774236679e-03,1.701968838460743427e-03,2.474540844559669495e-03,8.450987748801708221e-03,2.852779580280184746e-03,3.195267403498291969e-03,1.945637399330735207e-03,3.926758654415607452e-03,2.158889314159750938e-03,2.082418650388717651e-03,4.330702126026153564e-03,3.308564890176057816e-03,1.558916061185300350e-03,1.938024186529219151e-03,1.711690332740545273e-03,3.927861340343952179e-03,4.126352258026599884e-03,5.151310469955205917e-03
4.709381610155105591e-02,1.256001554429531097e-02,9.337977506220340729e-03,1.332171261310577393e-02,7.341196760535240173e-03,4.800293967127799988e-02,4.504026100039482117e-02,1.505815237760543823e-02,5.028192698955535889e-02,9.541406296193599701e-03,2.099946141242980957e-01,1.573453098535537720e-01,6.579512357711791992e-02,1.706609427928924561e-01,2.054514884948730469e-01,2.822344563901424408e-02,1.168437376618385315e-01,1.553131546825170517e-02,9.822548367083072662e-03,7.311858981847763062e-02,6.862549111247062683e-03,1.821678946726024151e-03,3.347138874232769012e-03,1.426001195795834064e-03,2.711147302761673927e-03,1.398886670358479023e-03,1.575663685798645020e-03,2.149904612451791763e-03,2.052890602499246597e-03,1.901506562717258930e-03,1.772416871972382069e-03,1.278785406611859798e-03,1.900015631690621376e-03,3.174186684191226959e-03,2.429934684187173843e-03,2.963389502838253975e-03,3.178575541824102402e-03,4.097608849406242371e-03,1.308855600655078888e-03,1.896410016342997551e-03,5.414040759205818176e-03,3.845437895506620407e-03,1.591505482792854309e-03,3.498165402561426163e-03,4.645793698728084564e-03,1.884513767436146736e-03,2.855357946828007698e-03,2.876997459679841995e-03,5.091425031423568726e-03,2.229435369372367859e-03,1.588844577781856060e-03,3.180094528943300247e-03,1.542443642392754555e-03,1.438859268091619015e-03,3.647861536592245102e-03,3.547246335074305534e-03,3.355895867571234703e-03,4.219332709908485413e-03,3.811951028183102608e-03
4.702273011207580566e-02,3.273288160562515259e-02,1.758750900626182556e-02,2.104429714381694794e-02,6.432666443288326263e-03,2.176251076161861420e-02,5.161126144230365753e-03,1.669114530086517334e-01,1.801960915327072144e-02,2.099946141242980957e-01,7.685877499170601368e-04,4.607475176453590393e-02,5.544728040695190430e-01,5.083006024360656738e-01,7.121367454528808594e-01,9.613407403230667114e-02,1.360725425183773041e-02,2.059750817716121674e-02,2.634917385876178741e-02,8.211316540837287903e-03,3.602676792070269585e-03,2.130486769601702690e-03,1.402123598381876945e-03,2.240903442725539207e-03,2.045151544734835625e-03,2.611693693324923515e-03,2.254194812849164009e-03,2.556015504524111748e-03,9.347270242869853973e-04,1.202405430376529694e-03,7.651355117559432983e-04,8.774164016358554363e-04,1.702761277556419373e-03,9.829177288338541985e-04,5.234973970800638199e-03,2.862282330170273781e-03,1.257999055087566376e-02,2.198625123128294945e-03,1.678016269579529762e-03,8.148791268467903137e-03,5.205990746617317200e-03,2.024043118581175804e-03,6.606399081647396088e-03,4.285556264221668243e-03,4.636371973901987076e-03,2.365815686061978340e-03,1.739560510031878948e-03,2.081276616081595421e-03,4.312709439545869827e-03,3.422533161938190460e-03,1.405499293468892574e-03,2.834070706740021706e-03,3.168396884575486183e-03,2.765613142400979996e-03,2.230192767456173897e-03,2.530208555981516838e-03,1.956417225301265717e-03,2.420431235805153847e-03,2.042421605437994003e-03
1.821427606046199799e-02,5.116446875035762787e-03,6.626990623772144318e-03,7.832056842744350433e-03,1.888075959868729115e-03,9.126003831624984741e-03,3.053392050787806511e-03,1.271130866371095181e-03,1.315912902355194092e-01,1.573453098535537720e-01,4.607475176453590393e-02,1.751660555601119995e-02,2.940475381910800934e-02,6.216529756784439087e-02,6.863766312599182129e-01,6.981588900089263916e-02,2.377478033304214478e-01,4.367576166987419128e-02,2.218139916658401489e-02,2.922346815466880798e-02,1.013714633882045746e-02,3.215473843738436699e-03,3.572604851797223091e-03,2.757231704890727997e-03,3.744251793250441551e-03,3.234812989830970764e-03,1.982416026294231415e-03,2.450894797220826149e-03,3.265660721808671951e-03,1.910536899231374264e-03,1.770344329997897148e-03,2.127386163920164108e-03,3.154513193294405937e-03,3.683151910081505775e-03,5.008799023926258087e-03,2.184999408200383186e-03,3.626828780397772789e-03,4.754989873617887497e-03,1.184867927804589272e-03,3.175864927470684052e-03,6.505915429443120956e-03,3.881471930071711540e-03,1.729620154947042465e-03,2.624190179631114006e-03,5.532246548682451248e-03,4.017267841845750809e-03,3.239593701437115669e-03,2.756998408585786819e-03,5.108925513923168182e-03,2.531364094465970993e-03,3.519066609442234039e-03,3.964683506637811661e-03,2.532615326344966888e-03,2.082664519548416138e-03,3.284393809735774994e-03,2.712453482672572136e-03,2.869250485673546791e-03,2.883901353925466537e-03,4.277235362678766251e-03
2.067456766963005066e-02,3.892115131020545959e-02,3.179819881916046143e-02,3.838954865932464600e-02,3.312351182103157043e-02,1.671032048761844635e-02,5.066620931029319763e-02,2.230164594948291779e-02,4.867761861532926559e-03,6.579512357711791992e-02,5.544728040695190430e-01,2.940475381910800934e-02,1.876500784419476986e-03,1.552657186985015869e-01,5.477937310934066772e-02,1.917996704578399658e-01,5.468012765049934387e-02,4.126458987593650818e-02,1.302104722708463669e-02,6.557035725563764572e-03,8.759635500609874725e-03,1.991923665627837181e-03,3.059154376387596130e-03,1.543232006952166557e-03,4.887504037469625473e-03,2.009615302085876465e-03,8.716725278645753860e-04,3.474300727248191833e-03,2.248025732114911079e-03,1.556999981403350830e-03,1.787895802408456802e-03,1.114686136133968830e-03,1.520393416285514832e-03,1.845598919317126274e-03,2.962262602522969246e-03,1.413655001670122147e-03,2.751132240518927574e-03,4.193196538835763931e-03,8.311630226671695709e-04,2.414211630821228027e-03,4.338897299021482468e-03,2.008602721616625786e-03,2.717067487537860870e-03,3.235051408410072327e-03,4.816049244254827499e-03,4.514172673225402832e-03,1.515196054242551327e-03,3.725011134520173073e-03,4.747129976749420166e-03,4.053492564707994461e-03,2.237292006611824036e-03,1.647067023441195488e-03,4.353998228907585144e-03,3.145038848742842674e-03,3.466255497187376022e-03,7.830063812434673309e-03,1.586058759130537510e-03,5.767045076936483383e-03,6.018159445375204086e-03
2.861144952476024628e-02,1.551340334117412567e-02,1.871975697576999664e-02,1.671661250293254852e-02,1.787103712558746338e-02,1.002626121044158936e-02,1.310488209128379822e-02,2.055535092949867249e-02,3.763825865462422371e-03,1.706609427928924561e-01,5.083006024360656738e-01,6.216529756784439087e-02,1.552657186985015869e-01,3.693165257573127747e-03,1.821470819413661957e-02,6.147313714027404785e-01,4.893477074801921844e-03,1.008380204439163208e-02,6.551664788275957108e-03,2.873650984838604927e-03,5.606095073744654655e-04,1.420240616425871849e-03,1.525774016045033932e-03,2.942672697827219963e-03,4.607240203768014908e-03,3.474563360214233398e-03,3.036125795915722847e-03,4.081073217093944550e-03,2.725003287196159363e-03,3.702347399666905403e-03,2.380895894020795822e-03,1.821457990445196629e-03,2.563253045082092285e-03,2.777289599180221558e-03,4.400108475238084793e-03,2.012312877923250198e-03,3.597543574869632721e-03,3.117586020380258560e-03,3.771323012188076973e-03,3.224424086511135101e-03,3.429084317758679390e-03,4.128071013838052750e-03,6.292761303484439850e-03,5.392996594309806824e-03,7.974029518663883209e-03,8.218798786401748657e-03,1.743766246363520622e-03,3.717681393027305603e-03,6.887005642056465149e-03,3.643431235104799271e-03,2.536546438932418823e-03,3.722369903698563576e-03,5.280509591102600098e-03,2.692222362384200096e-03,2.465752419084310532e-03,3.087196033447980881e-03,2.565497066825628281e-03,4.964015912264585495e-03,4.708544351160526276e-03
7.512820418924093246e-03,5.374178290367126465e-03,6.630645599216222763e-03,1.246338523924350739e-02,4.781456198543310165e-03,1.698854193091392517e-02,6.612961180508136749e-03,1.122394576668739319e-02,4.436174780130386353e-02,2.054514884948730469e-01,7.121367454528808594e-01,6.863766312599182129e-01,5.477937310934066772e-02,1.821470819413661957e-02,1.542621552944183350e-01,6.208630651235580444e-02,2.855421602725982666e-01,3.965646028518676758e-02,1.477179396897554398e-02,1.903718709945678711e-02,4.447290208190679550e-03,1.619780785404145718e-03,6.488454062491655350e-03,1.813439768739044666e-03,1.896483125165104866e-03,1.265272381715476513e-03,1.006553065963089466e-03,2.147516235709190369e-03,1.906806253828108311e-03,1.340172253549098969e-03,1.559105119667947292e-03,1.090086181648075581e-03,1.762004569172859192e-03,4.078598693013191223e-03,5.694778170436620712e-03,1.784164691343903542e-03,3.146251430734992027e-03,5.869986023753881454e-03,2.154350746423006058e-03,3.374558873474597931e-03,6.594758480787277222e-03,7.396479137241840363e-03,2.022471744567155838e-03,5.046912934631109238e-03,4.397496115416288376e-03,3.137320978567004204e-03,1.871790969744324684e-03,1.406777533702552319e-03,2.991827204823493958e-03,1.659364905208349228e-03,2.532769460231065750e-03,2.842978574335575104e-03,2.533290069550275803e-03,2.656928030773997307e-03,2.018835162743926048e-03,2.391450107097625732e-03,3.097436157986521721e-03,1.857437426224350929e-03,3.430541139096021652e-03
1.410613767802715302e-02,1.047214958816766739e-02,1.086063776165246964e-02,1.201027538627386093e-02,5.250977352261543274e-03,9.947748854756355286e-03,1.340919639915227890e-02,2.794439345598220825e-02,2.025174908339977264e-02,2.822344563901424408e-02,9.613407403230667114e-02,6.981588900089263916e-02,1.917996704578399658e-01,6.147313714027404785e-01,6.208630651235580444e-02,1.890269108116626740e-03,3.760724794119596481e-03,5.300480723381042480e-01,7.143769878894090652e-03,3.675580956041812897e-03,1.729028183035552502e-03,1.376187079586088657e-03,1.213267212733626366e-03,3.692633705213665962e-03,3.978683613240718842e-03,9.899638593196868896e-03,1.751175150275230408e-03,2.015846781432628632e-03,1.996203558519482613e-03,3.772444557398557663e-03,1.011747634038329124e-03,3.804801497608423233e-03,2.199336420744657516e-03,2.498698653653264046e-03,4.505307879298925400e-03,4.545058589428663254e-03,1.083611883223056793e-02,2.728464081883430481e-03,2.540037967264652252e-03,3.310729051008820534e-03,3.814446972683072090e-03,2.064080908894538879e-03,4.175644367933273315e-03,5.390152800828218460e-03,7.114634383469820023e-03,7.285273168236017227e-03,1.717498176731169224e-03,5.158257205039262772e-03,5.788887385278940201e-03,7.329325657337903976e-03,2.198419999331235886e-03,1.858938136138021946e-03,3.613597014918923378e-03,2.815196523442864418e-03,2.581764711067080498e-03,4.157740157097578049e-03,1.651423750445246696e-03,4.362804815173149109e-03,4.578075837343931198e-03
5.278298631310462952e-03,3.873951965942978859e-03,6.012904923409223557e-03,6.461536511778831482e-03,3.464276203885674477e-03,1.126831024885177612e-02,1.265077292919158936e-02,7.354531437158584595e-03,4.871876537799835205e-02,1.168437376618385315e-01,1.360725425183773041e-02,2.377478033304214478e-01,5.468012765049934387e-02,4.893477074801921844e-03,2.855421602725982666e-01,3.760724794119596481e-03,6.342177838087081909e-02,2.239300683140754700e-02,4.087784141302108765e-02,6.981325894594192505e-02,1.182842627167701721e-02,2.126210136339068413e-03,7.492996286600828171e-03,1.255300245247781277e-03,1.434428617358207703e-03,2.605747897177934647e-03,1.884660101495683193e-03,2.148021012544631958e-03,5.307256709784269333e-03,2.211548388004302979e-03,4.539246205240488052e-03,2.190054394304752350e-03,4.989688284695148468e-03,1.153980568051338196e-02,1.379923708736896515e-02,2.374969422817230225e-03,3.994667902588844299e-03,1.608962751924991608e-02,2.061652252450585365e-03,1.831674831919372082e-03,1.799573749303817749e-02,8.380064740777015686e-03,1.579930307343602180e-03,2.943884581327438354e-03,8.005660027265548706e-03,5.982961505651473999e-03,3.836044343188405037e-03,3.015539841726422310e-03,7.181269582360982895e-03,1.731290714815258980e-03,2.317541744560003281e-03,3.364178584888577461e-03,1.537173404358327389e-03,2.015387173742055893e-03,2.354741329327225685e-03,2.248104894533753395e-03,4.506599623709917068e-03,1.999272266402840614e-03,3.134558675810694695e-03
9.341374039649963379e-03,9.998417459428310394e-03,6.960043683648109436e-03,1.744565553963184357e-02,1.242309529334306717e-02,8.844073861837387085e-03,1.471285149455070496e-02,1.218911353498697281e-02,1.738957501947879791e-02,1.553131546825170517e-02,2.059750817716121674e-02,4.367576166987419128e-02,4.126458987593650818e-02,1.008380204439163208e-02,3.965646028518676758e-02,5.300480723381042480e-01,2.239300683140754700e-02,7.103998214006423950e-04,5.316621437668800354e-02,3.036858439445495605e-01,4.570092540234327316e-03,3.032441735267639160e-01,1.914457068778574467e-03,1.408083713613450527e-03,3.100230358541011810e-03,2.659006509929895401e-03,1.708917319774627686e-03,5.979683715850114822e-03,5.382836330682039261e-03,2.399409422650933266e-03,1.664909883402287960e-03,7.442872039973735809e-03,4.885011818259954453e-03,4.640925209969282150e-03,6.022556684911251068e-03,6.340408697724342346e-03,6.466972175985574722e-03,6.606061477214097977e-03,3.663797397166490555e-03,3.777354722842574120e-03,3.617707872763276100e-03,1.983727794140577316e-03,2.882360480725765228e-03,3.421819536015391350e-03,2.239155583083629608e-03,2.387645421549677849e-03,2.094595693051815033e-03,2.371497917920351028e-03,3.741767723113298416e-03,2.524429000914096832e-03,2.816263586282730103e-03,1.830429420806467533e-03,3.624806413426995277e-03,2.041304251179099083e-03,2.825601957738399506e-03,2.273951889947056770e-03,1.203196588903665543e-03,2.129931468516588211e-03,3.031582571566104889e-03
3.382604569196701050e-03,4.158447030931711197e-03,1.926306518726050854e-03,6.953521165996789932e-03,4.326926544308662415e-03,7.643819786608219147e-03,1.381410658359527588e-02,9.507974609732627869e-03,1.759007945656776428e-02,9.822548367083072662e-03,2.634917385876178741e-02,2.218139916658401489e-02,1.302104722708463669e-02,6.551664788275957108e-03,1.477179396897554398e-02,7.143769878894090652e-03,4.087784141302108765e-02,5.316621437668800354e-02,1.831916277296841145e-03,6.914034485816955566e-02,2.834839522838592529e-01,2.634995151311159134e-03,1.342051895335316658e-03,1.028986065648496151e-03,4.938360652886331081e-04,1.008172519505023956e-03,5.445554852485656738e-03,1.460214145481586456e-03,1.564495265483856201e-03,4.652079660445451736e-03,4.241774231195449829e-02,9.695089422166347504e-03,1.053446251899003983e-02,4.312669485807418823e-02,5.819923803210258484e-02,7.398219313472509384e-03,2.370437607169151306e-02,2.715635299682617188e-02,1.052361819893121719e-02,2.556362189352512360e-03,3.152681142091751099e-02,2.172857522964477539e-02,4.313383251428604126e-03,1.366029120981693268e-02,1.181621011346578598e-02,3.604147350415587425e-03,2.504875883460044861e-03,1.891441643238067627e-03,1.404697448015213013e-02,1.300644595175981522e-03,2.269991207867860794e-03,2.664216328412294388e-03,1.732002012431621552e-03,9.858274133875966072e-04,1.956420950591564178e-03,1.573139103129506111e-03,1.657627173699438572e-03,1.791600720025599003e-03,2.223564544692635536e-03
3.553319256752729416e-03,3.752642543986439705e-03,3.362543182447552681e-03,4.641982261091470718e-03,3.118236782029271126e-03,5.892806220799684525e-03,7.939518429338932037e-03,6.205251906067132950e-03,7.431489229202270508e-02,7.311858981847763062e-02,8.211316540837287903e-03,2.922346815466880798e-02,6.557035725563764572e-03,2.873650984838604927e-03,1.903718709945678711e-02,3.675580956041812897e-03,6.981325894594192505e-02,3.036858439445495605e-01,6.914034485816955566e-02,1.822358183562755585e-02,7.406999915838241577e-02,6.234389916062355042e-02,2.759642433375120163e-03,2.668853849172592163e-03,1.513782772235572338e-03,1.270789420232176781e-03,4.351727198809385300e-03,6.000176537781953812e-03,9.367834776639938354e-03,5.887322127819061279e-03,8.698024787008762360e-03,1.790186204016208649e-02,2.925471402704715729e-02,2.691619470715522766e-02,4.759531840682029724e-02,3.240120131522417068e-03,3.772177500650286674e-03,2.571961656212806702e-02,3.584104822948575020e-03,1.402503694407641888e-03,9.271806105971336365e-03,5.061539821326732635e-03,1.839972217567265034e-03,2.018132014200091362e-03,5.949751939624547958e-03,3.582643810659646988e-03,3.506653010845184326e-03,2.663251012563705444e-03,2.607344882562756538e-03,1.528953202068805695e-03,1.812207512557506561e-03,1.877250266261398792e-03,1.195260439999401569e-03,1.190147479064762592e-03,2.212100895121693611e-03,1.283956458792090416e-03,2.779256552457809448e-03,2.197756897658109665e-03,2.663756255060434341e-03
3.233200637623667717e-03,2.091276459395885468e-03,2.066336339339613914e-03,2.850719960406422615e-03,2.193852793425321579e-03,3.006527666002511978e-03,7.879147306084632874e-03,2.943376544862985611e-03,2.496706508100032806e-02,6.862549111247062683e-03,3.602676792070269585e-03,1.013714633882045746e-02,8.759635500609874725e-03,5.606095073744654655e-04,4.447290208190679550e-03,1.729028183035552502e-03,1.182842627167701721e-02,4.570092540234327316e-03,2.834839522838592529e-01,7.406999915838241577e-02,8.392885327339172363e-03,5.422433838248252869e-03,1.395941805094480515e-02,4.283664457034319639e-04,6.025924230925738811e-04,6.960677565075457096e-04,2.429184736683964729e-03,4.517630673944950104e-03,2.977674454450607300e-02,9.201006963849067688e-03,2.647375464439392090e-01,5.979835614562034607e-02,5.018992424011230469e-01,2.055371701717376709e-01,1.515939086675643921e-01,6.656667217612266541e-03,1.713331788778305054e-02,3.097240328788757324e-01,5.834263283759355545e-03,4.962139297276735306e-03,3.920323401689529419e-02,1.296216621994972229e-02,2.271585864946246147e-03,5.187071859836578369e-03,8.042148314416408539e-03,3.167711663991212845e-03,2.461185911670327187e-03,1.742227119393646717e-03,2.194168046116828918e-03,1.296718604862689972e-03,2.712883055210113525e-03,3.487632609903812408e-03,1.190235372632741928e-03,1.057400251738727093e-03,1.366203185170888901e-03,1.130450982600450516e-03,1.319115748628973961e-03,3.239833749830722809e-03,2.853554207831621170e-03
2.826100215315818787e-03,2.138984622433781624e-03,2.534966683015227318e-03,2.106578089296817780e-03,2.020471030846238136e-03,8.933765813708305359e-03,2.041014842689037323e-03,3.200111212208867073e-03,2.897017868235707283e-03,1.821678946726024151e-03,2.130486769601702690e-03,3.215473843738436699e-03,1.991923665627837181e-03,1.420240616425871849e-03,1.619780785404145718e-03,1.376187079586088657e-03,2.126210136339068413e-03,3.032441735267639160e-01,2.634995151311159134e-03,6.234389916062355042e-02,5.422433838248252869e-03,4.808411002159118652e-03,8.977998793125152588e-02,6.645528227090835571e-02,3.580752760171890259e-02,5.822473671287298203e-03,1.410518214106559753e-02,4.074629768729209900e-02,1.374872177839279175e-01,3.158308193087577820e-02,1.126709207892417908e-01,9.968524575233459473e-01,1.081576719880104065e-01,1.437199115753173828e-02,3.267113491892814636e-02,2.592150308191776276e-02,5.447825416922569275e-03,9.169994853436946869e-03,1.413954701274633408e-02,2.556964056566357613e-03,3.066557925194501877e-03,2.445434452965855598e-03,1.861468539573252201e-03,2.958255587145686150e-03,1.466490561142563820e-03,5.324618425220251083e-03,1.920409617014229298e-03,2.813112922012805939e-03,1.577712828293442726e-03,1.393355545587837696e-03,2.334241988137364388e-03,1.906640944071114063e-03,1.241223886609077454e-03,1.770578674040734768e-03,1.035831635817885399e-03,1.305064535699784756e-03,2.622423460707068443e-03,1.384524279274046421e-03,1.784258871339261532e-03
2.207435900345444679e-03,3.276498522609472275e-03,3.045144258067011833e-03,2.963898004963994026e-03,3.762225620448589325e-03,5.447210744023323059e-03,4.024813417345285416e-03,3.934042993932962418e-03,4.050919786095619202e-03,3.347138874232769012e-03,1.402123598381876945e-03,3.572604851797223091e-03,3.059154376387596130e-03,1.525774016045033932e-03,6.488454062491655350e-03,1.213267212733626366e-03,7.492996286600828171e-03,1.914457068778574467e-03,1.342051895335316658e-03,2.759642433375120163e-03,1.395941805094480515e-02,8.977998793125152588e-02,4.118162207305431366e-03,4.375993739813566208e-03,7.958311587572097778e-02,4.660774022340774536e-03,1.618800610303878784e-01,1.658036559820175171e-01,3.594615161418914795e-01,1.567352265119552612e-01,6.227956414222717285e-01,5.211111903190612793e-02,1.080995276570320129e-01,2.413187734782695770e-02,1.705405116081237793e-02,9.874291718006134033e-03,8.438230492174625397e-03,2.079819701611995697e-02,3.743757260963320732e-03,1.786228618584573269e-03,5.880709271878004074e-03,6.198706571012735367e-03,8.271414553746581078e-04,3.158522304147481918e-03,5.038106348365545273e-03,3.898269031196832657e-03,2.094404306262731552e-03,2.148595405742526054e-03,1.983523834496736526e-03,1.084930496290326118e-03,5.540025420486927032e-03,4.737630486488342285e-03,2.700853627175092697e-03,2.999293850734829903e-03,1.872377353720366955e-03,1.061293762177228928e-03,2.150242216885089874e-03,2.468595746904611588e-03,2.504276577383279800e-03
4.540772177278995514e-03,5.235172342509031296e-03,4.257480613887310028e-03,2.512599807232618332e-03,3.268903354182839394e-03,4.690400790423154831e-03,3.269358538091182709e-03,1.799202058464288712e-03,1.695544109679758549e-03,1.426001195795834064e-03,2.240903442725539207e-03,2.757231704890727997e-03,1.543232006952166557e-03,2.942672697827219963e-03,1.813439768739044666e-03,3.692633705213665962e-03,1.255300245247781277e-03,1.408083713613450527e-03,1.028986065648496151e-03,2.668853849172592163e-03,4.283664457034319639e-04,6.645528227090835571e-02,4.375993739813566208e-03,1.790658570826053619e-03,4.472329840064048767e-02,5.666670948266983032e-02,8.780856132507324219e-01,2.210310548543930054e-01,7.942291498184204102e-01,9.531408548355102539e-01,1.886915266513824463e-01,6.117320060729980469e-01,2.898532152175903320e-02,5.199545063078403473e-03,4.678581841289997101e-03,9.757343679666519165e-03,3.864376572892069817e-03,1.289265579544007778e-03,2.337360987439751625e-03,2.971959300339221954e-03,2.794855041429400444e-03,1.464925822801887989e-03,2.599421888589859009e-03,3.025819081813097000e-03,9.434890002012252808e-03,3.659592708572745323e-03,2.140584168955683708e-03,5.684039089828729630e-03,3.265746170654892921e-03,4.251547623425722122e-03,2.896739402785897255e-03,1.398316584527492523e-03,1.900889212265610695e-03,4.685138817876577377e-03,4.305522423237562180e-03,1.962139504030346870e-03,2.703194972127676010e-03,1.755026984028518200e-03,4.902499262243509293e-03
9.392177686095237732e-03,6.656569894403219223e-03,5.187187809497117996e-03,1.157963834702968597e-02,6.127222441136837006e-03,7.091904059052467346e-03,5.027972161769866943e-03,4.556896630674600601e-03,2.818211447447538376e-03,2.711147302761673927e-03,2.045151544734835625e-03,3.744251793250441551e-03,4.887504037469625473e-03,4.607240203768014908e-03,1.896483125165104866e-03,3.978683613240718842e-03,1.434428617358207703e-03,3.100230358541011810e-03,4.938360652886331081e-04,1.513782772235572338e-03,6.025924230925738811e-04,3.580752760171890259e-02,7.958311587572097778e-02,4.472329840064048767e-02,9.744165581651031971e-04,1.553431004285812378e-01,7.311329245567321777e-02,2.260058820247650146e-01,3.340521454811096191e-01,1.724357306957244873e-01,2.572011575102806091e-02,1.313391178846359253e-01,2.707580290734767914e-02,6.038379855453968048e-03,5.648728925734758377e-03,6.643642671406269073e-03,7.304305676370859146e-03,2.617534250020980835e-03,3.387081436812877655e-03,5.874963477253913879e-03,2.870486816391348839e-03,1.463440130464732647e-03,1.617871806956827641e-03,5.070653744041919708e-03,3.897715359926223755e-03,3.981090150773525238e-03,2.581934211775660515e-03,3.703760216012597084e-03,3.182264510542154312e-03,8.272533304989337921e-03,3.506154753267765045e-03,1.663247938267886639e-03,3.962493967264890671e-03,9.483849629759788513e-03,4.190377891063690186e-03,3.816462354734539986e-03,2.750172279775142670e-03,3.414032747969031334e-03,3.044074401259422302e-03
6.571333389729261398e-03,1.321913953870534897e-02,6.187868304550647736e-03,5.386781878769397736e-03,7.027909159660339355e-03,6.169436499476432800e-03,6.690701935440301895e-03,4.644680302590131760e-03,1.492341281846165657e-03,1.398886670358479023e-03,2.611693693324923515e-03,3.234812989830970764e-03,2.009615302085876465e-03,3.474563360214233398e-03,1.265272381715476513e-03,9.899638593196868896e-03,2.605747897177934647e-03,2.659006509929895401e-03,1.008172519505023956e-03,1.270789420232176781e-03,6.960677565075457096e-04,5.822473671287298203e-03,4.660774022340774536e-03,5.666670948266983032e-02,1.553431004285812378e-01,7.639792747795581818e-04,1.569244265556335449e-01,5.081069469451904297e-01,7.234994322061538696e-02,5.979018807411193848e-01,9.753709658980369568e-03,1.577814370393753052e-01,2.683196403086185455e-02,2.802754985168576241e-03,3.124634735286235809e-03,9.220702573657035828e-03,6.357612553983926773e-03,2.111873356625437737e-03,4.289790056645870209e-03,1.333237159997224808e-02,1.590489875525236130e-03,1.234103576280176640e-03,3.582446370273828506e-03,5.489805247634649277e-03,1.199200516566634178e-03,7.901350036263465881e-03,2.320948755368590355e-03,1.732050254940986633e-02,9.865311905741691589e-03,4.047580808401107788e-02,4.045072011649608612e-03,2.160127507522702217e-03,3.402064321562647820e-03,9.431811980903148651e-03,2.181854564696550369e-03,3.265089821070432663e-03,4.991540219634771347e-03,2.742956392467021942e-03,6.032230332493782043e-03
1.258529908955097198e-02,6.091972813010215759e-03,2.717968309298157692e-03,3.834528382867574692e-03,3.660483052954077721e-03,2.656657947227358818e-03,1.100261346437036991e-03,1.789390807971358299e-03,1.191180082969367504e-03,1.575663685798645020e-03,2.254194812849164009e-03,1.982416026294231415e-03,8.716725278645753860e-04,3.036125795915722847e-03,1.006553065963089466e-03,1.751175150275230408e-03,1.884660101495683193e-03,1.708917319774627686e-03,5.445554852485656738e-03,4.351727198809385300e-03,2.429184736683964729e-03,1.410518214106559753e-02,1.618800610303878784e-01,8.780856132507324219e-01,7.311329245567321777e-02,1.569244265556335449e-01,1.511131296865642071e-03,1.542473286390304565e-01,1.144588664174079895e-01,8.916088938713073730e-01,6.366252899169921875e-02,1.667397171258926392e-01,1.812563650310039520e-02,6.111333146691322327e-03,2.254858845844864845e-03,6.765016820281744003e-03,5.509564187377691269e-03,1.949784462340176105e-03,7.201614789664745331e-03,3.756436053663492203e-03,1.551892841234803200e-03,1.607928192242980003e-03,4.113946110010147095e-03,1.584353856742382050e-03,4.243434406816959381e-03,4.312553908675909042e-03,1.340007642284035683e-03,3.433370729908347130e-03,2.225425327196717262e-03,3.895162791013717651e-02,5.727242678403854370e-03,2.509186509996652603e-03,3.808251349255442619e-03,3.062318777665495872e-03,3.689461387693881989e-03,4.137292969971895218e-03,2.408184343948960304e-03,3.252254799008369446e-03,4.075011238455772400e-03
