0.000000000000000000e+00,2.006956100463867188e+00,1.546515583992004395e+00,-9.771993160247802734e-01,1.582708507776260376e-01,-1.968890726566314697e-01,-1.100050210952758789e+00,3.654263615608215332e-01,-4.479012191295623779e-01,-1.149748325347900391e+00,-2.401013970375061035e-01,-4.112419784069061279e-01,4.320093095302581787e-01,1.346604824066162109e-01,-3.720120191574096680e-01,-1.246393024921417236e-01,-9.905961155891418457e-01,7.382535338401794434e-01,-1.387780785560607910e+00,4.061704128980636597e-02,-1.331753730773925781e+00,-5.675250291824340820e-01,1.178229808807373047e+00,-8.702313154935836792e-02,5.150197818875312805e-02,4.089946448802947998e-01,-1.308837056159973145e+00,1.528007090091705322e-01,7.396022677421569824e-01,-3.469258844852447510e-01,2.807607650756835938e-01,1.003941059112548828e+00,6.447616964578628540e-02,1.438819050788879395e+00,9.513228535652160645e-01,-6.803933382034301758e-01,-3.419978618621826172e-01,6.929156184196472168e-01,5.354058146476745605e-01,5.765444040298461914e-01,-8.311634063720703125e-01,-1.847972989082336426e+00,7.164375782012939453e-01,1.977961659431457520e-01,-1.884594321250915527e+00,-1.824328601360321045e-01,1.641746461391448975e-01,-3.240906074643135071e-02,3.336187601089477539e-01,6.186034157872200012e-02,-1.204694747924804688e+00,7.665311694145202637e-01,-2.572070062160491943e-01,5.058310553431510925e-02,-1.030174829065799713e-02,2.020964622497558594e+00,-3.470802009105682373e-01,-1.037262797355651855e+00,-1.265272259712219238e+00
2.006956100463867188e+00,0.000000000000000000e+00,4.717337787151336670e-01,-2.916574776172637939e-01,2.074190139770507812e+00,-8.218126296997070312e-01,1.041337370872497559e+00,-1.314987897872924805e+00,-1.615714311599731445e+00,1.475100517272949219e+00,-5.856324434280395508e-01,-3.537678420543670654e-01,7.403854131698608398e-01,1.099276423454284668e+00,-2.140536308288574219e+00,-5.704502388834953308e-02,-1.671515822410583496e+00,-5.840597748756408691e-01,7.302767634391784668e-01,-9.551130533218383789e-01,-1.944849193096160889e-01,-7.302685081958770752e-02,1.534136980772018433e-01,-5.530372858047485352e-01,9.761078357696533203e-01,-1.001485586166381836e+00,-1.852698922157287598e-01,-8.688722848892211914e-01,-5.337249040603637695e-01,-5.723486542701721191e-01,4.880683422088623047e-01,-3.788259029388427734e-01,2.215922594070434570e+00,1.124011054635047913e-01,-1.841513514518737793e-01,2.743194103240966797e-01,2.512704133987426758e-01,5.059643387794494629e-01,3.604173958301544189e-01,7.784289121627807617e-01,-7.652353048324584961e-01,-1.222428441047668457e+00,-7.305064797401428223e-01,-6.945657543838024139e-03,1.580782085657119751e-01,-8.565699458122253418e-01,-8.884236216545104980e-01,-1.992662668228149414e+00,2.622600793838500977e-01,3.052516877651214600e-01,1.985752582550048828e-01,-1.332378238439559937e-01,1.626340001821517944e-01,-1.986221075057983398e-01,7.116698622703552246e-01,1.397949218750000000e+00,1.454396992921829224e-01,1.986579060554504395e+00,4.646608829498291016e-01
1.546515583992004395e+00,4.717337787151336670e-01,0.000000000000000000e+00,2.162335872650146484e+00,9.786084890365600586e-01,1.074891209602355957e+00,6.837399005889892578e-01,7.534069418907165527e-01,4.678303301334381104e-01,-1.943531483411788940e-01,1.436570882797241211e+00,-1.431107044219970703e+00,1.476757287979125977e+00,1.166434288024902344e+00,-1.213106989860534668e+00,-1.189434170722961426e+00,4.351720213890075684e-02,5.197210907936096191e-01,-2.522744536399841309e-01,-1.275281667709350586e+00,-9.998380206525325775e-03,-4.444123506546020508e-01,-8.767142891883850098e-01,-1.962680578231811523e+00,1.137583971023559570e+00,-1.612379431724548340e+00,-1.704734325408935547e+00,2.322569191455841064e-01,8.913919329643249512e-02,-1.255273103713989258e+00,7.752870321273803711e-01,5.023542046546936035e-01,2.292896211147308350e-01,-4.680780768394470215e-01,5.755113363265991211e-01,2.184655517339706421e-01,-2.582865238189697266e+00,-6.079900264739990234e-01,1.042073369026184082e+00,-8.422938585281372070e-01,1.722819447517395020e+00,2.581985294818878174e-01,9.961857795715332031e-01,-6.884029507637023926e-01,-3.248716890811920166e-01,-9.720247983932495117e-01,8.913518488407135010e-02,2.469285726547241211e-01,2.526367008686065674e-01,1.331609189510345459e-01,-6.264829635620117188e-01,-1.530567288398742676e+00,-1.931424289941787720e-01,1.774113625288009644e-01,7.514043450355529785e-01,-9.653021097183227539e-01,-2.671162188053131104e-01,-8.526705205440521240e-02,2.201667726039886475e-01
-9.771993160247802734e-01,-2.916574776172637939e-01,2.162335872650146484e+00,0.000000000000000000e+00,1.796987056732177734e+00,2.506402015686035156e+00,1.283016920089721680e+00,9.261455535888671875e-01,-4.448993504047393799e-01,-5.743392109870910645e-01,1.153590679168701172e+00,-8.672707676887512207e-01,-4.332506060600280762e-01,-1.694840669631958008e+00,2.180752605199813843e-01,1.890228629112243652e+00,6.621223688125610352e-01,1.108217597007751465e+00,-1.634213924407958984e+00,-7.696858644485473633e-01,-1.039925694465637207e+00,-8.101420998573303223e-01,-9.444575905799865723e-01,8.746535778045654297e-01,-8.715519905090332031e-01,5.049234628677368164e-01,-9.842261672019958496e-01,-6.366434097290039062e-01,-4.691362380981445312e-01,-4.500611126422882080e-01,-3.124997317790985107e-01,3.775718510150909424e-01,7.105480432510375977e-01,1.109192132949829102e+00,1.083970189094543457e+00,-1.049955114722251892e-01,2.012058645486831665e-01,7.495806217193603516e-01,1.081955671310424805e+00,8.559088706970214844e-01,-1.865667223930358887e+00,1.081585407257080078e+00,-1.708652138710021973e+00,-1.937897562980651855e+00,-1.688336730003356934e+00,8.914167284965515137e-01,-5.474150776863098145e-01,1.114506959915161133e+00,2.377959489822387695e-01,8.649748563766479492e-01,-2.154962539672851562e+00,-1.790536761283874512e+00,-5.259798765182495117e-01,-2.581759989261627197e-01,7.311881184577941895e-01,-1.971904337406158447e-01,-8.305526971817016602e-01,-3.644218146800994873e-01,-6.991157531738281250e-01
1.582708507776260376e-01,2.074190139770507812e+00,9.786084890365600586e-01,1.796987056732177734e+00,0.000000000000000000e+00,1.148084402084350586e+00,3.311364412307739258e+00,2.903839111328125000e+00,-3.090977966785430908e-01,1.178146123886108398e+00,-1.202055141329765320e-01,-1.302171945571899414e+00,-1.523903608322143555e+00,-1.038977727293968201e-01,-7.850985527038574219e-01,-3.897491693496704102e-01,-1.165331840515136719e+00,-6.009331345558166504e-01,-1.177422761917114258e+00,-1.982516050338745117e-01,-1.148987293243408203e+00,5.784485340118408203e-01,5.959296971559524536e-02,-7.247840762138366699e-01,-9.516868591308593750e-01,-6.861425638198852539e-01,4.879275560379028320e-01,-1.281384587287902832e+00,-2.093670368194580078e+00,7.929354906082153320e-01,-2.280603647232055664e-01,4.471859931945800781e-01,-6.581146717071533203e-01,-2.611928880214691162e-01,3.755274415016174316e-01,8.194961547851562500e-01,-8.247483372688293457e-01,1.726992577314376831e-01,-1.359187483787536621e+00,4.037429690361022949e-01,-4.402774274349212646e-01,5.700669884681701660e-01,5.137621983885765076e-02,4.087281227111816406e-02,7.515636682510375977e-01,5.634477138519287109e-01,-3.137795627117156982e-02,7.613060474395751953e-01,-8.139668703079223633e-01,1.127912282943725586e+00,9.789811968803405762e-01,7.818539142608642578e-01,-2.900104284286499023e+00,-1.268013119697570801e+00,7.312057018280029297e-01,-3.312102556228637695e+00,-1.431803405284881592e-01,-1.043188869953155518e-01,-7.184832692146301270e-01
-1.968890726566314697e-01,-8.218126296997070312e-01,1.074891209602355957e+00,2.506402015686035156e+00,1.148084402084350586e+00,0.000000000000000000e+00,2.280510663986206055e+00,1.595330476760864258e+00,9.241559505462646484e-01,-3.027561008930206299e-01,-1.251314282417297363e+00,-4.663305357098579407e-02,1.052881106734275818e-01,-1.299887776374816895e+00,2.174821138381958008e+00,3.596480935811996460e-02,-6.279900670051574707e-01,6.229272112250328064e-02,-8.247312903404235840e-01,-7.182297110557556152e-01,3.302323520183563232e-01,5.270192027091979980e-01,9.413475394248962402e-01,-6.662780642509460449e-01,8.712586760520935059e-01,1.130266338586807251e-01,-2.588987052440643311e-01,1.017134547233581543e+00,-1.042485356330871582e+00,-7.517883777618408203e-01,-1.780899047851562500e+00,-2.614353895187377930e-01,-2.050253152847290039e+00,-1.018944144248962402e+00,1.624844193458557129e+00,-1.750871390104293823e-01,-1.041362166404724121e+00,5.976098775863647461e-01,-4.162406921386718750e-01,-4.615202248096466064e-01,-2.514300048351287842e-01,1.395706176757812500e+00,-1.188464164733886719e+00,-1.245959624648094177e-01,-1.720835804939270020e+00,-3.516314923763275146e-01,7.957294583320617676e-02,1.004926562309265137e+00,6.102238222956657410e-02,4.254351556301116943e-01,-1.295314550399780273e+00,-6.236722469329833984e-01,-4.651421010494232178e-01,7.825262546539306641e-01,-5.322143435478210449e-01,-2.343517065048217773e+00,-1.277616620063781738e-01,-4.593655765056610107e-01,-1.406749933958053589e-01
-1.100050210952758789e+00,1.041337370872497559e+00,6.837399005889892578e-01,1.283016920089721680e+00,3.311364412307739258e+00,2.280510663986206055e+00,0.000000000000000000e+00,2.597470760345458984e+00,-8.344045281410217285e-01,7.286089062690734863e-01,1.347290396690368652e+00,-3.915979564189910889e-01,7.516854405403137207e-01,-7.367101311683654785e-01,-1.492116451263427734e-01,5.764021277427673340e-01,-2.660938799381256104e-01,-5.898708701133728027e-01,-2.176035493612289429e-01,-2.804438769817352295e-01,8.998469114303588867e-01,2.056366577744483948e-02,8.120229244232177734e-01,-1.604523301124572754e+00,-1.259299039840698242e+00,4.917403161525726318e-01,-6.775495409965515137e-01,-6.791803836822509766e-01,5.378187447786331177e-02,1.292474418878555298e-01,3.399955034255981445e-01,-2.091590881347656250e+00,-3.544599935412406921e-02,-1.904481947422027588e-01,3.056327104568481445e-01,4.324364289641380310e-02,-8.639690279960632324e-01,8.508510589599609375e-01,-4.385556578636169434e-01,-6.368039846420288086e-01,6.261966228485107422e-01,-2.599829137325286865e-01,3.415737301111221313e-02,-5.328819155693054199e-01,-4.462571069598197937e-02,-1.288887113332748413e-01,5.784317851066589355e-01,1.448883265256881714e-01,9.152656048536300659e-02,2.048665881156921387e-01,2.614797353744506836e-01,-3.713344037532806396e-01,-1.357001543045043945e+00,-6.145536303520202637e-01,5.561989545822143555e-01,-2.559128046035766602e+00,5.277632474899291992e-01,-6.236953139305114746e-01,-5.622460506856441498e-03
3.654263615608215332e-01,-1.314987897872924805e+00,7.534069418907165527e-01,9.261455535888671875e-01,2.903839111328125000e+00,1.595330476760864258e+00,2.597470760345458984e+00,0.000000000000000000e+00,3.883034884929656982e-01,-1.990082740783691406e+00,5.952991843223571777e-01,1.784680187702178955e-01,-1.098581776022911072e-01,-1.227306604385375977e+00,9.066532850265502930e-01,-1.132192492485046387e+00,-9.904638677835464478e-02,1.165068984031677246e+00,-1.372563719749450684e+00,-2.794145420193672180e-02,5.424000620841979980e-01,1.984585225582122803e-01,1.575051665306091309e+00,-1.287167906761169434e+00,1.147372961044311523e+00,-1.121869444847106934e+00,-1.419460773468017578e-01,-8.293685317039489746e-01,-7.942739874124526978e-02,1.659752845764160156e+00,4.944806694984436035e-01,4.062763750553131104e-01,-1.187988519668579102e+00,6.459574103355407715e-01,-1.382528066635131836e+00,-9.406903982162475586e-01,-1.032353281974792480e+00,4.368090927600860596e-01,8.748018741607666016e-01,1.509609520435333252e-01,-7.002044916152954102e-01,8.288682699203491211e-01,-1.145185947418212891e+00,3.002099096775054932e-01,7.527956962585449219e-01,-9.188561439514160156e-01,7.944042235612869263e-02,2.720795869827270508e-01,7.471992969512939453e-01,-2.212224483489990234e+00,-6.342928856611251831e-02,-9.949442744255065918e-01,-9.731140136718750000e-01,-1.352841973304748535e+00,-1.473716348409652710e-01,-4.354318082332611084e-01,-3.127452135086059570e-01,-1.124101281166076660e+00,1.249626874923706055e+00
-4.479012191295623779e-01,-1.615714311599731445e+00,4.678303301334381104e-01,-4.448993504047393799e-01,-3.090977966785430908e-01,9.241559505462646484e-01,-8.344045281410217285e-01,3.883034884929656982e-01,0.000000000000000000e+00,1.282394647598266602e+00,7.727500982582569122e-03,1.649733901023864746e+00,-1.957137703895568848e+00,1.727449297904968262e+00,1.248443484306335449e+00,1.395469438284635544e-02,4.690853953361511230e-01,6.441016197204589844e-01,3.765380084514617920e-01,1.255318999290466309e+00,3.954355120658874512e-01,2.800323069095611572e-01,-7.041712999343872070e-01,-1.749478429555892944e-01,6.394230723381042480e-01,-5.713445544242858887e-01,-3.716031908988952637e-01,2.849698662757873535e-01,6.841692924499511719e-01,1.200596451759338379e+00,-9.592925906181335449e-01,-8.846065998077392578e-01,-1.078596472740173340e+00,-6.658304333686828613e-01,-1.927179098129272461e+00,-9.514418244361877441e-01,-7.256533503532409668e-01,-8.354832530021667480e-01,-1.326411843299865723e+00,-3.384388387203216553e-01,-5.461161732673645020e-01,-1.631893038749694824e+00,-6.647973060607910156e-01,-8.365050889551639557e-03,-6.526102423667907715e-01,1.000611305236816406e+00,-3.700467571616172791e-02,8.792259097099304199e-01,-1.516247987747192383e+00,-9.027185440063476562e-01,-4.861120879650115967e-01,-3.340083062648773193e-01,1.097874522209167480e+00,1.246310397982597351e-01,3.946839869022369385e-01,3.308706581592559814e-01,1.222767114639282227e+00,9.973328560590744019e-02,2.327689528465270996e-01
-1.149748325347900391e+00,1.475100517272949219e+00,-1.943531483411788940e-01,-5.743392109870910645e-01,1.178146123886108398e+00,-3.027561008930206299e-01,7.286089062690734863e-01,-1.990082740783691406e+00,1.282394647598266602e+00,0.000000000000000000e+00,3.043732404708862305e+00,8.187856674194335938e-01,1.730291604995727539e+00,-5.851241946220397949e-01,1.978658318519592285e+00,-2.387041807174682617e+00,-5.420370697975158691e-01,2.604190707206726074e-01,-3.478013277053833008e+00,5.628460049629211426e-01,1.739294528961181641e+00,-2.264428138732910156e-01,8.331544995307922363e-01,-7.046252489089965820e-01,3.569029867649078369e-01,-7.910298705101013184e-01,-3.641447424888610840e-01,-6.391623020172119141e-01,9.868121743202209473e-01,-6.987923383712768555e-01,3.743154704570770264e-01,-2.749406695365905762e-01,9.095872640609741211e-01,-5.373069643974304199e-01,-2.369419634342193604e-01,-6.536099910736083984e-01,-6.007069349288940430e-01,-1.682380914688110352e+00,6.959202289581298828e-01,1.256949782371520996e+00,-7.576273083686828613e-01,3.927978873252868652e-01,-1.577285408973693848e+00,1.383304595947265625e-01,-5.963723659515380859e-01,1.088365912437438965e-01,-1.661084055900573730e+00,-7.026965618133544922e-01,-1.472305059432983398e+00,-2.031271696090698242e+00,2.074365854263305664e+00,-1.553909182548522949e+00,-3.704518377780914307e-01,9.086969494819641113e-01,-2.870910406112670898e+00,-4.689526259899139404e-01,8.875603675842285156e-01,-1.646856814622879028e-01,-4.357867836952209473e-01
-2.401013970375061035e-01,-5.856324434280395508e-01,1.436570882797241211e+00,1.153590679168701172e+00,-1.202055141329765320e-01,-1.251314282417297363e+00,1.347290396690368652e+00,5.952991843223571777e-01,7.727500982582569122e-03,3.043732404708862305e+00,0.000000000000000000e+00,2.407452166080474854e-01,1.752776980400085449e+00,1.461178541183471680e+00,-7.904391884803771973e-01,-1.066817760467529297e+00,-1.093265891075134277e+00,1.227357029914855957e+00,3.772614896297454834e-01,-3.460961878299713135e-01,8.168575167655944824e-02,5.669949650764465332e-01,-8.160536289215087891e-01,1.171599388122558594e+00,-1.122921586036682129e+00,-5.725640654563903809e-01,-1.047599315643310547e+00,7.627146691083908081e-02,-8.285222649574279785e-01,-3.793950676918029785e-01,3.674136400222778320e-01,-1.890929229557514191e-02,5.513423085212707520e-01,1.932217240333557129e+00,-3.240833282470703125e-01,2.847709655761718750e-01,-3.360524773597717285e-02,4.374742209911346436e-01,5.060865730047225952e-02,1.152003884315490723e+00,-1.475668668746948242e+00,-4.246903955936431885e-01,3.445465564727783203e-01,-1.198630452156066895e+00,-5.672311875969171524e-03,-4.569198489189147949e-01,-1.362924575805664062e+00,-1.382145047187805176e+00,-1.687772721052169800e-01,1.453739881515502930e+00,2.002160996198654175e-01,9.355694800615310669e-02,9.189954400062561035e-01,7.840123176574707031e-01,8.906962871551513672e-01,1.050443649291992188e-01,-4.124093651771545410e-01,2.582764625549316406e-01,-9.719746708869934082e-01
-4.112419784069061279e-01,-3.537678420543670654e-01,-1.431107044219970703e+00,-8.672707676887512207e-01,-1.302171945571899414e+00,-4.663305357098579407e-02,-3.915979564189910889e-01,1.784680187702178955e-01,1.649733901023864746e+00,8.187856674194335938e-01,2.407452166080474854e-01,0.000000000000000000e+00,-5.437695980072021484e-01,1.087026953697204590e+00,2.333209991455078125e+00,-7.582540512084960938e-01,2.563446760177612305e+00,-2.599085271358489990e-01,-7.785569131374359131e-02,3.885647654533386230e-01,5.020721554756164551e-01,-6.808893680572509766e-01,3.963280916213989258e-01,9.495878219604492188e-01,-9.665050357580184937e-02,-9.767083078622817993e-02,-3.643346130847930908e-01,-3.872300386428833008e-01,9.015964865684509277e-01,-2.341397553682327271e-01,-6.680451631546020508e-01,2.083431631326675415e-01,-1.969098597764968872e-01,-9.038801193237304688e-01,-4.938358366489410400e-01,-5.762984156608581543e-01,-1.261806964874267578e+00,-3.787229657173156738e-01,-7.859435081481933594e-01,-7.362625002861022949e-01,-2.249410003423690796e-02,1.638614945113658905e-02,-6.761401891708374023e-01,-2.002080902457237244e-03,3.575310111045837402e-01,3.228866457939147949e-01,2.909417748451232910e-01,-1.201720952987670898e+00,-7.919169068336486816e-01,-3.273289501667022705e-01,9.637018293142318726e-02,1.649609953165054321e-01,-6.167746782302856445e-01,-1.198072060942649841e-01,-2.356949150562286377e-01,-6.914706826210021973e-01,3.599772453308105469e-01,3.052499592304229736e-01,4.832748174667358398e-01
4.320093095302581787e-01,7.403854131698608398e-01,1.476757287979125977e+00,-4.332506060600280762e-01,-1.523903608322143555e+00,1.052881106734275818e-01,7.516854405403137207e-01,-1.098581776022911072e-01,-1.957137703895568848e+00,1.730291604995727539e+00,1.752776980400085449e+00,-5.437695980072021484e-01,0.000000000000000000e+00,1.923246383666992188e+00,1.122132539749145508e+00,-2.901406586170196533e-01,-5.573645830154418945e-01,1.847277879714965820e-01,1.675714373588562012e+00,-1.847585886716842651e-01,-1.278930902481079102e+00,8.820776939392089844e-01,1.241587042808532715e+00,-1.103925108909606934e-01,5.321254134178161621e-01,3.985333442687988281e-01,6.961306929588317871e-01,-2.169321298599243164e+00,-1.424058675765991211e+00,3.662222325801849365e-01,4.469520151615142822e-01,1.649629920721054077e-01,1.464208245277404785e+00,-4.043787419795989990e-01,1.203250065445899963e-01,1.436287611722946167e-01,1.411191225051879883e+00,-2.660337924957275391e+00,-1.355700850486755371e+00,9.592401981353759766e-02,-7.531476765871047974e-02,-5.008772015571594238e-01,-4.791784584522247314e-01,2.877572774887084961e-01,-2.105873584747314453e+00,1.888524368405342102e-02,1.206245899200439453e+00,-8.922885060310363770e-01,3.793818056583404541e-01,3.142107129096984863e-01,8.941683173179626465e-01,3.343835771083831787e-01,-1.036453366279602051e+00,7.429535984992980957e-01,5.991069078445434570e-01,-8.694316744804382324e-01,-2.377198040485382080e-01,-1.213160306215286255e-01,-4.390353858470916748e-01
1.346604824066162109e-01,1.099276423454284668e+00,1.166434288024902344e+00,-1.694840669631958008e+00,-1.038977727293968201e-01,-1.299887776374816895e+00,-7.367101311683654785e-01,-1.227306604385375977e+00,1.727449297904968262e+00,-5.851241946220397949e-01,1.461178541183471680e+00,1.087026953697204590e+00,1.923246383666992188e+00,0.000000000000000000e+00,1.286750078201293945e+00,3.465420246124267578e+00,6.265388131141662598e-01,1.321267962455749512e+00,-2.157998561859130859e+00,1.191378384828567505e-01,1.229142069816589355e+00,-1.581170409917831421e-01,3.282403051853179932e-01,-1.070512771606445312e+00,-1.932657361030578613e+00,-5.813549831509590149e-02,-1.108709931373596191e+00,-1.242967844009399414e+00,-4.170403182506561279e-01,-1.729232221841812134e-01,1.082529306411743164e+00,2.967841923236846924e-01,-1.039462208747863770e+00,6.506286561489105225e-02,4.374195933341979980e-01,-4.905220866203308105e-01,-1.466110944747924805e-01,-9.222332835197448730e-01,9.279406666755676270e-01,-4.260940253734588623e-01,-1.342804789543151855e+00,-1.303027749061584473e+00,5.256306529045104980e-01,3.038120269775390625e-01,2.549546770751476288e-02,4.318131804466247559e-01,-2.236469507217407227e+00,-2.680215537548065186e-01,-8.590805530548095703e-01,-1.445189714431762695e+00,2.583450973033905029e-01,2.873229086399078369e-01,-1.785078883171081543e+00,-1.599249601364135742e+00,-9.188960194587707520e-01,1.872131228446960449e+00,2.898510694503784180e-01,6.227536201477050781e-01,9.528675079345703125e-01
-3.720120191574096680e-01,-2.140536308288574219e+00,-1.213106989860534668e+00,2.180752605199813843e-01,-7.850985527038574219e-01,2.174821138381958008e+00,-1.492116451263427734e-01,9.066532850265502930e-01,1.248443484306335449e+00,1.978658318519592285e+00,-7.904391884803771973e-01,2.333209991455078125e+00,1.122132539749145508e+00,1.286750078201293945e+00,0.000000000000000000e+00,9.676440954208374023e-01,2.197018265724182129e-01,3.653687238693237305e-01,5.304883122444152832e-01,3.699823915958404541e-01,4.556788189802318811e-04,-1.738573759794235229e-01,2.963490486145019531e-01,-7.023185491561889648e-01,4.760916829109191895e-01,5.745000243186950684e-01,6.490682363510131836e-01,-6.349264383316040039e-01,-1.194936633110046387e+00,1.035547018051147461e+00,1.441150009632110596e-01,4.746106564998626709e-01,-2.284475088119506836e+00,-2.316708087921142578e+00,-4.449439346790313721e-01,2.680180668830871582e-01,-9.533459544181823730e-01,-4.356537461280822754e-01,7.014119625091552734e-01,-1.233208417892456055e+00,-6.182737350463867188e-01,-1.183383822441101074e+00,2.911790013313293457e-01,-1.820658594369888306e-01,2.368144541978836060e-01,2.498590350151062012e-01,-1.128171086311340332e+00,2.199811339378356934e-01,-1.535188674926757812e+00,8.632863759994506836e-01,-8.404603600502014160e-01,1.806463837623596191e+00,-1.462839484214782715e+00,3.839601203799247742e-02,-1.516818523406982422e+00,-1.406724810600280762e+00,7.698291540145874023e-02,-8.102681040763854980e-01,-1.348104834556579590e+00
-1.246393024921417236e-01,-5.704502388834953308e-02,-1.189434170722961426e+00,1.890228629112243652e+00,-3.897491693496704102e-01,3.596480935811996460e-02,5.764021277427673340e-01,-1.132192492485046387e+00,1.395469438284635544e-02,-2.387041807174682617e+00,-1.066817760467529297e+00,-7.582540512084960938e-01,-2.901406586170196533e-01,3.465420246124267578e+00,9.676440954208374023e-01,0.000000000000000000e+00,-6.221711635589599609e-01,1.447689056396484375e+00,3.285168707370758057e-01,9.295259118080139160e-01,-7.783191800117492676e-01,-8.248091936111450195e-01,4.563985466957092285e-01,-9.864857420325279236e-03,-1.635691523551940918e-01,-9.186750650405883789e-02,5.768998861312866211e-01,9.394436478614807129e-01,9.768514037132263184e-01,1.462488293647766113e+00,-8.580577373504638672e-01,7.869312763214111328e-01,-4.596068263053894043e-01,-7.780860066413879395e-01,2.111488878726959229e-01,1.329348325729370117e+00,1.597265481948852539e+00,-1.419734835624694824e+00,2.230270951986312866e-02,6.161714792251586914e-01,-8.947550654411315918e-01,6.311136484146118164e-01,3.755975961685180664e-01,-9.431133866310119629e-01,-1.713206648826599121e+00,-3.706986010074615479e-01,-4.481149017810821533e-01,7.575142979621887207e-01,-1.000841498374938965e+00,-2.646419107913970947e-01,5.694747567176818848e-01,-1.150345206260681152e+00,3.604895472526550293e-01,-1.731707304716110229e-01,8.854886293411254883e-01,1.891237497329711914e-01,-2.907831966876983643e-01,-8.412356972694396973e-01,-7.256129980087280273e-01
-9.905961155891418457e-01,-1.671515822410583496e+00,4.351720213890075684e-02,6.621223688125610352e-01,-1.165331840515136719e+00,-6.279900670051574707e-01,-2.660938799381256104e-01,-9.904638677835464478e-02,4.690853953361511230e-01,-5.420370697975158691e-01,-1.093265891075134277e+00,2.563446760177612305e+00,-5.573645830154418945e-01,6.265388131141662598e-01,2.197018265724182129e-01,-6.221711635589599609e-01,0.000000000000000000e+00,-5.867549777030944824e-01,-4.076509177684783936e-02,1.214845538139343262e+00,9.948352724313735962e-02,-5.010237693786621094e-01,1.135822415351867676e+00,1.437149345874786377e-01,-7.240834087133407593e-02,1.837883740663528442e-01,7.164911627769470215e-01,5.534160137176513672e-01,3.714872002601623535e-01,2.511458992958068848e-01,9.710317850112915039e-02,1.526210904121398926e-01,-6.182830333709716797e-01,4.757647588849067688e-02,-8.116945028305053711e-01,-6.048400998115539551e-01,-2.245331287384033203e+00,-1.021662473678588867e+00,-3.144624829292297363e-01,-3.653011023998260498e-01,2.443290203809738159e-01,-2.735666036605834961e-01,4.730835556983947754e-01,4.596193432807922363e-01,3.535118103027343750e-01,6.157851591706275940e-02,1.446394920349121094e+00,-5.896015167236328125e-01,-3.324040472507476807e-01,-5.760644674301147461e-01,-3.521883785724639893e-01,3.541693985462188721e-01,-1.688687056303024292e-01,3.513286113739013672e-01,4.882001131772994995e-02,3.883070051670074463e-01,-2.890396416187286377e-01,-1.547404080629348755e-01,5.517944693565368652e-01
7.382535338401794434e-01,-5.840597748756408691e-01,5.197210907936096191e-01,1.108217597007751465e+00,-6.009331345558166504e-01,6.229272112250328064e-02,-5.898708701133728027e-01,1.165068984031677246e+00,6.441016197204589844e-01,2.604190707206726074e-01,1.227357029914855957e+00,-2.599085271358489990e-01,1.847277879714965820e-01,1.321267962455749512e+00,3.653687238693237305e-01,1.447689056396484375e+00,-5.867549777030944824e-01,0.000000000000000000e+00,2.198951482772827148e+00,1.667122364044189453e+00,-1.661849915981292725e-01,1.168429374694824219e+00,-4.692121446132659912e-01,-2.132614403963088989e-01,7.390511631965637207e-01,1.239543318748474121e+00,-1.924322359263896942e-02,-2.283557057380676270e-01,-7.520726919174194336e-01,8.027549982070922852e-01,-2.989844381809234619e-01,-2.483990639448165894e-01,-9.243633747100830078e-01,-1.116888523101806641e+00,-1.924901008605957031e-01,-3.492746949195861816e-01,-8.536274731159210205e-02,1.261378526687622070e-01,-1.066794753074645996e+00,-5.853198170661926270e-01,-8.965925127267837524e-02,-3.580060005187988281e+00,-7.406005859375000000e-01,-3.123469054698944092e-01,2.242320589721202850e-02,1.210484623908996582e+00,4.235282838344573975e-01,1.807559132575988770e+00,-8.673003315925598145e-02,-4.136080741882324219e-01,6.051121354103088379e-01,-6.996613740921020508e-01,1.594601988792419434e+00,-1.683870792388916016e+00,-1.721713542938232422e+00,6.817559003829956055e-01,-4.410617649555206299e-01,-2.683748483657836914e+00,-6.061432361602783203e-01
-1.387780785560607910e+00,7.302767634391784668e-01,-2.522744536399841309e-01,-1.634213924407958984e+00,-1.177422761917114258e+00,-8.247312903404235840e-01,-2.176035493612289429e-01,-1.372563719749450684e+00,3.765380084514617920e-01,-3.478013277053833008e+00,3.772614896297454834e-01,-7.785569131374359131e-02,1.675714373588562012e+00,-2.157998561859130859e+00,5.304883122444152832e-01,3.285168707370758057e-01,-4.076509177684783936e-02,2.198951482772827148e+00,0.000000000000000000e+00,-2.156979143619537354e-01,2.541119456291198730e-01,-4.400329291820526123e-01,-7.933638691902160645e-01,-1.302737116813659668e+00,2.329064607620239258e+00,6.604637205600738525e-02,6.824427843093872070e-01,3.626704812049865723e-01,1.515306472778320312e+00,1.254854559898376465e+00,-5.197887420654296875e-01,-1.578620225191116333e-01,4.826788604259490967e-02,-2.485857009887695312e-01,5.573570728302001953e-01,5.431115031242370605e-01,3.719474077224731445e-01,9.249821305274963379e-01,1.174119949340820312e+00,1.788939714431762695e+00,1.217900156974792480e+00,-4.366460144519805908e-01,9.342114925384521484e-01,1.511413931846618652e+00,3.976234793663024902e-01,1.863682985305786133e+00,-5.097372531890869141e-01,-9.702008366584777832e-01,-9.110823273658752441e-01,-7.290775775909423828e-01,4.881708025932312012e-01,-9.508949518203735352e-01,-3.639222979545593262e-01,-3.510312736034393311e-01,-7.734565734863281250e-01,5.580995678901672363e-01,-4.852495789527893066e-01,4.466809630393981934e-01,-3.431065976619720459e-01
4.061704128980636597e-02,-9.551130533218383789e-01,-1.275281667709350586e+00,-7.696858644485473633e-01,-1.982516050338745117e-01,-7.182297110557556152e-01,-2.804438769817352295e-01,-2.794145420193672180e-02,1.255318999290466309e+00,5.628460049629211426e-01,-3.460961878299713135e-01,3.885647654533386230e-01,-1.847585886716842651e-01,1.191378384828567505e-01,3.699823915958404541e-01,9.295259118080139160e-01,1.214845538139343262e+00,1.667122364044189453e+00,-2.156979143619537354e-01,0.000000000000000000e+00,1.481482028961181641e+00,2.442073345184326172e+00,6.872014999389648438e-01,1.137501835823059082e+00,6.252156496047973633e-01,6.571457386016845703e-01,-9.176955372095108032e-02,7.398355007171630859e-02,-4.582430422306060791e-01,-1.425445526838302612e-01,-3.759337589144706726e-02,1.240383312106132507e-01,-3.323607146739959717e-01,-1.145688533782958984e+00,-1.118413686752319336e+00,-7.277466058731079102e-01,-5.626248121261596680e-01,-7.692828178405761719e-01,-1.285596251487731934e+00,6.993705034255981445e-02,3.817143142223358154e-01,-6.522459983825683594e-01,-1.060004830360412598e+00,-6.113967299461364746e-01,-5.123540759086608887e-01,-5.820255875587463379e-01,5.118979215621948242e-01,-3.528191447257995605e-01,-5.952332541346549988e-02,-6.883087158203125000e-01,-5.726788043975830078e-01,-1.272472500801086426e+00,-9.822916984558105469e-01,-2.914989292621612549e-01,2.047611176967620850e-01,2.128368318080902100e-01,1.284885287284851074e+00,-6.503729224205017090e-01,3.500412404537200928e-01
-1.331753730773925781e+00,-1.944849193096160889e-01,-9.998380206525325775e-03,-1.039925694465637207e+00,-1.148987293243408203e+00,3.302323520183563232e-01,8.998469114303588867e-01,5.424000620841979980e-01,3.954355120658874512e-01,1.739294528961181641e+00,8.168575167655944824e-02,5.020721554756164551e-01,-1.278930902481079102e+00,1.229142069816589355e+00,4.556788189802318811e-04,-7.783191800117492676e-01,9.948352724313735962e-02,-1.661849915981292725e-01,2.541119456291198730e-01,1.481482028961181641e+00,0.000000000000000000e+00,5.913974642753601074e-01,1.327354788780212402e+00,-1.296437531709671021e-01,1.927815794944763184e+00,-1.281162142753601074e+00,-7.323592901229858398e-01,1.270206332206726074e+00,9.961216449737548828e-01,9.247161149978637695e-01,8.101525902748107910e-01,-2.206132173538208008e+00,2.339235544204711914e-01,1.865013718605041504e+00,8.030719310045242310e-02,-6.620434522628784180e-01,1.185801744461059570e+00,3.933319747447967529e-01,-6.068527102470397949e-01,-2.844683408737182617e+00,3.491368889808654785e-01,-5.437105298042297363e-01,-2.999784350395202637e-01,-6.427476555109024048e-02,2.163600027561187744e-01,-1.004648566246032715e+00,-1.153543815016746521e-01,1.996617168188095093e-01,-5.854623317718505859e-01,1.332127749919891357e-01,-3.406972646713256836e+00,1.152962595224380493e-01,-9.949214458465576172e-01,7.845208644866943359e-01,1.325003981590270996e+00,-5.528982281684875488e-01,4.901641234755516052e-02,-2.293851613998413086e+00,4.464665353298187256e-01
-5.675250291824340820e-01,-7.302685081958770752e-02,-4.444123506546020508e-01,-8.101420998573303223e-01,5.784485340118408203e-01,5.270192027091979980e-01,2.056366577744483948e-02,1.984585225582122803e-01,2.800323069095611572e-01,-2.264428138732910156e-01,5.669949650764465332e-01,-6.808893680572509766e-01,8.820776939392089844e-01,-1.581170409917831421e-01,-1.738573759794235229e-01,-8.248091936111450195e-01,-5.010237693786621094e-01,1.168429374694824219e+00,-4.400329291820526123e-01,2.442073345184326172e+00,5.913974642753601074e-01,0.000000000000000000e+00,6.082415580749511719e-01,1.717384815216064453e+00,-3.425922989845275879e-01,-9.387021064758300781e-01,1.988337785005569458e-01,1.477027416229248047e+00,3.715500831604003906e-01,-4.170626029372215271e-02,-5.041496157646179199e-01,-2.452584207057952881e-01,6.333001255989074707e-01,1.333285450935363770e+00,-9.787422418594360352e-01,-9.037170559167861938e-03,-1.348142981529235840e+00,-6.356917619705200195e-01,-6.303410530090332031e-01,1.404142081737518311e-01,5.542615056037902832e-01,-1.324340701103210449e+00,4.295513033866882324e-01,-3.067763149738311768e-01,-9.007688164710998535e-01,-2.828788459300994873e-01,-2.805338203907012939e-01,-1.715920120477676392e-01,-4.956119656562805176e-01,-2.039131335914134979e-02,-4.410372078418731689e-01,-5.978689193725585938e-01,1.553879827260971069e-01,-3.840903937816619873e-02,-1.106488108634948730e+00,-1.608866900205612183e-01,6.449042558670043945e-01,-3.224397301673889160e-01,-4.397551119327545166e-01
1.178229808807373047e+00,1.534136980772018433e-01,-8.767142891883850098e-01,-9.444575905799865723e-01,5.959296971559524536e-02,9.413475394248962402e-01,8.120229244232177734e-01,1.575051665306091309e+00,-7.041712999343872070e-01,8.331544995307922363e-01,-8.160536289215087891e-01,3.963280916213989258e-01,1.241587042808532715e+00,3.282403051853179932e-01,2.963490486145019531e-01,4.563985466957092285e-01,1.135822415351867676e+00,-4.692121446132659912e-01,-7.933638691902160645e-01,6.872014999389648438e-01,1.327354788780212402e+00,6.082415580749511719e-01,0.000000000000000000e+00,9.687789082527160645e-01,2.392887473106384277e-01,-1.013593316078186035e+00,1.201381310820579529e-01,2.592143774032592773e+00,1.007432699203491211e+00,7.364754080772399902e-01,-1.024516820907592773e+00,-3.146413341164588928e-02,-1.700070619583129883e+00,-3.503334283828735352e+00,4.290136992931365967e-01,-2.861710488796234131e-01,-6.794319152832031250e-01,5.896421074867248535e-01,3.779073059558868408e-01,2.671946287155151367e-01,1.148635506629943848e+00,2.967676520347595215e-01,-1.802565932273864746e+00,-1.614881604909896851e-01,7.466672062873840332e-01,-2.326675057411193848e-01,7.906498312950134277e-01,-1.744616627693176270e+00,-1.776461005210876465e-01,-1.874006271362304688e+00,-5.006765127182006836e-01,-7.793192267417907715e-01,8.664410561323165894e-03,1.154202342033386230e+00,-8.129926323890686035e-01,4.719487428665161133e-01,-1.144810989499092102e-01,-7.216266393661499023e-01,-2.708924055099487305e+00
-8.702313154935836792e-02,-5.530372858047485352e-01,-1.962680578231811523e+00,8.746535778045654297e-01,-7.247840762138366699e-01,-6.662780642509460449e-01,-1.604523301124572754e+00,-1.287167906761169434e+00,-1.749478429555892944e-01,-7.046252489089965820e-01,1.171599388122558594e+00,9.495878219604492188e-01,-1.103925108909606934e-01,-1.070512771606445312e+00,-7.023185491561889648e-01,-9.864857420325279236e-03,1.437149345874786377e-01,-2.132614403963088989e-01,-1.302737116813659668e+00,1.137501835823059082e+00,-1.296437531709671021e-01,1.717384815216064453e+00,9.687789082527160645e-01,0.000000000000000000e+00,2.030170559883117676e-01,1.488693714141845703e+00,3.175806522369384766e+00,5.473857522010803223e-01,-1.316215395927429199e-01,5.666775703430175781e-01,7.444336414337158203e-01,-3.383499085903167725e-01,1.033296212553977966e-01,9.953726530075073242e-01,-1.893557161092758179e-01,1.019830465316772461e+00,-3.719704449176788330e-01,-1.203560948371887207e+00,3.231253921985626221e-01,7.964496612548828125e-01,-1.237454786896705627e-01,-1.196197509765625000e+00,7.474437952041625977e-01,2.772849500179290771e-01,-5.242430567741394043e-01,-1.866201460361480713e-01,-1.201849937438964844e+00,-4.332994520664215088e-01,1.261755108833312988e+00,-1.418111562728881836e+00,2.574099302291870117e-01,-2.495631873607635498e-01,6.188363954424858093e-02,-1.267008543014526367e+00,3.034014403820037842e-01,3.924369215965270996e-01,5.505286455154418945e-01,-1.809725761413574219e+00,2.264039814472198486e-01
5.150197818875312805e-02,9.761078357696533203e-01,1.137583971023559570e+00,-8.715519905090332031e-01,-9.516868591308593750e-01,8.712586760520935059e-01,-1.259299039840698242e+00,1.147372961044311523e+00,6.394230723381042480e-01,3.569029867649078369e-01,-1.122921586036682129e+00,-9.665050357580184937e-02,5.321254134178161621e-01,-1.932657361030578613e+00,4.760916829109191895e-01,-1.635691523551940918e-01,-7.240834087133407593e-02,7.390511631965637207e-01,2.329064607620239258e+00,6.252156496047973633e-01,1.927815794944763184e+00,-3.425922989845275879e-01,2.392887473106384277e-01,2.030170559883117676e-01,0.000000000000000000e+00,1.889392375946044922e+00,4.366274923086166382e-02,2.265259027481079102e+00,-3.679399788379669189e-01,1.714971423149108887e+00,-9.477487802505493164e-01,-5.500962492078542709e-03,-2.072349041700363159e-01,-1.379393935203552246e+00,-1.260384798049926758e+00,5.914160013198852539e-01,-2.983491420745849609e-01,-2.569553613662719727e+00,2.709648013114929199e-01,2.842681705951690674e-01,-3.223317563533782959e-01,6.900948882102966309e-01,1.896683573722839355e-01,-5.178054571151733398e-01,-1.293041586875915527e+00,1.340491056442260742e+00,-8.401850610971450806e-02,2.303194720298051834e-03,2.937209308147430420e-01,-1.724642992019653320e+00,-8.420548439025878906e-01,-1.679872989654541016e+00,-7.724001407623291016e-01,2.207444459199905396e-01,1.233865737915039062e+00,-9.787074476480484009e-02,-4.810898602008819580e-01,-6.465436220169067383e-01,1.181692957878112793e+00
4.089946448802947998e-01,-1.001485586166381836e+00,-1.612379431724548340e+00,5.049234628677368164e-01,-6.861425638198852539e-01,1.130266338586807251e-01,4.917403161525726318e-01,-1.121869444847106934e+00,-5.713445544242858887e-01,-7.910298705101013184e-01,-5.725640654563903809e-01,-9.767083078622817993e-02,3.985333442687988281e-01,-5.813549831509590149e-02,5.745000243186950684e-01,-9.186750650405883789e-02,1.837883740663528442e-01,1.239543318748474121e+00,6.604637205600738525e-02,6.571457386016845703e-01,-1.281162142753601074e+00,-9.387021064758300781e-01,-1.013593316078186035e+00,1.488693714141845703e+00,1.889392375946044922e+00,0.000000000000000000e+00,1.583050489425659180e+00,-6.811659038066864014e-02,1.231680586934089661e-01,9.006490707397460938e-01,-9.220396280288696289e-01,-2.134946733713150024e-01,-5.226152483373880386e-03,5.499655008316040039e-01,-1.330938816070556641e+00,1.501574873924255371e+00,1.782841533422470093e-01,-2.099363565444946289e+00,1.346247792243957520e+00,1.007215738296508789e+00,1.031061410903930664e+00,6.945038437843322754e-01,1.573095679283142090e+00,2.283018529415130615e-01,-1.156597509980201721e-01,7.114000618457794189e-02,-1.881535053253173828e+00,-1.473137736320495605e-01,1.191006898880004883e+00,5.711847543716430664e-01,-1.904331706464290619e-02,-9.589170664548873901e-02,2.408459186553955078e-01,-4.287101030349731445e-01,-6.521595716476440430e-01,1.459031224250793457e+00,1.025670409202575684e+00,-1.315576583147048950e-01,3.272776007652282715e-01
