0.000000000000000000e+00,2.263441085815429688e+00,1.239427804946899414e+00,1.241198301315307617e+00,-5.551308989524841309e-01,-4.298473596572875977e-01,-1.780682802200317383e+00,3.004988431930541992e-01,7.616554945707321167e-02,-7.795885205268859863e-01,6.803588867187500000e-01,-2.533765733242034912e-01,2.936407923698425293e-01,-9.611415266990661621e-01,-4.708178639411926270e-01,8.778575062751770020e-01,8.731734752655029297e-02,1.238872647285461426e+00,-1.290766596794128418e+00,-7.110298275947570801e-01,-2.229164838790893555e+00,2.228525429964065552e-01,2.097820520401000977e+00,-5.863668918609619141e-01,-6.437703371047973633e-01,-9.281186461448669434e-01,-8.683742880821228027e-01,4.805165231227874756e-01,1.012324094772338867e+00,-6.660872697830200195e-02,1.824239492416381836e-01,2.317069023847579956e-01,-1.580032944679260254e+00,5.325369834899902344e-01,8.386484980583190918e-01,8.891771435737609863e-01,1.063242316246032715e+00,-8.951600790023803711e-01,1.033568263053894043e+00,2.756903171539306641e-01,-6.845466494560241699e-01,4.139265120029449463e-01,1.678728014230728149e-01,5.763011574745178223e-01,-6.934324502944946289e-01,-2.170459777116775513e-01,-2.659378051757812500e+00,-8.675198554992675781e-01,-1.071071177721023560e-01,8.271924257278442383e-01,-1.636124610900878906e+00,-8.469983935356140137e-01,3.337460756301879883e-01,1.111880540847778320e+00,1.609402000904083252e-01,1.325626134872436523e+00,-5.158362388610839844e-01,-1.527397274971008301e+00,-6.240617632865905762e-01
2.263441085815429688e+00,0.000000000000000000e+00,1.182492375373840332e+00,-1.325340151786804199e+00,2.396196126937866211e+00,-8.212437629699707031e-01,1.166048645973205566e+00,-3.808328211307525635e-01,-2.262103319168090820e+00,1.508668780326843262e+00,5.944800749421119690e-02,-5.847715735435485840e-01,7.945432662963867188e-01,9.525032639503479004e-01,-1.516220092773437500e+00,-1.657384037971496582e+00,-2.696384787559509277e-01,2.966451458632946014e-02,3.176291584968566895e-01,-5.748594403266906738e-01,-4.112470895051956177e-02,-8.838969469070434570e-01,-9.350439310073852539e-01,-1.310603260993957520e+00,7.585629820823669434e-01,-1.610005974769592285e+00,-7.978931069374084473e-01,-4.402579963207244873e-01,-2.119139581918716431e-01,-1.832336485385894775e-01,9.420853257179260254e-01,-1.547657370567321777e+00,1.596471548080444336e+00,6.567144393920898438e-01,-3.262544572353363037e-01,1.565888524055480957e+00,-1.535361409187316895e-01,5.430631041526794434e-01,1.023790597915649414e+00,8.247833251953125000e-01,2.295674681663513184e-01,-1.485646367073059082e+00,-3.958849608898162842e-01,7.842237129807472229e-03,5.576878786087036133e-01,1.893143355846405029e-01,-2.145151376724243164e+00,-1.863675236701965332e+00,2.515176236629486084e-01,1.208307966589927673e-01,-3.289656043052673340e-01,4.992142021656036377e-01,-2.036525905132293701e-01,-7.927839756011962891e-01,-2.613761695101857185e-03,2.023972749710083008e+00,-6.113505363464355469e-01,1.766500353813171387e+00,7.684792876243591309e-01
1.239427804946899414e+00,1.182492375373840332e+00,0.000000000000000000e+00,1.644847393035888672e+00,2.106425046920776367e+00,1.322390556335449219e+00,3.646746575832366943e-01,5.009335875511169434e-01,2.039609849452972412e-01,3.848261237144470215e-01,5.270448327064514160e-01,-8.542892336845397949e-01,9.262184500694274902e-01,1.183679938316345215e+00,4.947427660226821899e-02,-2.189778909087181091e-02,-2.858807444572448730e-01,1.163871526718139648e+00,1.185914278030395508e-01,-7.165660262107849121e-01,-8.022687435150146484e-01,1.203216552734375000e+00,-2.333607912063598633e+00,2.178471088409423828e-01,1.073790669441223145e+00,6.249926686286926270e-01,-1.385450124740600586e+00,7.584033906459808350e-02,-1.003330469131469727e+00,-6.781470775604248047e-02,1.054732203483581543e+00,5.004722476005554199e-01,3.436160683631896973e-01,-7.585896253585815430e-01,-2.044083550572395325e-02,-1.110240936279296875e+00,-6.037443876266479492e-01,-3.511229455471038818e-01,3.791788518428802490e-01,-1.150587677955627441e+00,4.219724535942077637e-01,-8.568626642227172852e-01,-1.007589623332023621e-01,-2.428171336650848389e-01,7.081593871116638184e-01,-1.489420413970947266e+00,-1.149528026580810547e+00,5.038170143961906433e-02,1.472211241722106934e+00,2.780746854841709137e-02,-4.222592711448669434e-01,-5.346542000770568848e-01,2.766691322904080153e-04,-3.412770628929138184e-01,-2.653263323009014130e-02,-1.560572385787963867e+00,-5.008720159530639648e-01,-9.633482694625854492e-01,-3.487363457679748535e-02
1.241198301315307617e+00,-1.325340151786804199e+00,1.644847393035888672e+00,0.000000000000000000e+00,1.616226077079772949e+00,1.606286644935607910e+00,-2.588515579700469971e-01,1.217579841613769531e+00,-3.869033753871917725e-01,-2.017755508422851562e-01,1.824619174003601074e+00,-2.471429407596588135e-01,4.964452981948852539e-01,-3.629963397979736328e+00,-5.986710786819458008e-01,1.500285863876342773e+00,4.884133338928222656e-01,1.456202507019042969e+00,-7.749235630035400391e-01,-5.749549269676208496e-01,-1.126421093940734863e+00,-1.264314174652099609e+00,3.847747147083282471e-01,3.635162711143493652e-01,-2.421590566635131836e+00,-2.421314865350723267e-01,-8.024083375930786133e-01,-3.976385593414306641e-01,-5.362184047698974609e-01,-8.699867129325866699e-01,8.813047409057617188e-01,8.566352128982543945e-01,4.073800444602966309e-01,-1.817073345184326172e+00,6.886634230613708496e-01,2.529872655868530273e-01,9.728606343269348145e-01,4.688431024551391602e-01,2.097346544265747070e+00,2.041614770889282227e+00,-1.874315887689590454e-01,-8.742173016071319580e-02,-4.840742051601409912e-01,-2.782022953033447266e+00,-1.460758090019226074e+00,4.113235473632812500e-01,-1.885565161705017090e+00,1.179524183273315430e+00,-2.814102470874786377e-01,7.858206033706665039e-01,-1.863499522209167480e+00,-9.672333598136901855e-01,8.239238262176513672e-01,1.329183220863342285e+00,6.373720765113830566e-01,-4.750773608684539795e-01,-1.704260349273681641e+00,-9.781573414802551270e-01,-8.983331918716430664e-01
-5.551308989524841309e-01,2.396196126937866211e+00,2.106425046920776367e+00,1.616226077079772949e+00,0.000000000000000000e+00,1.105163022875785828e-01,2.958220720291137695e+00,2.516630172729492188e+00,-2.793529927730560303e-01,5.283653736114501953e-01,4.285325482487678528e-02,-1.118050217628479004e+00,-1.600966691970825195e+00,-1.180551290512084961e+00,-6.966902613639831543e-01,-1.535238981246948242e+00,-4.075745344161987305e-01,-6.548120379447937012e-01,-1.154081344604492188e+00,-5.329796075820922852e-01,-1.542595624923706055e+00,-2.776209730654954910e-04,8.686309456825256348e-01,1.941446214914321899e-01,-1.587401747703552246e+00,-5.775445699691772461e-01,2.768718600273132324e-01,-6.532008647918701172e-01,-1.337569236755371094e+00,1.060829639434814453e+00,-8.529864549636840820e-01,9.514279961585998535e-01,3.173220455646514893e-01,-8.883293271064758301e-01,4.640902578830718994e-01,-7.797126173973083496e-01,-1.706099808216094971e-01,4.012279808521270752e-01,-1.742154836654663086e+00,-3.606191575527191162e-01,-1.110901832580566406e+00,4.413472115993499756e-01,5.300215482711791992e-01,8.407790958881378174e-02,-7.030187547206878662e-02,6.461908817291259766e-01,-1.485473155975341797e+00,5.805200338363647461e-01,-6.574422717094421387e-01,-9.332807660102844238e-01,1.057801246643066406e+00,1.573281168937683105e+00,-4.735975861549377441e-01,-5.817539244890213013e-02,9.871814250946044922e-01,-1.434131979942321777e+00,-1.468468904495239258e-01,1.100231885910034180e+00,-1.041697338223457336e-01
-4.298473596572875977e-01,-8.212437629699707031e-01,1.322390556335449219e+00,1.606286644935607910e+00,1.105163022875785828e-01,0.000000000000000000e+00,1.104431033134460449e+00,4.736178815364837646e-01,8.159048557281494141e-01,2.287130117416381836e+00,-1.185980319976806641e+00,3.865886330604553223e-01,-2.118634700775146484e+00,-2.798451185226440430e-01,5.693793296813964844e-01,-9.889239817857742310e-02,-5.050702691078186035e-01,8.489376306533813477e-01,-6.320576071739196777e-01,-1.031430840492248535e+00,1.096055865287780762e+00,-1.036702156066894531e+00,7.755631804466247559e-01,1.979240775108337402e-01,1.106517836451530457e-01,-3.996057212352752686e-01,3.651810437440872192e-02,8.062115907669067383e-01,6.984201073646545410e-01,-8.278111219406127930e-01,-1.110512390732765198e-01,-1.449739784002304077e-01,-7.341789454221725464e-02,-8.000671267509460449e-01,9.640608429908752441e-01,-3.599941134452819824e-01,-1.139847278594970703e+00,-5.176838040351867676e-01,2.092256247997283936e-01,-1.315190792083740234e+00,-1.665478467941284180e+00,2.470033466815948486e-01,-7.883414030075073242e-01,2.046986669301986694e-01,-7.319246530532836914e-01,2.434948384761810303e-01,5.517892837524414062e-01,1.195295333862304688e+00,2.887829206883907318e-02,-9.411985427141189575e-02,-7.420884370803833008e-01,-5.571145415306091309e-01,8.802120089530944824e-01,1.353260397911071777e+00,-7.130448818206787109e-01,-2.145556360483169556e-01,-2.185492515563964844e-01,-2.030938565731048584e-01,-5.024669766426086426e-01
-1.780682802200317383e+00,1.166048645973205566e+00,3.646746575832366943e-01,-2.588515579700469971e-01,2.958220720291137695e+00,1.104431033134460449e+00,0.000000000000000000e+00,2.621268987655639648e+00,-3.931766450405120850e-01,-1.103678941726684570e+00,-1.522581279277801514e-01,2.303917706012725830e-01,9.509857296943664551e-01,9.639903903007507324e-01,-1.531611084938049316e-01,-5.418897867202758789e-01,1.049655318260192871e+00,-4.001539647579193115e-01,4.680026471614837646e-01,-2.190689593553543091e-01,-1.016851663589477539e+00,3.562064170837402344e-01,1.292046427726745605e+00,8.318381011486053467e-02,-2.932610213756561279e-01,7.579049468040466309e-01,-3.571462035179138184e-01,-3.279157280921936035e-01,-5.360261201858520508e-01,-4.743181169033050537e-01,-4.957193732261657715e-01,-7.901130914688110352e-01,7.126799970865249634e-02,5.172966718673706055e-01,-1.880969293415546417e-02,5.312303900718688965e-01,-1.605084657669067383e+00,1.108720064163208008e+00,-3.416238725185394287e-01,-1.912612676620483398e+00,-6.764208078384399414e-01,-2.952554523944854736e-01,-3.699151873588562012e-01,-4.274046123027801514e-01,-3.400599956512451172e-01,-4.898248985409736633e-02,9.080985188484191895e-01,6.331080794334411621e-01,9.528839588165283203e-02,-4.325001537799835205e-01,1.439078569412231445e+00,4.797417223453521729e-01,-1.111706495285034180e+00,-3.277945220470428467e-01,7.393903136253356934e-01,-2.246373653411865234e+00,1.043806910514831543e+00,-1.800563931465148926e-01,-2.010864205658435822e-02
3.004988431930541992e-01,-3.808328211307525635e-01,5.009335875511169434e-01,1.217579841613769531e+00,2.516630172729492188e+00,4.736178815364837646e-01,2.621268987655639648e+00,0.000000000000000000e+00,5.649666190147399902e-01,-5.070481896400451660e-01,2.951976954936981201e-01,4.789999127388000488e-01,-1.236792206764221191e+00,-1.425466775894165039e+00,5.149891376495361328e-01,-1.225136876106262207e+00,-3.470515906810760498e-01,8.945004343986511230e-01,-6.943300366401672363e-01,5.791493654251098633e-01,1.141057968139648438e+00,4.746528565883636475e-01,1.895983934402465820e+00,1.127747148275375366e-01,9.878674149513244629e-02,-6.366394758224487305e-01,1.282640546560287476e-01,-8.536543250083923340e-01,-5.019012689590454102e-01,2.073353528976440430e+00,-6.857142597436904907e-02,-5.249799489974975586e-01,-6.085518002510070801e-01,-8.326461911201477051e-01,-1.464050292968750000e+00,-1.758942365646362305e+00,-1.930281072854995728e-01,2.801871299743652344e-01,-1.390794634819030762e+00,-7.131844758987426758e-01,6.773412227630615234e-02,-2.667652070522308350e-01,-4.701883792877197266e-01,6.627837419509887695e-01,5.221552252769470215e-01,-9.568858742713928223e-01,8.662338852882385254e-01,6.622503995895385742e-01,6.051356792449951172e-01,-1.282978057861328125e+00,1.343323737382888794e-01,-1.357458680868148804e-01,-2.723726511001586914e+00,-6.771644949913024902e-01,-1.577828764915466309e+00,3.652492463588714600e-01,5.382166430354118347e-02,-6.743226051330566406e-01,1.158005237579345703e+00
7.616554945707321167e-02,-2.262103319168090820e+00,2.039609849452972412e-01,-3.869033753871917725e-01,-2.793529927730560303e-01,8.159048557281494141e-01,-3.931766450405120850e-01,5.649666190147399902e-01,0.000000000000000000e+00,2.141635656356811523e+00,-5.094887018203735352e-01,1.672782182693481445e+00,-9.239473342895507812e-01,1.024806261062622070e+00,2.630757570266723633e+00,-2.393229156732559204e-01,-6.753455102443695068e-02,1.114498376846313477e+00,3.355717360973358154e-01,1.880354046821594238e+00,1.181292772293090820e+00,1.495478749275207520e+00,-4.361044764518737793e-01,-6.912936568260192871e-01,5.044401288032531738e-01,4.377115070819854736e-01,1.504569202661514282e-01,-7.043513655662536621e-01,9.751476347446441650e-02,-2.296969294548034668e-01,-4.574812650680541992e-01,-3.928009867668151855e-01,-1.250077843666076660e+00,-1.813213974237442017e-01,-1.819505810737609863e+00,-2.109889268875122070e+00,-1.196906805038452148e+00,-4.980837553739547729e-02,-1.744741201400756836e+00,-4.139312729239463806e-02,-8.298928141593933105e-01,-1.513319969177246094e+00,-6.109308004379272461e-01,-1.700084209442138672e-01,5.422283411026000977e-01,9.923918172717094421e-03,-6.053386926651000977e-01,7.221888899803161621e-01,-9.173849821090698242e-01,-1.100250244140625000e+00,-3.013973832130432129e-01,-1.431788563728332520e+00,-3.842042684555053711e-01,2.201588153839111328e-01,-4.138713181018829346e-01,-5.664553046226501465e-01,1.207090854644775391e+00,-2.137754410505294800e-01,3.999398052692413330e-01
-7.795885205268859863e-01,1.508668780326843262e+00,3.848261237144470215e-01,-2.017755508422851562e-01,5.283653736114501953e-01,2.287130117416381836e+00,-1.103678941726684570e+00,-5.070481896400451660e-01,2.141635656356811523e+00,0.000000000000000000e+00,2.536745786666870117e+00,8.626267313957214355e-01,2.334911823272705078e+00,-1.428811997175216675e-01,9.839746952056884766e-01,6.779091805219650269e-02,-3.877232074737548828e-01,-1.176690220832824707e+00,-6.679719090461730957e-01,-4.002317190170288086e-01,4.281622767448425293e-01,-4.013234674930572510e-01,1.241019964218139648e+00,-1.160317659378051758e+00,1.985494345426559448e-01,-2.017247676849365234e+00,-6.086483001708984375e-01,-1.466016411781311035e+00,-9.995279908180236816e-01,-1.776827216148376465e+00,-1.352210640907287598e+00,-5.176479220390319824e-01,7.295987010002136230e-01,-1.845084309577941895e+00,-7.193644642829895020e-01,-1.798867225646972656e+00,-4.922409951686859131e-01,-1.642809391021728516e+00,1.086265444755554199e+00,-3.934539481997489929e-02,3.959071636199951172e-01,2.831981480121612549e-01,2.735883295536041260e-01,1.534105539321899414e+00,-5.752024054527282715e-01,9.283518046140670776e-02,-1.282503724098205566e+00,-2.370080351829528809e-01,7.746827602386474609e-01,-7.830542325973510742e-01,2.359494209289550781e+00,-1.181070208549499512e+00,-1.295304536819458008e+00,2.143119573593139648e-01,-8.542377948760986328e-01,-2.273350000381469727e+00,2.857608199119567871e-01,2.256525456905364990e-01,-7.638809084892272949e-01
6.803588867187500000e-01,5.944800749421119690e-02,5.270448327064514160e-01,1.824619174003601074e+00,4.285325482487678528e-02,-1.185980319976806641e+00,-1.522581279277801514e-01,2.951976954936981201e-01,-5.094887018203735352e-01,2.536745786666870117e+00,0.000000000000000000e+00,5.089083909988403320e-01,5.020732283592224121e-01,2.020731210708618164e+00,-8.896086364984512329e-02,-6.346272230148315430e-01,-3.927822709083557129e-01,4.124146699905395508e-02,-1.588689982891082764e-01,-9.017611145973205566e-01,-2.040326893329620361e-01,2.175599634647369385e-01,-4.739196226000785828e-02,1.924090981483459473e-01,-1.206326603889465332e+00,-2.924380004405975342e-01,6.868659704923629761e-02,-2.711423933506011963e-01,-5.817914009094238281e-01,-1.717924356460571289e+00,8.044205307960510254e-01,6.152778863906860352e-01,5.097533389925956726e-02,1.029786944389343262e+00,6.355505585670471191e-01,1.015365481376647949e+00,-3.740363568067550659e-02,-1.154551059007644653e-01,1.198993921279907227e+00,1.523247510194778442e-01,-9.981663897633552551e-04,7.911068201065063477e-01,1.251838952302932739e-01,-5.921725034713745117e-01,-2.933368384838104248e-01,-6.101680397987365723e-01,9.291808605194091797e-01,-2.747033119201660156e+00,7.299972176551818848e-01,1.662681221961975098e+00,9.403079152107238770e-01,4.750173911452293396e-02,5.721511244773864746e-01,4.996714293956756592e-01,-3.490085899829864502e-01,6.923273801803588867e-01,-3.941211998462677002e-01,4.649694263935089111e-01,-1.488862395286560059e+00
-2.533765733242034912e-01,-5.847715735435485840e-01,-8.542892336845397949e-01,-2.471429407596588135e-01,-1.118050217628479004e+00,3.865886330604553223e-01,2.303917706012725830e-01,4.789999127388000488e-01,1.672782182693481445e+00,8.626267313957214355e-01,5.089083909988403320e-01,0.000000000000000000e+00,-5.512813329696655273e-01,1.057048320770263672e+00,2.567152261734008789e+00,-7.822248153388500214e-03,1.701120138168334961e+00,1.785217076539993286e-01,-2.623020112514495850e-01,-3.286492824554443359e-01,3.817392885684967041e-01,-2.746823132038116455e-01,2.810212671756744385e-01,2.349558621644973755e-01,1.834471821784973145e-01,-1.352052241563796997e-01,-8.443586230278015137e-01,-7.226635813713073730e-01,-1.838018894195556641e-01,2.953414320945739746e-01,-2.561880052089691162e-01,3.241347074508666992e-01,-1.882241666316986084e-01,-6.844397783279418945e-01,-1.662092447280883789e+00,-1.625513434410095215e+00,-8.334933519363403320e-01,9.545021504163742065e-02,-1.152849793434143066e+00,1.819508820772171021e-01,5.651093553751707077e-03,-9.655498266220092773e-01,-5.506864190101623535e-01,-6.693787574768066406e-01,1.135883450508117676e+00,6.405020356178283691e-01,1.197323724627494812e-01,-2.414252161979675293e-01,-8.491708040237426758e-01,3.993626832962036133e-01,2.074275910854339600e-01,5.569647550582885742e-01,-2.282022088766098022e-01,1.766913086175918579e-01,-3.698165118694305420e-01,-1.224828809499740601e-01,-1.718968749046325684e-01,-5.336554050445556641e-01,1.111673638224601746e-01
2.936407923698425293e-01,7.945432662963867188e-01,9.262184500694274902e-01,4.964452981948852539e-01,-1.600966691970825195e+00,-2.118634700775146484e+00,9.509857296943664551e-01,-1.236792206764221191e+00,-9.239473342895507812e-01,2.334911823272705078e+00,5.020732283592224121e-01,-5.512813329696655273e-01,0.000000000000000000e+00,1.885823965072631836e+00,-1.161699369549751282e-01,-9.124281406402587891e-01,-4.123420119285583496e-01,-2.327913641929626465e-01,9.236208200454711914e-01,-1.007451415061950684e+00,3.942141532897949219e-01,4.872105121612548828e-01,4.120793044567108154e-01,6.183745339512825012e-02,7.320287227630615234e-01,1.761417835950851440e-01,2.359743267297744751e-01,9.162148833274841309e-01,1.014729738235473633e+00,-7.143298536539077759e-02,-1.851507544517517090e+00,3.784259259700775146e-01,1.867965579032897949e+00,3.312646448612213135e-01,5.106782317161560059e-01,1.236707791686058044e-01,1.288422346115112305e+00,-1.203551769256591797e+00,-4.563273191452026367e-01,-8.580169081687927246e-02,-9.646418094635009766e-01,-6.351650226861238480e-03,-1.626179814338684082e-01,3.192139863967895508e-01,-1.153120517730712891e+00,3.833637833595275879e-01,3.320943117141723633e-01,-8.885568380355834961e-01,-4.770730733871459961e-01,6.386589407920837402e-01,3.928247690200805664e-01,1.224708259105682373e-01,1.911060214042663574e-01,-3.754006698727607727e-02,1.139552235603332520e+00,8.146350830793380737e-02,-3.446427881717681885e-01,2.761211693286895752e-01,-1.652622073888778687e-01
-9.611415266990661621e-01,9.525032639503479004e-01,1.183679938316345215e+00,-3.629963397979736328e+00,-1.180551290512084961e+00,-2.798451185226440430e-01,9.639903903007507324e-01,-1.425466775894165039e+00,1.024806261062622070e+00,-1.428811997175216675e-01,2.020731210708618164e+00,1.057048320770263672e+00,1.885823965072631836e+00,0.000000000000000000e+00,1.651800632476806641e+00,3.380511760711669922e+00,4.533404409885406494e-01,7.141051888465881348e-01,-1.314639449119567871e+00,3.302055597305297852e-01,1.214402675628662109e+00,3.001441061496734619e-01,-6.327762603759765625e-01,-6.267158687114715576e-02,-1.394133120775222778e-01,-7.218065857887268066e-01,4.581266343593597412e-01,-1.242437243461608887e+00,-9.819877147674560547e-01,-7.746798545122146606e-02,1.428599357604980469e-01,5.009377002716064453e-01,-1.130973219871520996e+00,-3.868202269077301025e-01,1.751436144113540649e-01,-1.022444739937782288e-01,7.476872205734252930e-01,-1.783568859100341797e+00,-8.959866166114807129e-01,-5.967400670051574707e-01,-1.501831531524658203e+00,6.563844680786132812e-01,1.508856296539306641e+00,-5.642232298851013184e-01,-2.748695015907287598e-01,1.092013955116271973e+00,-9.042083024978637695e-01,-1.750115394592285156e+00,-6.812377572059631348e-01,-9.698977470397949219e-01,4.115580022335052490e-02,4.025072455406188965e-01,-1.748524427413940430e+00,-1.016501665115356445e+00,-2.344037890434265137e-01,1.067103862762451172e+00,-1.306842863559722900e-01,3.044838905334472656e-01,3.377948999404907227e-01
-4.708178639411926270e-01,-1.516220092773437500e+00,4.947427660226821899e-02,-5.986710786819458008e-01,-6.966902613639831543e-01,5.693793296813964844e-01,-1.531611084938049316e-01,5.149891376495361328e-01,2.630757570266723633e+00,9.839746952056884766e-01,-8.896086364984512329e-02,2.567152261734008789e+00,-1.161699369549751282e-01,1.651800632476806641e+00,0.000000000000000000e+00,3.296487331390380859e-01,1.476145267486572266e+00,7.756158709526062012e-01,-6.243870034813880920e-02,1.429850101470947266e+00,1.026110291481018066e+00,1.160732626914978027e+00,5.651093553751707077e-03,4.976633489131927490e-01,2.065931558609008789e-01,4.556251764297485352e-01,-9.066783189773559570e-01,-9.828683137893676758e-01,-3.236429095268249512e-01,2.158120721578598022e-01,5.397364124655723572e-02,1.782653331756591797e-01,-9.917712211608886719e-01,-1.158645510673522949e+00,-2.432948827743530273e+00,-2.687168121337890625e+00,-1.334864377975463867e+00,-4.962317645549774170e-01,-1.205113410949707031e+00,-1.108373925089836121e-01,3.107654154300689697e-01,-1.731261849403381348e+00,-6.394518017768859863e-01,-7.532053589820861816e-01,9.274126887321472168e-01,-6.434959173202514648e-01,-1.789617687463760376e-01,2.132141739130020142e-01,-1.086473107337951660e+00,-2.395469099283218384e-01,-3.049791753292083740e-01,-1.132998093962669373e-01,-6.321972012519836426e-01,-3.561867475509643555e-01,-7.685538530349731445e-01,-6.587653756141662598e-01,1.076250195503234863e+00,-1.009956359863281250e+00,-3.559195995330810547e-02
8.778575062751770020e-01,-1.657384037971496582e+00,-2.189778909087181091e-02,1.500285863876342773e+00,-1.535238981246948242e+00,-9.889239817857742310e-02,-5.418897867202758789e-01,-1.225136876106262207e+00,-2.393229156732559204e-01,6.779091805219650269e-02,-6.346272230148315430e-01,-7.822248153388500214e-03,-9.124281406402587891e-01,3.380511760711669922e+00,3.296487331390380859e-01,0.000000000000000000e+00,5.576815009117126465e-01,8.183422088623046875e-01,3.901593089103698730e-01,1.952547952532768250e-02,-1.828760743141174316e+00,-1.271389365196228027e+00,5.382949709892272949e-01,1.992626547813415527e+00,3.378123641014099121e-01,-1.040532886981964111e-01,5.434895157814025879e-01,4.199964106082916260e-01,-6.232650876045227051e-01,1.166385889053344727e+00,-2.901281595230102539e+00,7.435209751129150391e-01,-6.008631587028503418e-01,7.310178875923156738e-01,1.248078823089599609e+00,1.812207818031311035e+00,4.265714287757873535e-01,-1.527117729187011719e+00,1.195281028747558594e+00,5.431855916976928711e-01,-5.983191728591918945e-02,1.019419431686401367e+00,-7.210434973239898682e-02,-1.417339801788330078e+00,-8.973937630653381348e-01,-7.629211544990539551e-01,5.329627990722656250e-01,6.930298209190368652e-01,-2.989965081214904785e-01,1.461396738886833191e-02,1.244773119688034058e-01,-8.210914731025695801e-01,-1.936326622962951660e+00,-5.994147658348083496e-01,1.316929101943969727e+00,2.282923161983489990e-01,-4.293057620525360107e-01,-1.272481441497802734e+00,-6.704666614532470703e-01
8.731734752655029297e-02,-2.696384787559509277e-01,-2.858807444572448730e-01,4.884133338928222656e-01,-4.075745344161987305e-01,-5.050702691078186035e-01,1.049655318260192871e+00,-3.470515906810760498e-01,-6.753455102443695068e-02,-3.877232074737548828e-01,-3.927822709083557129e-01,1.701120138168334961e+00,-4.123420119285583496e-01,4.533404409885406494e-01,1.476145267486572266e+00,5.576815009117126465e-01,0.000000000000000000e+00,-2.653821706771850586e-01,-3.086002916097640991e-02,1.336994290351867676e+00,-5.266453698277473450e-02,-4.127706587314605713e-01,7.538313269615173340e-01,2.980050146579742432e-01,4.021953642368316650e-01,4.301100671291351318e-01,5.386671796441078186e-02,8.207624554634094238e-01,8.880780339241027832e-01,1.142375349998474121e+00,-3.485710620880126953e-01,-4.219299182295799255e-02,-3.022800385951995850e-01,-4.102149605751037598e-01,-9.447245001792907715e-01,-7.879856824874877930e-01,-9.310042858123779297e-02,1.359168812632560730e-02,-6.525158882141113281e-01,-4.100452065467834473e-01,2.656934261322021484e-01,-4.279138445854187012e-01,-4.202239215373992920e-01,-1.123543158173561096e-01,-4.463577270507812500e-01,-1.646993458271026611e-01,4.354283511638641357e-01,-7.351285815238952637e-01,-6.040585041046142578e-01,-9.974747151136398315e-02,-2.781111598014831543e-01,6.196449398994445801e-01,4.929815530776977539e-01,1.314781159162521362e-01,-2.562476396560668945e-01,-9.139964580535888672e-01,-6.560710072517395020e-01,-9.786654710769653320e-01,-3.531297445297241211e-01
1.238872647285461426e+00,2.966451458632946014e-02,1.163871526718139648e+00,1.456202507019042969e+00,-6.548120379447937012e-01,8.489376306533813477e-01,-4.001539647579193115e-01,8.945004343986511230e-01,1.114498376846313477e+00,-1.176690220832824707e+00,4.124146699905395508e-02,1.785217076539993286e-01,-2.327913641929626465e-01,7.141051888465881348e-01,7.756158709526062012e-01,8.183422088623046875e-01,-2.653821706771850586e-01,0.000000000000000000e+00,1.416365057229995728e-01,1.708103418350219727e+00,1.287667632102966309e+00,1.232631087303161621e+00,5.411832332611083984e-01,-3.628172874450683594e-01,-1.955800056457519531e-01,1.338677883148193359e+00,7.279469370841979980e-01,7.108255028724670410e-01,1.191349625587463379e+00,4.599005579948425293e-01,-2.421778142452239990e-01,-4.839396774768829346e-01,-4.689103662967681885e-01,-6.603889167308807373e-02,-2.529292106628417969e-01,-1.068635106086730957e+00,-1.444390509277582169e-02,4.921416938304901123e-01,-2.715854644775390625e+00,-7.362748980522155762e-01,-1.578439712524414062e+00,-9.237423539161682129e-01,-5.702353715896606445e-01,3.682075738906860352e-01,-3.778278529644012451e-01,5.331553816795349121e-01,-1.471446514129638672e+00,2.136342763900756836e+00,-1.896239966154098511e-01,-6.464136242866516113e-01,-1.050289630889892578e+00,-1.258358240127563477e+00,9.101738333702087402e-01,-1.408013463020324707e+00,-9.436333179473876953e-01,4.079000651836395264e-01,2.284027338027954102e-01,-2.033227920532226562e+00,-9.116533398628234863e-01
-1.290766596794128418e+00,3.176291584968566895e-01,1.185914278030395508e-01,-7.749235630035400391e-01,-1.154081344604492188e+00,-6.320576071739196777e-01,4.680026471614837646e-01,-6.943300366401672363e-01,3.355717360973358154e-01,-6.679719090461730957e-01,-1.588689982891082764e-01,-2.623020112514495850e-01,9.236208200454711914e-01,-1.314639449119567871e+00,-6.243870034813880920e-02,3.901593089103698730e-01,-3.086002916097640991e-02,1.416365057229995728e-01,0.000000000000000000e+00,-1.837409734725952148e-01,8.661516904830932617e-01,-9.645345271565020084e-04,-1.363251686096191406e+00,-7.080350071191787720e-02,1.428572773933410645e+00,-7.849096655845642090e-01,-1.299180984497070312e+00,1.362004995346069336e+00,1.601633071899414062e+00,1.016239285469055176e+00,-3.891674876213073730e-01,-1.128219887614250183e-01,-2.764225900173187256e-01,-6.619435735046863556e-03,8.300562500953674316e-01,-5.231844782829284668e-01,-2.278068810701370239e-01,1.059044957160949707e+00,5.747509002685546875e-01,2.040951013565063477e+00,2.166877269744873047e+00,-9.728141427040100098e-01,9.887364506721496582e-01,9.251342415809631348e-01,9.765087366104125977e-01,1.521381974220275879e+00,-5.681749582290649414e-01,-9.553448557853698730e-01,-1.494408726692199707e+00,-3.257274329662322998e-01,-9.984726905822753906e-01,2.948379218578338623e-01,7.046274095773696899e-02,-4.562727510929107666e-01,8.142702281475067139e-03,1.673831343650817871e+00,1.383558213710784912e-01,9.368504881858825684e-01,-6.494852304458618164e-01
-7.110298275947570801e-01,-5.748594403266906738e-01,-7.165660262107849121e-01,-5.749549269676208496e-01,-5.329796075820922852e-01,-1.031430840492248535e+00,-2.190689593553543091e-01,5.791493654251098633e-01,1.880354046821594238e+00,-4.002317190170288086e-01,-9.017611145973205566e-01,-3.286492824554443359e-01,-1.007451415061950684e+00,3.302055597305297852e-01,1.429850101470947266e+00,1.952547952532768250e-02,1.336994290351867676e+00,1.708103418350219727e+00,-1.837409734725952148e-01,0.000000000000000000e+00,1.737104892730712891e+00,2.321843862533569336e+00,1.745015263557434082e+00,4.623439311981201172e-01,1.697779178619384766e+00,4.058745503425598145e-01,3.193193078041076660e-01,6.516579389572143555e-01,1.742644309997558594e-01,3.861958384513854980e-01,-2.406494617462158203e-01,4.021655321121215820e-01,-1.429422497749328613e+00,-1.596476197242736816e+00,-1.792920112609863281e+00,-1.101033806800842285e+00,-7.343039512634277344e-01,-1.401781201362609863e+00,-1.627311110496520996e+00,2.806706726551055908e-01,2.792000770568847656e-01,-1.337300658226013184e+00,-9.515565037727355957e-01,-7.982525825500488281e-01,1.554518789052963257e-01,-5.773183330893516541e-02,-6.309864670038223267e-02,4.956248104572296143e-01,-3.983854651451110840e-01,-1.403728365898132324e+00,-5.022848844528198242e-01,-1.324192047119140625e+00,-1.098320364952087402e+00,1.984180882573127747e-02,-2.066255062818527222e-01,1.190362572669982910e-01,1.410970687866210938e+00,-5.852506756782531738e-01,3.746004700660705566e-01
-2.229164838790893555e+00,-4.112470895051956177e-02,-8.022687435150146484e-01,-1.126421093940734863e+00,-1.542595624923706055e+00,1.096055865287780762e+00,-1.016851663589477539e+00,1.141057968139648438e+00,1.181292772293090820e+00,4.281622767448425293e-01,-2.040326893329620361e-01,3.817392885684967041e-01,3.942141532897949219e-01,1.214402675628662109e+00,1.026110291481018066e+00,-1.828760743141174316e+00,-5.266453698277473450e-02,1.287667632102966309e+00,8.661516904830932617e-01,1.737104892730712891e+00,0.000000000000000000e+00,1.011111736297607422e+00,1.496521949768066406e+00,-5.775166749954223633e-01,1.683800697326660156e+00,-2.101809680461883545e-01,-1.173742532730102539e+00,1.294565916061401367e+00,6.280744671821594238e-01,-7.393652200698852539e-01,-1.859413236379623413e-01,-1.387244462966918945e+00,-1.531360447406768799e-01,-1.869363188743591309e-01,-8.715242147445678711e-01,-6.166275739669799805e-01,-5.206043645739555359e-02,2.968288362026214600e-01,-9.664826393127441406e-01,-4.831524938344955444e-02,-2.451371192932128906e+00,4.530672729015350342e-01,1.522397249937057495e-01,5.671129822731018066e-01,2.831203937530517578e-01,-2.588334679603576660e-01,-1.633280277252197266e+00,-7.609577775001525879e-01,8.173040747642517090e-01,-5.743393898010253906e-01,-1.767781376838684082e+00,9.711841344833374023e-01,-9.170429706573486328e-01,1.316180109977722168e+00,1.556608676910400391e+00,-9.186772704124450684e-01,1.184331655502319336e+00,-1.488172411918640137e+00,6.963784098625183105e-01
2.228525429964065552e-01,-8.838969469070434570e-01,1.203216552734375000e+00,-1.264314174652099609e+00,-2.776209730654954910e-04,-1.036702156066894531e+00,3.562064170837402344e-01,4.746528565883636475e-01,1.495478749275207520e+00,-4.013234674930572510e-01,2.175599634647369385e-01,-2.746823132038116455e-01,4.872105121612548828e-01,3.001441061496734619e-01,1.160732626914978027e+00,-1.271389365196228027e+00,-4.127706587314605713e-01,1.232631087303161621e+00,-9.645345271565020084e-04,2.321843862533569336e+00,1.011111736297607422e+00,0.000000000000000000e+00,-5.088970065116882324e-01,1.545310020446777344e+00,7.935657501220703125e-01,-7.392802238464355469e-01,1.574136316776275635e-01,2.584758996963500977e-01,1.887806653976440430e-01,2.152330279350280762e-01,-4.474161565303802490e-01,-5.440035462379455566e-01,8.218827247619628906e-01,4.303959310054779053e-01,-6.864417791366577148e-01,-2.081280708312988281e+00,-7.924783825874328613e-01,-6.061233282089233398e-01,-8.179877996444702148e-01,-5.426147580146789551e-01,4.072138071060180664e-01,-6.768040657043457031e-01,-1.441985517740249634e-01,-1.849945485591888428e-01,2.854133956134319305e-02,3.935869038105010986e-01,-7.975133657455444336e-01,1.017844438552856445e+00,-1.265926480293273926e+00,-5.725635886192321777e-01,-5.471258759498596191e-01,-7.240399122238159180e-01,-8.037552237510681152e-01,-3.399356007575988770e-01,7.709676772356033325e-02,2.484504580497741699e-01,9.654832482337951660e-01,-2.388025820255279541e-01,1.500971168279647827e-01
2.097820520401000977e+00,-9.350439310073852539e-01,-2.333607912063598633e+00,3.847747147083282471e-01,8.686309456825256348e-01,7.755631804466247559e-01,1.292046427726745605e+00,1.895983934402465820e+00,-4.361044764518737793e-01,1.241019964218139648e+00,-4.739196226000785828e-02,2.810212671756744385e-01,4.120793044567108154e-01,-6.327762603759765625e-01,5.651093553751707077e-03,5.382949709892272949e-01,7.538313269615173340e-01,5.411832332611083984e-01,-1.363251686096191406e+00,1.745015263557434082e+00,1.496521949768066406e+00,-5.088970065116882324e-01,0.000000000000000000e+00,4.838048219680786133e-01,4.441424608230590820e-01,1.576296985149383545e-01,-1.259107232093811035e+00,2.430469989776611328e+00,1.606015682220458984e+00,2.213799476623535156e+00,1.347593426704406738e+00,-1.901164412498474121e+00,-2.142762184143066406e+00,-1.252136707305908203e+00,2.776431664824485779e-02,-1.737033724784851074e+00,-2.130403041839599609e+00,3.229461610317230225e-01,8.893906474113464355e-01,-3.585181236267089844e-01,-1.454362750053405762e+00,-9.971510618925094604e-02,-1.399198889732360840e+00,-1.195087671279907227e+00,-2.250808030366897583e-01,-6.448738276958465576e-02,-2.208839893341064453e+00,-6.713591814041137695e-01,-5.366137027740478516e-01,-1.149202823638916016e+00,-1.306080222129821777e+00,-8.987863063812255859e-01,1.762861460447311401e-01,6.184554100036621094e-01,-1.033981069922447205e-01,1.614738814532756805e-02,-5.005988478660583496e-01,-1.462512493133544922e+00,-6.723640561103820801e-01
-5.863668918609619141e-01,-1.310603260993957520e+00,2.178471088409423828e-01,3.635162711143493652e-01,1.941446214914321899e-01,1.979240775108337402e-01,8.318381011486053467e-02,1.127747148275375366e-01,-6.912936568260192871e-01,-1.160317659378051758e+00,1.924090981483459473e-01,2.349558621644973755e-01,6.183745339512825012e-02,-6.267158687114715576e-02,4.976633489131927490e-01,1.992626547813415527e+00,2.980050146579742432e-01,-3.628172874450683594e-01,-7.080350071191787720e-02,4.623439311981201172e-01,-5.775166749954223633e-01,1.545310020446777344e+00,4.838048219680786133e-01,0.000000000000000000e+00,8.062506318092346191e-01,9.001759886741638184e-01,2.861868858337402344e+00,9.091264605522155762e-01,-2.376051545143127441e-01,9.718040823936462402e-01,-7.799315452575683594e-01,-1.404210031032562256e-01,-1.410101950168609619e-01,3.036890923976898193e-01,5.421895980834960938e-01,7.738264203071594238e-01,-9.540202021598815918e-01,-1.614512443542480469e+00,-5.853493809700012207e-01,5.631672739982604980e-01,-2.896513044834136963e-01,-7.472985237836837769e-02,-8.206377625465393066e-01,-6.091302037239074707e-01,-1.537833571434020996e+00,-3.654634207487106323e-02,-6.013470292091369629e-01,-2.293168157339096069e-01,1.370127320289611816e+00,1.143442988395690918e-01,1.403090059757232666e-01,-1.441457390785217285e+00,-1.064604640007019043e+00,-1.606892704963684082e+00,-1.045725345611572266e+00,4.071157574653625488e-01,1.470979332923889160e+00,-1.011045455932617188e+00,5.278694629669189453e-01
-6.437703371047973633e-01,7.585629820823669434e-01,1.073790669441223145e+00,-2.421590566635131836e+00,-1.587401747703552246e+00,1.106517836451530457e-01,-2.932610213756561279e-01,9.878674149513244629e-02,5.044401288032531738e-01,1.985494345426559448e-01,-1.206326603889465332e+00,1.834471821784973145e-01,7.320287227630615234e-01,-1.394133120775222778e-01,2.065931558609008789e-01,3.378123641014099121e-01,4.021953642368316650e-01,-1.955800056457519531e-01,1.428572773933410645e+00,1.697779178619384766e+00,1.683800697326660156e+00,7.935657501220703125e-01,4.441424608230590820e-01,8.062506318092346191e-01,0.000000000000000000e+00,1.589204311370849609e+00,6.408002972602844238e-01,2.286730289459228516e+00,1.092371225357055664e+00,9.804176688194274902e-01,-4.459877610206604004e-01,1.982470750808715820e-01,9.291630983352661133e-01,1.218543425202369690e-01,-1.260836720466613770e+00,1.037590742111206055e+00,1.013215899467468262e+00,-2.879431009292602539e+00,1.946454524993896484e+00,1.497627049684524536e-01,5.747690200805664062e-01,-1.175196543335914612e-01,7.641080766916275024e-02,-1.266385912895202637e+00,-7.161583304405212402e-01,-4.706373512744903564e-01,-1.104536414146423340e+00,-1.468370556831359863e-01,-1.309839010238647461e+00,-3.369985580444335938e+00,7.959187030792236328e-02,-2.544986724853515625e+00,-2.468743801116943359e+00,-1.426274061203002930e+00,7.801291942596435547e-01,-8.885599970817565918e-01,-4.783453643321990967e-01,-8.323933184146881104e-02,8.089050054550170898e-01
-9.281186461448669434e-01,-1.610005974769592285e+00,6.249926686286926270e-01,-2.421314865350723267e-01,-5.775445699691772461e-01,-3.996057212352752686e-01,7.579049468040466309e-01,-6.366394758224487305e-01,4.377115070819854736e-01,-2.017247676849365234e+00,-2.924380004405975342e-01,-1.352052241563796997e-01,1.761417835950851440e-01,-7.218065857887268066e-01,4.556251764297485352e-01,-1.040532886981964111e-01,4.301100671291351318e-01,1.338677883148193359e+00,-7.849096655845642090e-01,4.058745503425598145e-01,-2.101809680461883545e-01,-7.392802238464355469e-01,1.576296985149383545e-01,9.001759886741638184e-01,1.589204311370849609e+00,0.000000000000000000e+00,8.563328385353088379e-01,-5.714089870452880859e-01,-2.239880859851837158e-01,2.435306906700134277e-01,-3.492154479026794434e-01,3.766891360282897949e-01,6.280151009559631348e-01,1.448716998100280762e+00,3.701493442058563232e-01,1.568156480789184570e+00,-1.858778595924377441e-01,-6.774126291275024414e-01,2.072084426879882812e+00,8.418470025062561035e-01,8.801536560058593750e-01,-2.126808166503906250e-01,5.952012538909912109e-01,-1.922958344221115112e-01,-1.341014385223388672e+00,6.242619752883911133e-01,-2.175855636596679688e+00,-1.143674626946449280e-01,1.017879009246826172e+00,1.136898756027221680e+00,2.449727384373545647e-03,2.468757927417755127e-01,-2.846655547618865967e-01,-4.072972536087036133e-01,7.399598509073257446e-02,7.675702571868896484e-01,1.520741343498229980e+00,5.436383485794067383e-01,-3.349565267562866211e-01
