0.000000000000000000e+00,2.501914024353027344e+00,1.195306062698364258e+00,-6.749294996261596680e-01,2.962504923343658447e-01,3.030426204204559326e-01,-1.038315534591674805e+00,-1.905177980661392212e-01,-5.544339418411254883e-01,-5.461746454238891602e-01,-4.081463217735290527e-01,-5.460765361785888672e-01,-4.380704462528228760e-01,-1.791720688343048096e-01,3.042684495449066162e-01,6.353267282247543335e-02,-5.807954072952270508e-01,-3.413207456469535828e-02,-3.646420836448669434e-01,-4.131886363029479980e-01,-2.186911702156066895e-01,-8.724418282508850098e-01,1.075564622879028320e+00,-3.051688149571418762e-02,-4.316583871841430664e-01,6.139817237854003906e-01,2.185389772057533264e-02,-5.989868566393852234e-02,5.868961811065673828e-01,-1.172131970524787903e-01,6.991935968399047852e-01,8.412533402442932129e-01,-6.162500381469726562e-01,1.238162159919738770e+00,6.787658929824829102e-01,-1.182111740112304688e+00,1.618479341268539429e-01,8.166355490684509277e-01,-4.613198339939117432e-03,6.013207435607910156e-01,-3.279528766870498657e-02,-1.352746963500976562e+00,9.973708987236022949e-01,2.534998953342437744e-01,-1.153038740158081055e+00,-2.157943546772003174e-01,-7.771471887826919556e-02,-9.695766568183898926e-01,2.453145980834960938e-01,-4.045100510120391846e-01,-1.470719456672668457e+00,-4.762646928429603577e-02,-1.260963678359985352e+00,-6.245943903923034668e-01,-9.967084974050521851e-02,1.425843596458435059e+00,-3.436211645603179932e-01,-4.726646244525909424e-01,0.000000000000000000e+00
2.501914024353027344e+00,0.000000000000000000e+00,1.050861120223999023e+00,9.739179611206054688e-01,1.592865467071533203e+00,-1.155980706214904785e+00,6.854420304298400879e-01,-7.014693021774291992e-01,-1.395157337188720703e+00,-1.921974867582321167e-02,6.571824550628662109e-01,1.173296347260475159e-01,5.880294442176818848e-01,-1.961665898561477661e-01,-2.085341691970825195e+00,4.699181616306304932e-01,-8.434208035469055176e-01,-1.099452614784240723e+00,5.076970458030700684e-01,-6.446228027343750000e-01,-7.480383515357971191e-01,-1.239280700683593750e+00,-9.698104262351989746e-01,-7.986235618591308594e-01,1.640745401382446289e-01,-9.951481819152832031e-01,-8.804657459259033203e-01,5.709061026573181152e-01,-3.221349120140075684e-01,-5.931650400161743164e-01,-3.486134707927703857e-01,-5.013340115547180176e-01,2.374263286590576172e+00,5.412561297416687012e-01,5.282810926437377930e-01,-3.206926882266998291e-01,-6.306674480438232422e-01,1.049551844596862793e+00,1.412845253944396973e-01,1.119195461273193359e+00,-8.747525811195373535e-01,-1.289660111069679260e-02,-5.805303901433944702e-02,-4.059999585151672363e-01,1.918559670448303223e-01,-9.832811951637268066e-01,1.236147359013557434e-01,-1.303720593452453613e+00,-1.424562782049179077e-01,9.742420911788940430e-01,3.857322335243225098e-01,-2.003795146942138672e+00,-7.450207471847534180e-01,-4.943209588527679443e-01,9.411923885345458984e-01,1.257280111312866211e+00,5.352602899074554443e-02,1.820257663726806641e+00,0.000000000000000000e+00
1.195306062698364258e+00,1.050861120223999023e+00,0.000000000000000000e+00,1.652006745338439941e+00,4.389373660087585449e-01,5.191628932952880859e-01,7.605368494987487793e-01,3.705287873744964600e-01,-8.252458274364471436e-02,-2.362935841083526611e-01,1.573394894599914551e+00,-1.303385496139526367e-01,4.467380344867706299e-01,1.066180109977722168e+00,-9.047135710716247559e-01,6.464015245437622070e-01,-8.777499943971633911e-02,-4.040172398090362549e-01,2.952960431575775146e-01,-1.092108368873596191e+00,-8.938847780227661133e-01,-1.483993649482727051e+00,-1.074831128120422363e+00,-1.040263652801513672e+00,-1.321782320737838745e-01,-1.433387547731399536e-01,-1.895736813545227051e+00,-3.769702315330505371e-01,4.663800001144409180e-01,-2.601787745952606201e-01,7.636729478836059570e-01,7.229050993919372559e-01,9.704471826553344727e-01,-8.066197484731674194e-02,1.019228935241699219e+00,-1.005822300910949707e+00,-3.040311336517333984e+00,2.702395319938659668e-01,5.702785253524780273e-01,-1.550241857767105103e-01,1.189372658729553223e+00,3.264308720827102661e-02,1.219559431076049805e+00,-1.099895715713500977e+00,1.987558156251907349e-01,-1.143541812896728516e+00,2.656084597110748291e-01,5.729112625122070312e-01,8.155064582824707031e-01,-1.224952414631843567e-01,-3.709638416767120361e-01,-1.396424889564514160e+00,-4.823618568480014801e-03,-5.154271721839904785e-01,7.507804632186889648e-01,-6.119861602783203125e-01,-2.004300057888031006e-01,-1.430572867393493652e-01,0.000000000000000000e+00
-6.749294996261596680e-01,9.739179611206054688e-01,1.652006745338439941e+00,0.000000000000000000e+00,2.361176729202270508e+00,2.267170429229736328e+00,2.126955270767211914e+00,1.629832863807678223e+00,-9.062889814376831055e-01,8.162555098533630371e-01,8.677420020103454590e-01,-1.439745068550109863e+00,-1.479281187057495117e-01,-8.804258704185485840e-01,-4.162321388721466064e-01,1.173531055450439453e+00,-1.402186751365661621e-01,8.044999837875366211e-01,-1.095077157020568848e+00,-1.088367581367492676e+00,-8.808783292770385742e-01,-6.981887221336364746e-01,-7.271096110343933105e-01,2.304815798997879028e-01,-7.436594367027282715e-01,5.873610377311706543e-01,-4.211800098419189453e-01,-3.236931264400482178e-01,-5.046232938766479492e-01,-5.515717267990112305e-01,-7.437678575515747070e-01,4.353978037834167480e-01,1.190564990043640137e+00,7.161129713058471680e-01,1.432875037193298340e+00,2.895798385143280029e-01,-4.900387227535247803e-01,7.176771163940429688e-01,8.804139494895935059e-01,9.245637059211730957e-01,-1.220508575439453125e+00,9.532372355461120605e-01,-6.474171876907348633e-01,-1.150303483009338379e+00,-8.838993906974792480e-01,9.499759227037429810e-02,-4.336113035678863525e-01,-1.114598736166954041e-01,-1.471519917249679565e-01,-4.197707772254943848e-01,-2.161099433898925781e+00,-1.487372040748596191e+00,-1.205806255340576172e+00,-2.919737696647644043e-01,-9.031975269317626953e-02,-8.466385602951049805e-01,-1.274440088309347630e-03,-3.946111500263214111e-01,0.000000000000000000e+00
2.962504923343658447e-01,1.592865467071533203e+00,4.389373660087585449e-01,2.361176729202270508e+00,0.000000000000000000e+00,1.094244360923767090e+00,3.167181730270385742e+00,2.247534751892089844e+00,-1.332161784172058105e+00,2.238613665103912354e-01,-8.646941184997558594e-01,-1.616958022117614746e+00,-2.391982078552246094e-01,4.242711961269378662e-01,-5.097866058349609375e-01,-2.824099659919738770e-01,2.509166300296783447e-01,-2.372415542602539062e+00,-6.667231321334838867e-01,-7.668099999427795410e-01,1.016072630882263184e-01,-8.114014267921447754e-01,-9.367563724517822266e-01,-1.825466394424438477e+00,-6.687523722648620605e-01,-7.484447956085205078e-01,1.765343070030212402e+00,6.749288439750671387e-01,-1.017572879791259766e+00,1.056812524795532227e+00,2.988584935665130615e-01,-3.675655126571655273e-01,3.951873779296875000e-01,-1.875228583812713623e-01,3.572718799114227295e-01,-4.008751511573791504e-01,-4.159561693668365479e-01,-5.166488885879516602e-01,-1.945309042930603027e-01,-4.967414736747741699e-01,7.993903011083602905e-02,7.950053811073303223e-01,3.595195710659027100e-01,1.546564340591430664e+00,8.613079190254211426e-01,1.606353819370269775e-01,5.244820713996887207e-01,3.001306653022766113e-01,-8.734625577926635742e-01,6.230238080024719238e-01,1.024622395634651184e-01,1.539711654186248779e-01,-2.065790653228759766e+00,-5.287583470344543457e-01,4.054301381111145020e-01,-2.191203355789184570e+00,-6.463091373443603516e-01,-1.530818045139312744e-01,0.000000000000000000e+00
3.030426204204559326e-01,-1.155980706214904785e+00,5.191628932952880859e-01,2.267170429229736328e+00,1.094244360923767090e+00,0.000000000000000000e+00,2.673902034759521484e+00,1.256962895393371582e+00,1.219500303268432617e+00,6.619662046432495117e-01,9.157998114824295044e-02,-1.656313687562942505e-01,2.243266850709915161e-01,-2.179741859436035156e-01,2.420419931411743164e+00,-3.888550698757171631e-01,-3.949178159236907959e-01,9.960497021675109863e-01,-5.710245966911315918e-01,-1.914277821779251099e-01,-6.017699837684631348e-01,-2.804235816001892090e-01,1.210546731948852539e+00,-1.817687034606933594e+00,1.812956213951110840e+00,-2.460219562053680420e-01,-8.744935393333435059e-01,7.148160338401794434e-01,-6.992124319076538086e-01,-2.738973498344421387e-01,-6.108496785163879395e-01,-5.230700969696044922e-01,-2.533643484115600586e+00,-1.067340612411499023e+00,1.120390176773071289e+00,3.518706262111663818e-01,5.438352227210998535e-01,6.541343927383422852e-01,-7.228956818580627441e-01,-2.545102834701538086e-01,-2.645485699176788330e-01,8.315607309341430664e-01,-2.106490612030029297e+00,-1.207898780703544617e-01,-1.787114143371582031e+00,7.639957070350646973e-01,-6.339768767356872559e-01,-1.066257134079933167e-01,-3.692758977413177490e-01,8.762376308441162109e-01,-2.436469316482543945e+00,-2.762078642845153809e-01,-1.707217991352081299e-01,4.166594147682189941e-01,-1.384375095367431641e+00,-2.189455270767211914e+00,-6.044036746025085449e-01,-1.113028883934020996e+00,0.000000000000000000e+00
-1.038315534591674805e+00,6.854420304298400879e-01,7.605368494987487793e-01,2.126955270767211914e+00,3.167181730270385742e+00,2.673902034759521484e+00,0.000000000000000000e+00,2.404318809509277344e+00,-6.664478182792663574e-01,1.526413440704345703e+00,1.442693233489990234e+00,-8.919898271560668945e-01,5.460801720619201660e-01,-2.118912637233734131e-01,-7.811887264251708984e-01,-4.717115461826324463e-01,-2.824686467647552490e-01,5.722593665122985840e-01,4.274142161011695862e-02,1.655176877975463867e-01,3.509455025196075439e-01,-8.080970644950866699e-01,4.385591447353363037e-01,-5.364251732826232910e-01,-1.027631998062133789e+00,3.828821703791618347e-02,-3.208242729306221008e-02,5.995828192681074142e-03,-5.161244273185729980e-01,9.130469560623168945e-01,-1.962041854858398438e-02,-1.753706693649291992e+00,-1.332738846540451050e-01,-5.632672309875488281e-01,8.622266054153442383e-01,5.305127501487731934e-01,-8.752701282501220703e-01,3.312723636627197266e-01,-1.063132286071777344e+00,1.104424357414245605e+00,2.874825149774551392e-03,-2.912158489227294922e+00,5.555967688560485840e-01,3.172168731689453125e-01,4.422706067562103271e-01,2.104169428348541260e-01,-7.149448990821838379e-01,3.179874718189239502e-01,-5.474751591682434082e-01,-1.264382153749465942e-01,-3.554734587669372559e-01,-1.174176812171936035e+00,-7.662853002548217773e-01,-7.613177895545959473e-01,2.464528828859329224e-01,-3.034036159515380859e+00,-8.712769299745559692e-02,-4.706699848175048828e-01,0.000000000000000000e+00
-1.905177980661392212e-01,-7.014693021774291992e-01,3.705287873744964600e-01,1.629832863807678223e+00,2.247534751892089844e+00,1.256962895393371582e+00,2.404318809509277344e+00,0.000000000000000000e+00,5.089609622955322266e-01,-3.805203139781951904e-01,9.761642813682556152e-01,-4.466871321201324463e-01,5.612758398056030273e-01,4.931510388851165771e-01,9.662520885467529297e-01,-7.732589840888977051e-01,-4.213037788867950439e-01,1.092540383338928223e+00,-8.112462759017944336e-01,-8.811772465705871582e-01,-1.004929065704345703e+00,7.001861333847045898e-01,6.456707715988159180e-01,-7.589543461799621582e-01,8.342049717903137207e-01,1.829967647790908813e-01,-2.089073322713375092e-02,-1.332113385200500488e+00,-1.449262380599975586e+00,1.570752501487731934e+00,9.507218003273010254e-01,5.812322497367858887e-01,2.543177306652069092e-01,6.906099319458007812e-01,-1.589143633842468262e+00,-1.412194222211837769e-01,-1.649936318397521973e+00,-8.239942789077758789e-02,1.345195889472961426e+00,-4.857789874076843262e-01,-3.057202994823455811e-01,4.840681254863739014e-01,-3.249510526657104492e-01,1.453216075897216797e+00,2.693501710891723633e-01,7.015761137008666992e-01,-3.408925533294677734e-01,-3.038847446441650391e-01,7.770142704248428345e-02,2.641258835792541504e-01,-4.886377602815628052e-02,-6.568074822425842285e-01,-7.172271609306335449e-01,-7.477937638759613037e-02,-1.881624221801757812e+00,-1.046042323112487793e+00,-3.944974541664123535e-01,-1.224325537681579590e+00,0.000000000000000000e+00
-5.544339418411254883e-01,-1.395157337188720703e+00,-8.252458274364471436e-02,-9.062889814376831055e-01,-1.332161784172058105e+00,1.219500303268432617e+00,-6.664478182792663574e-01,5.089609622955322266e-01,0.000000000000000000e+00,7.794178128242492676e-01,-2.846365869045257568e-01,1.544961094856262207e+00,-1.546546816825866699e+00,1.292794346809387207e+00,9.134082198143005371e-01,8.383249044418334961e-01,-4.347009956836700439e-01,1.059164762496948242e+00,-1.700795441865921021e-01,1.251005053520202637e+00,4.591555595397949219e-01,3.524326682090759277e-01,-1.012276783585548401e-01,7.642230987548828125e-01,1.213684156537055969e-01,-7.228920459747314453e-01,-7.612013220787048340e-01,-3.490081727504730225e-01,4.306126832962036133e-01,8.922914862632751465e-01,-2.257412433624267578e+00,-5.848662257194519043e-01,-1.420562267303466797e+00,-2.455341815948486328e-01,-2.356590509414672852e+00,-7.848809361457824707e-01,-3.662699759006500244e-01,-1.442074418067932129e+00,1.292571127414703369e-01,-3.084204792976379395e-01,6.227977946400642395e-02,-1.967531323432922363e+00,-4.400132894515991211e-01,-7.074607610702514648e-01,-4.152932763099670410e-02,1.918722391128540039e+00,1.034863740205764771e-01,4.475824534893035889e-01,-7.515559196472167969e-01,8.555055260658264160e-01,-5.341389775276184082e-01,1.132545948028564453e+00,2.505375146865844727e-01,-3.721791505813598633e-01,1.137772500514984131e-01,2.305026650428771973e-01,8.494849801063537598e-01,-3.189997002482414246e-02,0.000000000000000000e+00
-5.461746454238891602e-01,-1.921974867582321167e-02,-2.362935841083526611e-01,8.162555098533630371e-01,2.238613665103912354e-01,6.619662046432495117e-01,1.526413440704345703e+00,-3.805203139781951904e-01,7.794178128242492676e-01,0.000000000000000000e+00,2.894615650177001953e+00,7.815238237380981445e-01,1.244122266769409180e+00,-1.479102134704589844e+00,1.493684172630310059e+00,-1.473580598831176758e+00,2.169564664363861084e-01,1.572718739509582520e+00,-2.727306604385375977e+00,5.718513727188110352e-01,1.445104122161865234e+00,-2.803245782852172852e-01,4.576299190521240234e-01,-9.535867571830749512e-01,-1.731686115264892578e+00,-1.937695741653442383e+00,-1.404399514198303223e+00,3.250881433486938477e-01,8.830958008766174316e-01,2.520242035388946533e-01,2.301217168569564819e-01,9.890013337135314941e-01,6.877424716949462891e-01,1.212964486330747604e-02,-8.683168888092041016e-01,-1.200872182846069336e+00,-9.032608270645141602e-01,-2.014766037464141846e-01,-6.860084533691406250e-01,1.491746008396148682e-01,2.475801706314086914e-01,-1.296778082847595215e+00,-2.421792745590209961e+00,8.427350223064422607e-02,9.730602502822875977e-01,-6.199184060096740723e-01,-7.376340627670288086e-01,-2.670662701129913330e-01,-8.574318885803222656e-01,-1.206387758255004883e+00,1.885480999946594238e+00,-2.468825340270996094e+00,-1.408627629280090332e-01,-6.305771470069885254e-01,-3.150438964366912842e-01,-4.863891601562500000e-01,7.385045886039733887e-01,-2.649286091327667236e-01,0.000000000000000000e+00
-4.081463217735290527e-01,6.571824550628662109e-01,1.573394894599914551e+00,8.677420020103454590e-01,-8.646941184997558594e-01,9.157998114824295044e-02,1.442693233489990234e+00,9.761642813682556152e-01,-2.846365869045257568e-01,2.894615650177001953e+00,0.000000000000000000e+00,-5.188580751419067383e-01,2.191121101379394531e+00,9.277827739715576172e-01,-9.166983515024185181e-02,-1.810277998447418213e-01,-3.478488028049468994e-01,4.119109809398651123e-01,5.309532880783081055e-01,-4.252563714981079102e-01,-3.095042109489440918e-01,7.174749374389648438e-01,-1.041134595870971680e+00,6.460645794868469238e-01,-8.474932909011840820e-01,4.769523628056049347e-03,-6.287237405776977539e-01,-4.012519717216491699e-01,-1.411108970642089844e+00,-8.019169569015502930e-01,-1.306842118501663208e-01,-5.507231876254081726e-02,2.571095824241638184e-01,2.059620380401611328e+00,-8.027318120002746582e-01,7.439081072807312012e-01,9.266183972358703613e-01,4.121204614639282227e-01,-5.650610923767089844e-01,3.658349215984344482e-01,-2.072153806686401367e+00,-4.227693974971771240e-01,4.092254936695098877e-01,-1.449432671070098877e-01,-1.010542988777160645e+00,1.528365444391965866e-02,-2.259467691183090210e-01,-6.341125965118408203e-01,-1.082687303423881531e-01,5.475324988365173340e-01,1.059826731681823730e+00,4.192188382148742676e-01,-3.100414872169494629e-01,8.804969191551208496e-01,-6.050840020179748535e-02,2.553157508373260498e-01,-4.787429869174957275e-01,1.918926388025283813e-01,0.000000000000000000e+00
-5.460765361785888672e-01,1.173296347260475159e-01,-1.303385496139526367e-01,-1.439745068550109863e+00,-1.616958022117614746e+00,-1.656313687562942505e-01,-8.919898271560668945e-01,-4.466871321201324463e-01,1.544961094856262207e+00,7.815238237380981445e-01,-5.188580751419067383e-01,0.000000000000000000e+00,-4.360180497169494629e-01,6.485337018966674805e-01,2.342524528503417969e+00,-9.375799447298049927e-02,2.252521514892578125e+00,-5.149577260017395020e-01,8.027872443199157715e-02,2.106796205043792725e-01,4.366749823093414307e-01,-7.371205687522888184e-01,5.598913431167602539e-01,8.196474909782409668e-01,1.210076361894607544e-01,-1.546817272901535034e-01,5.800884962081909180e-01,-2.221450060606002808e-01,1.114144444465637207e+00,-4.859541058540344238e-01,-4.979228377342224121e-01,-2.175803929567337036e-01,-2.334490120410919189e-01,-3.461544513702392578e-01,-6.634476184844970703e-01,-2.775703072547912598e-01,-1.362390756607055664e+00,8.124056458473205566e-01,-1.363819837570190430e+00,-8.541094064712524414e-01,-3.762211650609970093e-02,2.028464078903198242e-01,-4.307561814785003662e-01,-6.109789609909057617e-01,1.292273122817277908e-02,-1.162281155586242676e+00,1.541073173284530640e-01,-5.181589126586914062e-01,-4.999834895133972168e-01,-4.676278531551361084e-01,4.271176159381866455e-01,-3.925165534019470215e-01,-6.746402382850646973e-01,4.650138616561889648e-01,3.157540038228034973e-02,-2.654291987419128418e-01,3.859747350215911865e-01,3.984459042549133301e-01,0.000000000000000000e+00
-4.380704462528228760e-01,5.880294442176818848e-01,4.467380344867706299e-01,-1.479281187057495117e-01,-2.391982078552246094e-01,2.243266850709915161e-01,5.460801720619201660e-01,5.612758398056030273e-01,-1.546546816825866699e+00,1.244122266769409180e+00,2.191121101379394531e+00,-4.360180497169494629e-01,0.000000000000000000e+00,1.745890378952026367e+00,2.402655601501464844e+00,2.426341548562049866e-02,-1.057199239730834961e+00,1.039192199707031250e+00,1.120704650878906250e+00,6.353267282247543335e-02,-1.660771727561950684e+00,1.079867959022521973e+00,6.026543378829956055e-01,-7.787505388259887695e-01,6.515492796897888184e-01,2.204896062612533569e-01,-5.623494386672973633e-01,-1.735274076461791992e+00,-9.852880239486694336e-01,4.454516768455505371e-01,-3.889224529266357422e-01,3.591358661651611328e-01,1.265625357627868652e+00,-6.306241750717163086e-01,-2.198721021413803101e-01,-8.451213836669921875e-01,1.619547456502914429e-01,-1.772085428237915039e+00,2.043890208005905151e-01,-6.291775703430175781e-01,1.061497211456298828e+00,-8.219920992851257324e-01,-6.977506875991821289e-01,7.822756767272949219e-01,-9.522600769996643066e-01,1.627466917037963867e+00,1.262377858161926270e+00,-8.663848042488098145e-01,-6.156529188156127930e-01,5.848424434661865234e-01,1.155312061309814453e-01,3.621903955936431885e-01,-1.492910385131835938e-01,-2.407885044813156128e-01,5.941008925437927246e-01,-1.553377509117126465e+00,-2.754551172256469727e-01,-3.538130223751068115e-02,0.000000000000000000e+00
-1.791720688343048096e-01,-1.961665898561477661e-01,1.066180109977722168e+00,-8.804258704185485840e-01,4.242711961269378662e-01,-2.179741859436035156e-01,-2.118912637233734131e-01,4.931510388851165771e-01,1.292794346809387207e+00,-1.479102134704589844e+00,9.277827739715576172e-01,6.485337018966674805e-01,1.745890378952026367e+00,0.000000000000000000e+00,1.711587786674499512e+00,2.888275146484375000e+00,3.354101777076721191e-01,7.971104979515075684e-01,-1.035658597946166992e+00,1.651949435472488403e-01,-5.687324404716491699e-01,1.771242544054985046e-02,9.637334942817687988e-02,-2.086746692657470703e+00,-4.844298362731933594e-01,6.223393678665161133e-01,-5.138432383537292480e-01,-1.222696781158447266e+00,-4.744997248053550720e-02,4.290875047445297241e-02,9.759318828582763672e-01,3.842817544937133789e-01,-1.978390455245971680e+00,2.795988619327545166e-01,2.718518376350402832e-01,5.089481472969055176e-01,4.477511644363403320e-01,-2.922066748142242432e-01,1.366439104080200195e+00,3.770866692066192627e-01,-1.036139130592346191e+00,-7.530279159545898438e-01,2.912819981575012207e-01,4.149439632892608643e-01,5.336612462997436523e-01,-1.104162812232971191e+00,-3.287407398223876953e+00,1.840791255235671997e-01,-6.412318348884582520e-01,-6.698775887489318848e-01,-2.017924636602401733e-01,8.188176751136779785e-01,-9.166954159736633301e-01,-1.152341008186340332e+00,4.248928278684616089e-02,1.389608263969421387e+00,-2.342471331357955933e-01,2.969179749488830566e-01,0.000000000000000000e+00
3.042684495449066162e-01,-2.085341691970825195e+00,-9.047135710716247559e-01,-4.162321388721466064e-01,-5.097866058349609375e-01,2.420419931411743164e+00,-7.811887264251708984e-01,9.662520885467529297e-01,9.134082198143005371e-01,1.493684172630310059e+00,-9.166983515024185181e-02,2.342524528503417969e+00,2.402655601501464844e+00,1.711587786674499512e+00,0.000000000000000000e+00,9.484484195709228516e-01,-3.528553545475006104e-01,6.968996524810791016e-01,1.556417822837829590e+00,-1.267288625240325928e-02,-8.379123210906982422e-01,1.478451371192932129e+00,4.858014583587646484e-01,-4.565819203853607178e-01,1.071852326393127441e+00,-6.678953170776367188e-01,-1.117092594504356384e-01,-5.637754201889038086e-01,-1.218997001647949219e+00,-2.545895874500274658e-01,-8.330261111259460449e-01,3.180200457572937012e-01,-4.391685962677001953e+00,-2.725728273391723633e+00,-8.882703185081481934e-01,-1.578233689069747925e-01,1.139936316758394241e-02,-7.311155796051025391e-01,5.880963802337646484e-01,-8.689827322959899902e-01,-1.472853302955627441e+00,-8.195372223854064941e-01,6.100506782531738281e-01,-1.718417555093765259e-01,6.200343966484069824e-01,9.007848501205444336e-01,-2.197327613830566406e+00,1.097678020596504211e-01,-2.193345785140991211e+00,-1.731372773647308350e-01,-2.425950527191162109e+00,2.227306127548217773e+00,4.051848500967025757e-02,1.167322039604187012e+00,-1.106492280960083008e+00,-1.564774513244628906e+00,-3.825607895851135254e-01,-2.120357751846313477e+00,0.000000000000000000e+00
6.353267282247543335e-02,4.699181616306304932e-01,6.464015245437622070e-01,1.173531055450439453e+00,-2.824099659919738770e-01,-3.888550698757171631e-01,-4.717115461826324463e-01,-7.732589840888977051e-01,8.383249044418334961e-01,-1.473580598831176758e+00,-1.810277998447418213e-01,-9.375799447298049927e-02,2.426341548562049866e-02,2.888275146484375000e+00,9.484484195709228516e-01,0.000000000000000000e+00,-8.170759081840515137e-01,1.841801643371582031e+00,-1.093176230788230896e-01,-4.305796921253204346e-01,-1.944969892501831055e-01,1.249293804168701172e+00,1.314589530229568481e-01,-6.544806957244873047e-01,-1.709822773933410645e+00,-4.265129268169403076e-01,-6.787335872650146484e-01,4.876026213169097900e-01,6.048635244369506836e-01,1.333851456642150879e+00,-6.076420471072196960e-02,1.196263790130615234e+00,-8.650874495506286621e-01,-4.600224643945693970e-02,1.525216102600097656e-01,1.653173923492431641e+00,1.682965159416198730e+00,-1.858935236930847168e+00,7.196002602577209473e-01,9.056882262229919434e-01,7.861644960939884186e-03,-6.662571430206298828e-02,1.126646324992179871e-01,3.819240257143974304e-02,-2.051675319671630859e+00,7.138991951942443848e-01,1.349577121436595917e-02,3.045636788010597229e-02,-1.539808154106140137e+00,1.856189966201782227e-01,-7.136452198028564453e-02,-1.705313682556152344e+00,4.871098101139068604e-01,1.728768944740295410e-01,5.000898241996765137e-01,4.366809427738189697e-01,-9.235622286796569824e-01,-1.297745704650878906e+00,0.000000000000000000e+00
-5.807954072952270508e-01,-8.434208035469055176e-01,-8.777499943971633911e-02,-1.402186751365661621e-01,2.509166300296783447e-01,-3.949178159236907959e-01,-2.824686467647552490e-01,-4.213037788867950439e-01,-4.347009956836700439e-01,2.169564664363861084e-01,-3.478488028049468994e-01,2.252521514892578125e+00,-1.057199239730834961e+00,3.354101777076721191e-01,-3.528553545475006104e-01,-8.170759081840515137e-01,0.000000000000000000e+00,-1.480720639228820801e-01,-1.243546456098556519e-01,8.657482862472534180e-01,-2.150012552738189697e-01,1.468255966901779175e-01,4.184064865112304688e-01,-3.241625726222991943e-01,-3.246604204177856445e-01,-5.194104313850402832e-01,-5.560721755027770996e-01,1.162857413291931152e+00,2.335769087076187134e-01,4.329841583967208862e-02,1.417036294937133789e+00,-3.097274601459503174e-01,-2.596011757850646973e-01,-1.274693250656127930e+00,-2.856304645538330078e-01,1.317115575075149536e-01,-4.113791882991790771e-01,-1.045548677444458008e+00,7.640135884284973145e-01,-6.463506817817687988e-01,1.179514050483703613e+00,-4.494991600513458252e-01,2.676934003829956055e-01,-4.632479846477508545e-01,-1.957081556320190430e-01,-7.856206297874450684e-01,1.079637408256530762e+00,-7.829905748367309570e-01,-4.751030206680297852e-01,-8.432897180318832397e-02,-6.686868518590927124e-02,1.706434041261672974e-01,6.183881759643554688e-01,9.334416985511779785e-01,-5.936431288719177246e-01,1.127969384193420410e+00,-7.611066848039627075e-02,-3.566644340753555298e-02,0.000000000000000000e+00
-3.413207456469535828e-02,-1.099452614784240723e+00,-4.040172398090362549e-01,8.044999837875366211e-01,-2.372415542602539062e+00,9.960497021675109863e-01,5.722593665122985840e-01,1.092540383338928223e+00,1.059164762496948242e+00,1.572718739509582520e+00,4.119109809398651123e-01,-5.149577260017395020e-01,1.039192199707031250e+00,7.971104979515075684e-01,6.968996524810791016e-01,1.841801643371582031e+00,-1.480720639228820801e-01,0.000000000000000000e+00,2.992916822433471680e+00,8.883320093154907227e-01,3.167753815650939941e-01,1.316759824752807617e+00,-3.145089149475097656e-01,7.687193751335144043e-01,7.246755361557006836e-01,1.003136157989501953e+00,-1.066591814160346985e-01,-1.553542733192443848e+00,-1.210955381393432617e+00,7.335099577903747559e-01,4.084168002009391785e-03,-2.988021075725555420e-01,-1.454498171806335449e+00,-2.350901961326599121e-01,5.387241840362548828e-01,-4.648855030536651611e-01,-9.285167604684829712e-02,-6.506218910217285156e-01,-1.573445081710815430e+00,-9.311160445213317871e-02,-6.763912439346313477e-01,-6.306014657020568848e-01,-9.737843275070190430e-01,-8.736995458602905273e-01,-6.640076041221618652e-01,2.411394834518432617e+00,-1.023043751716613770e+00,1.358849287033081055e+00,-2.623590826988220215e-01,-4.217791855335235596e-01,-3.539102077484130859e-01,-1.250222086906433105e+00,6.735594868659973145e-01,-3.277442753314971924e-01,-7.584617137908935547e-01,9.602539986371994019e-02,-3.955862224102020264e-01,-3.458592176437377930e+00,0.000000000000000000e+00
-3.646420836448669434e-01,5.076970458030700684e-01,2.952960431575775146e-01,-1.095077157020568848e+00,-6.667231321334838867e-01,-5.710245966911315918e-01,4.274142161011695862e-02,-8.112462759017944336e-01,-1.700795441865921021e-01,-2.727306604385375977e+00,5.309532880783081055e-01,8.027872443199157715e-02,1.120704650878906250e+00,-1.035658597946166992e+00,1.556417822837829590e+00,-1.093176230788230896e-01,-1.243546456098556519e-01,2.992916822433471680e+00,0.000000000000000000e+00,-3.479510247707366943e-01,3.187209665775299072e-01,8.728191256523132324e-01,3.408875167369842529e-01,-1.599042057991027832e+00,1.744619607925415039e+00,-7.069085836410522461e-01,7.059866786003112793e-01,2.273362874984741211e-01,9.803969860076904297e-01,8.274627923965454102e-01,-8.337675929069519043e-01,4.565599262714385986e-01,5.558791756629943848e-01,-1.217610001564025879e+00,6.051665544509887695e-01,2.633048407733440399e-02,8.846274018287658691e-01,3.958383500576019287e-01,1.727640271186828613e+00,1.186002731323242188e+00,-2.963348478078842163e-02,1.951131224632263184e-02,7.186943888664245605e-01,8.849345445632934570e-01,-7.098888158798217773e-01,1.491234302520751953e+00,-8.719050139188766479e-02,-9.685440063476562500e-01,6.175423264503479004e-01,-2.249156236648559570e+00,-1.470713019371032715e-01,-1.219582080841064453e+00,-6.999761462211608887e-01,-1.514924317598342896e-01,-8.373537063598632812e-01,6.188122034072875977e-01,-3.791230320930480957e-01,2.472161799669265747e-01,0.000000000000000000e+00
-4.131886363029479980e-01,-6.446228027343750000e-01,-1.092108368873596191e+00,-1.088367581367492676e+00,-7.668099999427795410e-01,-1.914277821779251099e-01,1.655176877975463867e-01,-8.811772465705871582e-01,1.251005053520202637e+00,5.718513727188110352e-01,-4.252563714981079102e-01,2.106796205043792725e-01,6.353267282247543335e-02,1.651949435472488403e-01,-1.267288625240325928e-02,-4.305796921253204346e-01,8.657482862472534180e-01,8.883320093154907227e-01,-3.479510247707366943e-01,0.000000000000000000e+00,1.815891981124877930e+00,3.164714097976684570e+00,2.880440950393676758e-01,9.484567046165466309e-01,6.439292430877685547e-01,-5.716047435998916626e-02,4.329681098461151123e-01,3.599940538406372070e-01,2.469530403614044189e-01,-2.897013425827026367e-01,1.696545779705047607e-01,1.573383435606956482e-02,2.597290650010108948e-02,-3.648492991924285889e-01,2.208609282970428467e-01,-6.764503717422485352e-01,-6.730685234069824219e-01,-3.932949900627136230e-01,-1.387437343597412109e+00,-3.467586636543273926e-01,2.931418716907501221e-01,-2.799184061586856842e-03,-8.862720131874084473e-01,-4.105512499809265137e-01,-6.156623363494873047e-01,-1.531919479370117188e+00,3.990629613399505615e-01,-8.687720894813537598e-01,-8.005067706108093262e-01,-1.527645736932754517e-01,-2.537318766117095947e-01,-1.125389337539672852e+00,-1.660333514213562012e+00,-1.965383887290954590e-01,-3.425424695014953613e-01,1.998977661132812500e-01,9.567996859550476074e-01,4.715841263532638550e-02,0.000000000000000000e+00
-2.186911702156066895e-01,-7.480383515357971191e-01,-8.938847780227661133e-01,-8.808783292770385742e-01,1.016072630882263184e-01,-6.017699837684631348e-01,3.509455025196075439e-01,-1.004929065704345703e+00,4.591555595397949219e-01,1.445104122161865234e+00,-3.095042109489440918e-01,4.366749823093414307e-01,-1.660771727561950684e+00,-5.687324404716491699e-01,-8.379123210906982422e-01,-1.944969892501831055e-01,-2.150012552738189697e-01,3.167753815650939941e-01,3.187209665775299072e-01,1.815891981124877930e+00,0.000000000000000000e+00,-5.498741865158081055e-01,1.188884854316711426e+00,5.804882049560546875e-01,1.629750847816467285e+00,-1.650294065475463867e+00,-3.017186522483825684e-01,1.524731516838073730e+00,5.011227130889892578e-01,1.462170720100402832e+00,9.897210597991943359e-01,-7.655665278434753418e-01,6.890498995780944824e-01,2.257040262222290039e+00,5.610488653182983398e-01,3.244802653789520264e-01,7.808494567871093750e-01,6.909890770912170410e-01,-1.326651334762573242e+00,-5.271579623222351074e-01,6.709225773811340332e-01,-4.377568960189819336e-01,2.954078912734985352e-01,-1.619157433509826660e+00,3.463552296161651611e-01,-1.235583186149597168e+00,4.559414982795715332e-01,3.839402198791503906e-01,-4.067788422107696533e-01,-2.264634221792221069e-01,-1.248081922531127930e+00,-1.289893150329589844e+00,-2.225972175598144531e+00,3.342242166399955750e-02,1.010198235511779785e+00,5.500800013542175293e-01,1.309739425778388977e-03,-1.707338333129882812e+00,0.000000000000000000e+00
-8.724418282508850098e-01,-1.239280700683593750e+00,-1.483993649482727051e+00,-6.981887221336364746e-01,-8.114014267921447754e-01,-2.804235816001892090e-01,-8.080970644950866699e-01,7.001861333847045898e-01,3.524326682090759277e-01,-2.803245782852172852e-01,7.174749374389648438e-01,-7.371205687522888184e-01,1.079867959022521973e+00,1.771242544054985046e-02,1.478451371192932129e+00,1.249293804168701172e+00,1.468255966901779175e-01,1.316759824752807617e+00,8.728191256523132324e-01,3.164714097976684570e+00,-5.498741865158081055e-01,0.000000000000000000e+00,1.929208040237426758e+00,6.926261186599731445e-01,-1.850161552429199219e-01,-2.700639367103576660e-01,-9.453517198562622070e-01,9.218511581420898438e-01,3.352731168270111084e-01,7.315501570701599121e-01,-6.691131740808486938e-02,3.436225354671478271e-01,-1.690595299005508423e-01,3.163178917020559311e-05,-1.812878012657165527e+00,-4.487785100936889648e-01,-1.338225603103637695e+00,-1.406386852264404297e+00,2.378183305263519287e-01,-1.018521785736083984e+00,6.555371880531311035e-01,1.788433827459812164e-02,2.130066305398941040e-01,2.468989342451095581e-01,-9.663153290748596191e-01,3.355646729469299316e-01,-7.121876478195190430e-01,-1.895057678222656250e+00,2.355541288852691650e-01,-2.178701311349868774e-01,-2.655135691165924072e-01,1.063490033149719238e+00,7.067279219627380371e-01,4.923652708530426025e-01,-2.532066583633422852e+00,-1.696156263351440430e+00,-3.277429044246673584e-01,-5.802312493324279785e-01,0.000000000000000000e+00
1.075564622879028320e+00,-9.698104262351989746e-01,-1.074831128120422363e+00,-7.271096110343933105e-01,-9.367563724517822266e-01,1.210546731948852539e+00,4.385591447353363037e-01,6.456707715988159180e-01,-1.012276783585548401e-01,4.576299190521240234e-01,-1.041134595870971680e+00,5.598913431167602539e-01,6.026543378829956055e-01,9.637334942817687988e-02,4.858014583587646484e-01,1.314589530229568481e-01,4.184064865112304688e-01,-3.145089149475097656e-01,3.408875167369842529e-01,2.880440950393676758e-01,1.188884854316711426e+00,1.929208040237426758e+00,0.000000000000000000e+00,8.697499036788940430e-01,8.036491274833679199e-01,6.107594072818756104e-02,-3.167717158794403076e-02,2.554703712463378906e+00,9.999216198921203613e-01,1.318664550781250000e+00,-1.334892868995666504e+00,7.715501785278320312e-01,-8.752222061157226562e-01,-3.157003164291381836e+00,6.449194550514221191e-01,-1.026845574378967285e+00,-4.883659183979034424e-01,4.357132017612457275e-01,8.979132175445556641e-01,1.210527420043945312e+00,4.389662444591522217e-01,2.971953153610229492e-01,-1.461791992187500000e+00,7.836752384901046753e-02,1.162359595298767090e+00,-6.404501795768737793e-01,-4.929401576519012451e-01,-5.211566090583801270e-01,-1.314249634742736816e+00,-2.065823793411254883e+00,6.086776256561279297e-01,-8.138930201530456543e-01,6.756412237882614136e-02,6.019808650016784668e-01,-1.847345471382141113e+00,-2.443936020135879517e-01,-3.576363325119018555e-01,-7.395669817924499512e-01,0.000000000000000000e+00
-3.051688149571418762e-02,-7.986235618591308594e-01,-1.040263652801513672e+00,2.304815798997879028e-01,-1.825466394424438477e+00,-1.817687034606933594e+00,-5.364251732826232910e-01,-7.589543461799621582e-01,7.642230987548828125e-01,-9.535867571830749512e-01,6.460645794868469238e-01,8.196474909782409668e-01,-7.787505388259887695e-01,-2.086746692657470703e+00,-4.565819203853607178e-01,-6.544806957244873047e-01,-3.241625726222991943e-01,7.687193751335144043e-01,-1.599042057991027832e+00,9.484567046165466309e-01,5.804882049560546875e-01,6.926261186599731445e-01,8.697499036788940430e-01,0.000000000000000000e+00,8.180741071701049805e-01,1.140652298927307129e+00,2.698623418807983398e+00,-3.576344847679138184e-01,-9.509249031543731689e-02,1.656875729560852051e+00,8.498672842979431152e-01,1.787018537521362305e+00,4.596396684646606445e-01,1.112798452377319336e+00,-2.345350384712219238e-01,1.292946577072143555e+00,6.924427747726440430e-01,-1.024532914161682129e+00,-9.370449781417846680e-01,1.834639161825180054e-01,9.477653503417968750e-01,-7.840869426727294922e-01,6.205083727836608887e-01,6.558773517608642578e-01,-1.186849832534790039e+00,-1.578072071075439453e+00,-7.642475962638854980e-01,-1.237487554550170898e+00,1.108797311782836914e+00,-6.856687664985656738e-01,-3.588424623012542725e-01,-3.333949148654937744e-01,5.091631412506103516e-01,-2.519077658653259277e-01,-3.043830692768096924e-01,-8.884177356958389282e-02,1.349751353263854980e-01,-8.997182846069335938e-01,0.000000000000000000e+00
-4.316583871841430664e-01,1.640745401382446289e-01,-1.321782320737838745e-01,-7.436594367027282715e-01,-6.687523722648620605e-01,1.812956213951110840e+00,-1.027631998062133789e+00,8.342049717903137207e-01,1.213684156537055969e-01,-1.731686115264892578e+00,-8.474932909011840820e-01,1.210076361894607544e-01,6.515492796897888184e-01,-4.844298362731933594e-01,1.071852326393127441e+00,-1.709822773933410645e+00,-3.246604204177856445e-01,7.246755361557006836e-01,1.744619607925415039e+00,6.439292430877685547e-01,1.629750847816467285e+00,-1.850161552429199219e-01,8.036491274833679199e-01,8.180741071701049805e-01,0.000000000000000000e+00,2.231268644332885742e+00,5.355885028839111328e-01,1.216296315193176270e+00,-1.781516075134277344e-01,9.792820811271667480e-01,5.425383448600769043e-01,-1.191439032554626465e+00,-5.835448503494262695e-01,6.931762397289276123e-02,-1.663386225700378418e+00,6.781983375549316406e-01,-2.760900259017944336e-01,-1.727319359779357910e+00,-2.184793800115585327e-01,4.506259858608245850e-01,8.250312805175781250e-01,1.924406409263610840e+00,-5.315057188272476196e-02,4.143466055393218994e-01,-1.770784854888916016e+00,1.080519437789916992e+00,7.074908018112182617e-01,-1.265248656272888184e-01,-3.580369949340820312e-01,-4.363563954830169678e-01,-1.975912570953369141e+00,-1.266955971717834473e+00,1.372985482215881348e+00,-1.210493519902229309e-01,9.658738970756530762e-01,-2.192440479993820190e-01,-5.834630131721496582e-01,-9.881628155708312988e-01,0.000000000000000000e+00
6.139817237854003906e-01,-9.951481819152832031e-01,-1.433387547731399536e-01,5.873610377311706543e-01,-7.484447956085205078e-01,-2.460219562053680420e-01,3.828821703791618347e-02,1.829967647790908813e-01,-7.228920459747314453e-01,-1.937695741653442383e+00,4.769523628056049347e-03,-1.546817272901535034e-01,2.204896062612533569e-01,6.223393678665161133e-01,-6.678953170776367188e-01,-4.265129268169403076e-01,-5.194104313850402832e-01,1.003136157989501953e+00,-7.069085836410522461e-01,-5.716047435998916626e-02,-1.650294065475463867e+00,-2.700639367103576660e-01,6.107594072818756104e-02,1.140652298927307129e+00,2.231268644332885742e+00,0.000000000000000000e+00,1.968248963356018066e+00,4.280014634132385254e-01,3.594008386135101318e-01,-7.415103316307067871e-01,-7.043250799179077148e-01,7.634763121604919434e-01,1.423522084951400757e-02,1.149104908108711243e-02,-1.193317413330078125e+00,1.346651792526245117e+00,9.359864592552185059e-01,-2.265208482742309570e+00,1.150676846504211426e+00,9.717991352081298828e-01,5.726330280303955078e-01,1.107726842164993286e-01,1.470182657241821289e+00,6.382198929786682129e-01,9.100401401519775391e-01,1.068528652191162109e+00,-2.118944674730300903e-01,-3.517862856388092041e-01,1.647995948791503906e+00,1.050753474235534668e+00,-6.072939038276672363e-01,-2.245728522539138794e-01,-7.378715276718139648e-01,3.809769153594970703e-01,-1.093254208564758301e+00,1.059170722961425781e+00,1.284924447536468506e-01,-5.804490447044372559e-01,0.000000000000000000e+00
