0.000000000000000000e+00,1.900311589241027832e+00,1.487251520156860352e+00,2.229594886302947998e-01,-2.339102327823638916e-01,-1.494626402854919434e-01,-1.233545184135437012e+00,1.601423770189285278e-01,-1.378815621137619019e-01,-1.610617518424987793e+00,5.778860449790954590e-01,-3.876372277736663818e-01,5.331406593322753906e-01,-1.435023069381713867e+00,-4.104558825492858887e-01,-5.159407854080200195e-01,-3.251721262931823730e-01,1.178753137588500977e+00,-1.350649476051330566e+00,1.115436926484107971e-01,-2.264068126678466797e+00,-2.294217795133590698e-01,1.397668123245239258e+00,-1.090040877461433411e-01,1.101371645927429199e-01,2.006886303424835205e-01,-5.195982456207275391e-01,-2.149837911128997803e-01,7.472867369651794434e-01,4.668655395507812500e-01,1.556618325412273407e-02,9.457673430442810059e-01,-4.554491937160491943e-01,1.466647863388061523e+00,1.246331572532653809e+00,4.163572788238525391e-01,-1.702937781810760498e-01,-3.849572241306304932e-01,9.506946057081222534e-02,3.999817073345184326e-01,5.719633698463439941e-01,-4.012134373188018799e-01,7.188124060630798340e-01,4.325942695140838623e-01,-2.683024168014526367e+00,2.227134406566619873e-01,1.233708113431930542e-01,-3.898707926273345947e-01,7.888548970222473145e-01,4.686450585722923279e-02,-1.979627609252929688e+00,1.968865394592285156e-01,1.689819544553756714e-01,-8.172917962074279785e-01,3.094073832035064697e-01,1.686715126037597656e+00,-6.675815582275390625e-01,-9.873239994049072266e-01,-1.348871827125549316e+00
1.900311589241027832e+00,0.000000000000000000e+00,9.714660644531250000e-01,-3.622625172138214111e-01,2.019059658050537109e+00,-5.632123947143554688e-01,1.073701858520507812e+00,-8.670719265937805176e-01,-1.337077260017395020e+00,1.573990821838378906e+00,-5.984550118446350098e-01,-7.325110435485839844e-01,7.579537034034729004e-01,4.779347181320190430e-01,-2.019233465194702148e+00,-4.501845240592956543e-01,-1.047201395034790039e+00,-1.688921302556991577e-01,6.580967307090759277e-01,-2.746699564158916473e-02,-4.480352997779846191e-01,-2.672502994537353516e-01,1.314555257558822632e-01,-3.916807770729064941e-01,4.487746655941009521e-01,-1.711980342864990234e+00,-7.193745374679565430e-01,-1.151312589645385742e+00,-4.932627677917480469e-01,-6.977099776268005371e-01,1.979212611913681030e-01,-5.165348649024963379e-01,1.663140654563903809e+00,4.775653481483459473e-01,-8.133785128593444824e-01,6.336845755577087402e-01,7.726270556449890137e-01,6.366736292839050293e-01,8.741968274116516113e-01,2.918932735919952393e-01,-2.249360531568527222e-01,-1.628366351127624512e+00,2.611345425248146057e-02,-8.154409378767013550e-02,3.080371022224426270e-01,2.641561627388000488e-01,-1.641708493232727051e+00,-3.022656202316284180e+00,7.409118413925170898e-01,5.580384731292724609e-01,1.532318592071533203e-01,8.151845932006835938e-01,4.526757299900054932e-01,-6.528341770172119141e-01,5.487369894981384277e-01,1.912633180618286133e+00,-6.255706399679183960e-02,1.912220358848571777e+00,3.650773763656616211e-01
1.487251520156860352e+00,9.714660644531250000e-01,0.000000000000000000e+00,2.266817092895507812e+00,1.386247873306274414e+00,1.112088203430175781e+00,4.232419133186340332e-01,6.424120664596557617e-01,8.934826254844665527e-01,-1.181351184844970703e+00,1.011477351188659668e+00,-1.014543771743774414e+00,1.075037479400634766e+00,1.094766497611999512e+00,-4.619787633419036865e-01,-1.017337322235107422e+00,-2.766498625278472900e-01,1.319295525550842285e+00,3.155240714550018311e-01,-1.333508133888244629e+00,-1.143788456916809082e+00,1.094360351562500000e+00,-2.157927751541137695e+00,-1.109640002250671387e+00,1.469273924827575684e+00,-5.504449605941772461e-01,-2.420465946197509766e+00,-8.752409815788269043e-01,-1.381514549255371094e+00,-4.360519945621490479e-01,1.298012137413024902e+00,-3.279772400856018066e-02,5.526952743530273438e-01,-6.737670302391052246e-01,2.092864364385604858e-01,-5.068548489362001419e-03,-1.084386467933654785e+00,-4.756698012351989746e-01,4.079101979732513428e-01,-1.228706836700439453e+00,1.512593388557434082e+00,-6.465613245964050293e-01,1.325454473495483398e+00,-2.243072390556335449e-01,1.918712705373764038e-01,-1.788843750953674316e+00,-8.191724419593811035e-01,5.130415558815002441e-01,9.383428096771240234e-01,4.520463198423385620e-02,-5.988907814025878906e-01,-1.264690041542053223e+00,3.623800575733184814e-01,6.355892419815063477e-01,3.324033021926879883e-01,-2.383131265640258789e+00,-3.719586730003356934e-01,-3.878129124641418457e-01,4.672476947307586670e-01
2.229594886302947998e-01,-3.622625172138214111e-01,2.266817092895507812e+00,0.000000000000000000e+00,1.068033695220947266e+00,2.418159723281860352e+00,-4.713625013828277588e-01,6.442449092864990234e-01,1.457281559705734253e-01,-1.239684104919433594e+00,1.687213897705078125e+00,-4.397170543670654297e-01,4.309599697589874268e-01,-1.491598367691040039e+00,2.793657779693603516e-01,2.191079616546630859e+00,8.493967652320861816e-01,1.407448291778564453e+00,-1.078699469566345215e+00,-1.276649951934814453e+00,-1.353299975395202637e+00,-1.711088776588439941e+00,2.184424102306365967e-01,-8.385875821113586426e-01,-2.070127487182617188e+00,2.610404491424560547e-01,-1.475638747215270996e+00,-7.386907339096069336e-01,-2.515202760696411133e-01,-4.367761015892028809e-01,7.998379319906234741e-02,1.477238982915878296e-01,-3.039776980876922607e-01,-7.862574458122253418e-01,9.951550364494323730e-01,2.967782020568847656e-01,6.785320043563842773e-01,6.407412290573120117e-01,1.173242688179016113e+00,1.379804968833923340e+00,-2.395922660827636719e+00,1.094850540161132812e+00,-4.481720328330993652e-01,-2.103249549865722656e+00,-1.391720771789550781e+00,1.074374198913574219e+00,-3.916881084442138672e-01,9.690501093864440918e-01,2.563163042068481445e-01,4.946891069412231445e-01,-1.953304529190063477e+00,-9.948158264160156250e-01,-3.757056593894958496e-01,1.209457993507385254e+00,9.670780897140502930e-01,3.061159551143646240e-01,-8.792230486869812012e-01,-4.260948598384857178e-01,-1.059759974479675293e+00
-2.339102327823638916e-01,2.019059658050537109e+00,1.386247873306274414e+00,1.068033695220947266e+00,0.000000000000000000e+00,7.576887607574462891e-01,3.466252803802490234e+00,2.908848285675048828e+00,2.361712157726287842e-01,8.674398064613342285e-01,3.183898031711578369e-01,-1.333349823951721191e+00,-1.170384883880615234e+00,-1.184215426445007324e+00,-4.410127401351928711e-01,-8.613496422767639160e-01,-1.097379207611083984e+00,-6.815271377563476562e-01,-6.124828457832336426e-01,-9.837155342102050781e-01,-1.898155808448791504e+00,1.801452487707138062e-01,9.141082167625427246e-01,-2.460512965917587280e-01,-2.274765014648437500e+00,-1.366497397422790527e+00,5.950360298156738281e-01,-1.551885962486267090e+00,-1.828121542930603027e+00,9.517320990562438965e-01,-4.729191660881042480e-01,5.648823380470275879e-01,6.268617231398820877e-03,-5.080104470252990723e-01,3.502557277679443359e-01,-5.620805546641349792e-02,-6.951861977577209473e-01,8.784897923469543457e-01,-5.254030823707580566e-01,-1.543226093053817749e-01,-7.234939336776733398e-01,1.063061118125915527e+00,1.206695139408111572e-01,-4.175908267498016357e-01,1.724728494882583618e-01,5.177388787269592285e-01,1.816717535257339478e-01,8.674282431602478027e-01,-5.810213088989257812e-01,4.139796830713748932e-03,7.884541749954223633e-01,1.632606387138366699e+00,-1.804860830307006836e+00,-1.048004031181335449e+00,9.985996484756469727e-01,-2.618080377578735352e+00,-4.207851290702819824e-01,2.406188696622848511e-01,-6.342195868492126465e-01
-1.494626402854919434e-01,-5.632123947143554688e-01,1.112088203430175781e+00,2.418159723281860352e+00,7.576887607574462891e-01,0.000000000000000000e+00,1.873858928680419922e+00,1.101905465126037598e+00,1.276756167411804199e+00,1.695695757865905762e+00,-1.541451930999755859e+00,5.523636564612388611e-02,-1.738109707832336426e+00,-8.193883299827575684e-01,1.890477776527404785e+00,-2.807750403881072998e-01,-6.125617027282714844e-01,1.448445558547973633e+00,-1.374860763549804688e+00,-1.431956768035888672e+00,3.585353195667266846e-01,-5.037436485290527344e-01,1.225199818611145020e+00,2.604432962834835052e-02,3.116108179092407227e-01,-3.219622969627380371e-01,4.039415419101715088e-01,3.062959313392639160e-01,-4.772206544876098633e-01,-1.241264224052429199e+00,-8.886095285415649414e-01,-2.106390595436096191e-01,-1.037236332893371582e+00,-9.272313117980957031e-01,1.971212863922119141e+00,-5.838519930839538574e-01,-1.849337458610534668e+00,1.095765680074691772e-01,1.482826769351959229e-01,-3.213864564895629883e-01,-1.794263362884521484e+00,9.667346477508544922e-01,-1.483372092247009277e+00,9.904604405164718628e-02,-1.645488023757934570e+00,-6.343063712120056152e-01,1.471876651048660278e-01,7.173422574996948242e-01,2.342284470796585083e-01,5.219694375991821289e-01,-9.815651178359985352e-01,-3.696989119052886963e-01,-1.750569045543670654e-01,1.045785069465637207e+00,-1.041683316230773926e+00,-6.183872818946838379e-01,-1.638768762350082397e-01,-2.606348395347595215e-01,-2.894240021705627441e-01
-1.233545184135437012e+00,1.073701858520507812e+00,4.232419133186340332e-01,-4.713625013828277588e-01,3.466252803802490234e+00,1.873858928680419922e+00,0.000000000000000000e+00,2.402173757553100586e+00,-9.054050594568252563e-02,3.297659456729888916e-01,2.599895745515823364e-02,9.129264205694198608e-02,7.979265451431274414e-01,7.965900301933288574e-01,-2.103741466999053955e-01,-1.316674500703811646e-01,5.421915650367736816e-01,1.580278761684894562e-02,-1.286534368991851807e-01,-2.321681380271911621e-01,4.298518896102905273e-01,-1.589343845844268799e-01,1.628038167953491211e+00,-1.778340816497802734e+00,-8.024966120719909668e-01,4.598615169525146484e-01,-4.894655644893646240e-01,-8.577768206596374512e-01,3.543863892555236816e-01,5.776683688163757324e-01,4.567177593708038330e-01,-1.607892155647277832e+00,-1.568890064954757690e-01,5.243802070617675781e-01,7.006228715181350708e-02,-4.489153325557708740e-01,-1.455648422241210938e+00,1.165158033370971680e+00,-2.469441145658493042e-01,-2.392848014831542969e+00,-7.299851775169372559e-01,-2.206263393163681030e-01,-6.002449393272399902e-01,-4.489668011665344238e-01,2.649725675582885742e-01,-2.997550666332244873e-01,4.720616638660430908e-01,-1.900256425142288208e-01,-6.607133746147155762e-01,2.271163314580917358e-01,1.207923173904418945e+00,-2.334330677986145020e-01,-1.531158089637756348e+00,-1.739454567432403564e-01,6.106643080711364746e-01,-2.143866300582885742e+00,1.225856304168701172e+00,-5.386336445808410645e-01,-8.801826089620590210e-02
1.601423770189285278e-01,-8.670719265937805176e-01,6.424120664596557617e-01,6.442449092864990234e-01,2.908848285675048828e+00,1.101905465126037598e+00,2.402173757553100586e+00,0.000000000000000000e+00,1.255576372146606445e+00,-8.431887030601501465e-01,-6.351450085639953613e-01,6.176003813743591309e-01,5.136240646243095398e-02,-1.174116373062133789e+00,1.094295144081115723e+00,-5.381163358688354492e-01,-3.450349271297454834e-01,1.193787336349487305e+00,-9.683119654655456543e-01,5.069157481193542480e-02,7.623538374900817871e-01,4.874889850616455078e-01,1.749653458595275879e+00,2.737043499946594238e-01,7.614811062812805176e-01,-3.741450309753417969e-01,6.226266026496887207e-01,-1.762255668640136719e+00,-4.922667443752288818e-01,9.584245681762695312e-01,-6.338514089584350586e-01,-1.039824962615966797e+00,-1.271515935659408569e-01,-3.655886650085449219e-01,-5.351765751838684082e-01,-1.367227315902709961e+00,-2.784470617771148682e-01,1.070908308029174805e+00,9.899579454213380814e-04,-2.076271623373031616e-01,-1.056763529777526855e+00,9.611688256263732910e-01,-1.386874198913574219e+00,3.071327209472656250e-01,9.769210815429687500e-01,-1.163221359252929688e+00,3.114089369773864746e-01,3.860915303230285645e-01,1.057465434074401855e+00,-1.593399643898010254e+00,-3.729446828365325928e-01,-7.409045100212097168e-01,-1.515269041061401367e+00,-9.365794062614440918e-01,-1.871688127517700195e+00,-2.616847753524780273e-01,-2.472531944513320923e-01,-1.109728336334228516e+00,1.030487775802612305e+00
-1.378815621137619019e-01,-1.337077260017395020e+00,8.934826254844665527e-01,1.457281559705734253e-01,2.361712157726287842e-01,1.276756167411804199e+00,-9.054050594568252563e-02,1.255576372146606445e+00,0.000000000000000000e+00,1.530236601829528809e+00,4.108949750661849976e-02,1.625091075897216797e+00,-2.225763320922851562e+00,1.139038443565368652e+00,2.228778600692749023e+00,-8.533729910850524902e-01,4.830221533775329590e-01,1.123837351799011230e+00,-5.326905846595764160e-01,1.509043455123901367e+00,7.991318106651306152e-01,8.767565488815307617e-01,-1.180455565452575684e+00,-6.169356703758239746e-01,2.229409068822860718e-01,-3.032889068126678467e-01,-3.158638998866081238e-02,-1.707271039485931396e-01,5.053225755691528320e-01,5.785102844238281250e-01,-1.617495715618133545e-01,-7.853969335556030273e-01,-9.699179530143737793e-01,-1.475494503974914551e+00,-1.543687105178833008e+00,-1.577625513076782227e+00,-1.764359116554260254e+00,-1.176840543746948242e+00,-1.209635496139526367e+00,-6.868861913681030273e-01,-1.069376587867736816e+00,-9.615028500556945801e-01,-9.471769332885742188e-01,-4.514981806278228760e-02,-5.975956916809082031e-01,-2.360216900706291199e-02,2.879371047019958496e-01,1.041151642799377441e+00,-1.080211639404296875e+00,-8.919088840484619141e-01,-6.780192255973815918e-03,-1.604799270629882812e+00,5.243518948554992676e-01,6.712195277214050293e-01,3.597932457923889160e-01,-1.990689486265182495e-01,1.230036020278930664e+00,-2.440945357084274292e-01,4.860574901103973389e-01
-1.610617518424987793e+00,1.573990821838378906e+00,-1.181351184844970703e+00,-1.239684104919433594e+00,8.674398064613342285e-01,1.695695757865905762e+00,3.297659456729888916e-01,-8.431887030601501465e-01,1.530236601829528809e+00,0.000000000000000000e+00,3.018423318862915039e+00,7.338594198226928711e-01,1.998564958572387695e+00,6.311102509498596191e-01,8.235792517662048340e-01,-1.353150129318237305e+00,-4.160938560962677002e-01,1.226646527647972107e-01,-1.613202452659606934e+00,2.873856127262115479e-01,1.059496521949768066e+00,-1.066765427589416504e+00,4.209678471088409424e-01,-1.330773353576660156e+00,-7.781249284744262695e-01,-2.551222324371337891e+00,-7.680764794349670410e-01,-3.250344693660736084e-01,-3.813003897666931152e-01,-1.792585849761962891e+00,4.385081529617309570e-01,-3.572965860366821289e-01,1.013304352760314941e+00,-4.869034141302108765e-02,-5.071648359298706055e-01,3.870458528399467468e-02,-2.216635048389434814e-01,-1.313321590423583984e+00,2.005439847707748413e-01,5.837357044219970703e-01,-1.118340373039245605e+00,1.956039369106292725e-01,-4.410127401351928711e-01,7.661023139953613281e-01,-7.319461703300476074e-01,5.657218694686889648e-01,-2.187453269958496094e+00,7.164939045906066895e-01,-1.201535820960998535e+00,-4.748528003692626953e-01,2.564477443695068359e+00,-1.582069247961044312e-01,-2.063785791397094727e+00,5.297995805740356445e-01,-8.504859805107116699e-01,-3.816755414009094238e-01,6.451544761657714844e-01,-1.059256315231323242e+00,-1.188485547900199890e-01
5.778860449790954590e-01,-5.984550118446350098e-01,1.011477351188659668e+00,1.687213897705078125e+00,3.183898031711578369e-01,-1.541451930999755859e+00,2.599895745515823364e-02,-6.351450085639953613e-01,4.108949750661849976e-02,3.018423318862915039e+00,0.000000000000000000e+00,4.352882802486419678e-01,1.465813517570495605e+00,1.726284861564636230e+00,-6.563299894332885742e-01,-4.026321470737457275e-01,-3.480130136013031006e-01,2.814589738845825195e-01,-2.763943672180175781e-01,-8.190576434135437012e-01,-2.664360404014587402e-02,4.312456250190734863e-01,-9.371244907379150391e-01,7.632176876068115234e-01,-1.554924607276916504e+00,-1.159456670284271240e-01,3.927977383136749268e-01,-5.889577269554138184e-01,-4.330769181251525879e-01,-5.856534838676452637e-01,8.766274452209472656e-01,7.971826195716857910e-01,6.263065934181213379e-01,1.441181182861328125e+00,4.350090399384498596e-02,3.575197756290435791e-01,1.387351006269454956e-01,5.414037704467773438e-01,6.353645324707031250e-01,7.370857000350952148e-01,-2.120468020439147949e-01,-4.219912737607955933e-02,6.260590553283691406e-01,-1.944086670875549316e+00,-6.284564733505249023e-01,-1.014259576797485352e+00,2.694969475269317627e-01,-1.653580665588378906e+00,3.033281862735748291e-01,1.747210025787353516e+00,-5.890688300132751465e-01,-3.934822678565979004e-01,6.865077018737792969e-01,1.150170087814331055e+00,5.657608509063720703e-01,2.313624024391174316e-01,-7.822315692901611328e-01,4.423461854457855225e-01,-1.493694067001342773e+00
-3.876372277736663818e-01,-7.325110435485839844e-01,-1.014543771743774414e+00,-4.397170543670654297e-01,-1.333349823951721191e+00,5.523636564612388611e-02,9.129264205694198608e-02,6.176003813743591309e-01,1.625091075897216797e+00,7.338594198226928711e-01,4.352882802486419678e-01,0.000000000000000000e+00,-4.851412177085876465e-01,1.267722606658935547e+00,2.683207988739013672e+00,2.063777670264244080e-02,1.931242346763610840e+00,-3.942474722862243652e-03,-2.311675250530242920e-01,-5.897570252418518066e-01,5.826537609100341797e-01,-3.549067974090576172e-01,3.571628928184509277e-01,5.234715938568115234e-01,2.342162579298019409e-01,2.306257933378219604e-02,-5.433565974235534668e-01,2.843993008136749268e-01,3.414252698421478271e-01,1.073987185955047607e-01,-3.847142457962036133e-01,5.599678754806518555e-01,-2.062023729085922241e-01,-1.324450850486755371e+00,-3.743225634098052979e-01,-1.604061722755432129e+00,-2.483880966901779175e-01,-2.413122355937957764e-01,-5.123536586761474609e-01,-3.874179720878601074e-01,-2.348213195800781250e-01,-9.480530023574829102e-01,-7.750229239463806152e-01,-2.851088047027587891e-01,4.957171082496643066e-01,5.933365225791931152e-01,-1.194179803133010864e-01,-5.901212096214294434e-01,-5.786845088005065918e-01,-3.376941382884979248e-01,-3.378981351852416992e-02,2.447242587804794312e-01,-1.334034651517868042e-01,-2.772564589977264404e-01,-3.689556121826171875e-01,-6.203309297561645508e-01,8.057241141796112061e-02,-2.232301980257034302e-01,-1.301577091217041016e-01
5.331406593322753906e-01,7.579537034034729004e-01,1.075037479400634766e+00,4.309599697589874268e-01,-1.170384883880615234e+00,-1.738109707832336426e+00,7.979265451431274414e-01,5.136240646243095398e-02,-2.225763320922851562e+00,1.998564958572387695e+00,1.465813517570495605e+00,-4.851412177085876465e-01,0.000000000000000000e+00,2.010401248931884766e+00,-4.579309225082397461e-01,-7.426609396934509277e-01,-1.144218444824218750e+00,-7.613967657089233398e-01,1.564433574676513672e+00,-4.193795025348663330e-01,2.844599187374114990e-01,5.229609012603759766e-01,-5.514836311340332031e-02,1.459358260035514832e-02,1.229501962661743164e+00,7.491576075553894043e-01,1.044696807861328125e+00,-1.177803352475166321e-01,-1.400344371795654297e-01,-2.280286401510238647e-01,-7.787461280822753906e-01,7.911685705184936523e-01,1.224529862403869629e+00,-8.846786618232727051e-01,5.808851718902587891e-01,3.177515566349029541e-01,1.337707877159118652e+00,-2.084749460220336914e+00,-1.030256032943725586e+00,1.287350356578826904e-01,-1.403669714927673340e-01,-1.007114291191101074e+00,-7.327973097562789917e-02,3.002252280712127686e-01,-1.063547372817993164e+00,-2.004818767309188843e-01,2.553981840610504150e-01,-6.844488978385925293e-01,5.539453029632568359e-01,2.366103082895278931e-01,4.940962195396423340e-01,-1.093384400010108948e-01,1.725620776414871216e-01,-3.980922102928161621e-01,1.107495069503784180e+00,4.068206623196601868e-02,3.113449811935424805e-01,2.890738248825073242e-01,-5.855118632316589355e-01
-1.435023069381713867e+00,4.779347181320190430e-01,1.094766497611999512e+00,-1.491598367691040039e+00,-1.184215426445007324e+00,-8.193883299827575684e-01,7.965900301933288574e-01,-1.174116373062133789e+00,1.139038443565368652e+00,6.311102509498596191e-01,1.726284861564636230e+00,1.267722606658935547e+00,2.010401248931884766e+00,0.000000000000000000e+00,1.449029564857482910e+00,3.507197618484497070e+00,8.760287761688232422e-01,1.053528189659118652e+00,-2.263407945632934570e+00,2.232688665390014648e-01,4.652342796325683594e-01,2.973381876945495605e-01,5.172876119613647461e-01,9.639806747436523438e-01,-1.550329923629760742e+00,-2.015458196401596069e-01,-4.913699626922607422e-01,-2.538323998451232910e-01,-1.678462982177734375e+00,-1.119617838412523270e-02,-2.739470303058624268e-01,3.326140046119689941e-01,-1.277304291725158691e+00,-4.955645501613616943e-01,-3.882224857807159424e-01,-8.480228185653686523e-01,4.064424633979797363e-01,-1.616262793540954590e+00,7.554460167884826660e-01,2.190091013908386230e-01,-2.971394777297973633e+00,-2.311788320541381836e+00,7.629442811012268066e-01,-1.242173463106155396e-01,5.143335834145545959e-02,5.437198877334594727e-01,-1.377566218376159668e+00,-2.276860773563385010e-01,-4.095088541507720947e-01,-4.909473061561584473e-01,-4.108846485614776611e-01,-1.835639774799346924e-02,-1.415166378021240234e+00,-2.802920937538146973e-01,-4.399612545967102051e-01,1.755652308464050293e+00,8.701754808425903320e-01,5.110296607017517090e-01,3.410041332244873047e-02
-4.104558825492858887e-01,-2.019233465194702148e+00,-4.619787633419036865e-01,2.793657779693603516e-01,-4.410127401351928711e-01,1.890477776527404785e+00,-2.103741466999053955e-01,1.094295144081115723e+00,2.228778600692749023e+00,8.235792517662048340e-01,-6.563299894332885742e-01,2.683207988739013672e+00,-4.579309225082397461e-01,1.449029564857482910e+00,0.000000000000000000e+00,1.993576288223266602e-01,9.834010004997253418e-01,9.840837121009826660e-01,-2.720959484577178955e-01,1.042020797729492188e+00,6.261848211288452148e-01,5.805529356002807617e-01,1.989842951297760010e-02,-6.812226772308349609e-02,7.539457082748413086e-01,-2.198620289564132690e-01,-9.245257377624511719e-01,-5.326863005757331848e-02,-5.477820038795471191e-01,2.488049715757369995e-01,4.772912859916687012e-01,2.617176771163940430e-01,-9.252032637596130371e-01,-1.569106221199035645e+00,-2.139877527952194214e-01,-1.849925756454467773e+00,-1.543425798416137695e+00,-7.906661629676818848e-01,-1.073820948600769043e+00,1.167124211788177490e-01,-2.529426515102386475e-01,-1.946927428245544434e+00,7.261176109313964844e-01,-5.635391473770141602e-01,7.004624009132385254e-01,-1.258383631706237793e+00,-1.205181702971458435e-01,6.103756427764892578e-01,-1.052998661994934082e+00,4.356576502323150635e-02,-2.927815318107604980e-01,-9.669191837310791016e-01,-8.465620875358581543e-01,2.750216424465179443e-01,-2.781985998153686523e-01,-7.341014742851257324e-01,2.601540088653564453e-01,-8.544110655784606934e-01,-5.898000001907348633e-01
-5.159407854080200195e-01,-4.501845240592956543e-01,-1.017337322235107422e+00,2.191079616546630859e+00,-8.613496422767639160e-01,-2.807750403881072998e-01,-1.316674500703811646e-01,-5.381163358688354492e-01,-8.533729910850524902e-01,-1.353150129318237305e+00,-4.026321470737457275e-01,2.063777670264244080e-02,-7.426609396934509277e-01,3.507197618484497070e+00,1.993576288223266602e-01,0.000000000000000000e+00,1.734871715307235718e-01,1.037747859954833984e+00,-4.594211876392364502e-01,-1.884951889514923096e-01,-4.248336791992187500e+00,-8.360400795936584473e-01,2.433917224407196045e-01,1.078146457672119141e+00,-7.244312167167663574e-01,3.466408848762512207e-01,8.236730694770812988e-01,4.419439136981964111e-01,4.779804050922393799e-01,1.810793280601501465e+00,-1.850441455841064453e+00,-1.987958103418350220e-01,-4.775306284427642822e-01,5.472165346145629883e-01,7.623711824417114258e-01,1.602328419685363770e+00,1.127319097518920898e+00,-2.278806209564208984e+00,9.520725011825561523e-01,1.268688559532165527e+00,2.469566091895103455e-02,5.621225833892822266e-01,2.424090653657913208e-01,-6.936073303222656250e-01,-2.691531777381896973e-01,4.671377688646316528e-02,1.780739873647689819e-01,1.198213100433349609e+00,-3.989229202270507812e-01,4.319575428962707520e-01,2.694948315620422363e-01,-1.470699667930603027e+00,-2.252737581729888916e-01,-2.135231494903564453e+00,7.869304418563842773e-01,4.055228531360626221e-01,-2.089368551969528198e-01,-4.885371029376983643e-01,-1.058471202850341797e+00
-3.251721262931823730e-01,-1.047201395034790039e+00,-2.766498625278472900e-01,8.493967652320861816e-01,-1.097379207611083984e+00,-6.125617027282714844e-01,5.421915650367736816e-01,-3.450349271297454834e-01,4.830221533775329590e-01,-4.160938560962677002e-01,-3.480130136013031006e-01,1.931242346763610840e+00,-1.144218444824218750e+00,8.760287761688232422e-01,9.834010004997253418e-01,1.734871715307235718e-01,0.000000000000000000e+00,-5.623241513967514038e-02,-4.092902410775423050e-03,9.389938712120056152e-01,-1.552126854658126831e-01,-4.366174638271331787e-01,8.874697685241699219e-01,1.333541274070739746e-01,2.553312182426452637e-01,8.281267881393432617e-01,5.401991605758666992e-01,8.867474794387817383e-01,3.292348682880401611e-01,7.955248951911926270e-01,6.733663380146026611e-02,-1.447987854480743408e-01,-9.539397954940795898e-01,3.592076897621154785e-02,-8.465380072593688965e-01,-2.344364225864410400e-01,-7.451993227005004883e-01,-2.884087860584259033e-01,8.420672267675399780e-02,-6.519535779953002930e-01,-2.029617875814437866e-01,-1.001238465309143066e+00,-1.460719406604766846e-01,1.617194265127182007e-01,-3.196738958358764648e-01,-2.118625789880752563e-01,9.839226305484771729e-02,-5.073384046554565430e-01,-1.181962937116622925e-01,-6.211180686950683594e-01,-8.123441040515899658e-02,7.393643260002136230e-01,5.493739843368530273e-01,3.231702744960784912e-01,4.767754673957824707e-01,-6.032102108001708984e-01,-5.216085910797119141e-01,-6.502135992050170898e-01,-9.210172295570373535e-02
1.178753137588500977e+00,-1.688921302556991577e-01,1.319295525550842285e+00,1.407448291778564453e+00,-6.815271377563476562e-01,1.448445558547973633e+00,1.580278761684894562e-02,1.193787336349487305e+00,1.123837351799011230e+00,1.226646527647972107e-01,2.814589738845825195e-01,-3.942474722862243652e-03,-7.613967657089233398e-01,1.053528189659118652e+00,9.840837121009826660e-01,1.037747859954833984e+00,-5.623241513967514038e-02,0.000000000000000000e+00,2.726474106311798096e-01,1.118536472320556641e+00,7.982432246208190918e-01,7.805759310722351074e-01,3.280853629112243652e-01,-5.788863897323608398e-01,9.461483359336853027e-02,9.334262609481811523e-01,-1.359220594167709351e-01,6.553293466567993164e-01,-1.792545616626739502e-01,1.948582082986831665e-01,-4.915167391300201416e-02,3.687534034252166748e-01,-3.673018217086791992e-01,-1.090485811233520508e+00,-8.203864693641662598e-01,-2.884885668754577637e-01,9.611444473266601562e-01,-1.738793700933456421e-01,-2.253715753555297852e+00,-2.619835138320922852e-01,-1.059075951576232910e+00,-2.088781833648681641e+00,-4.715123176574707031e-01,-4.025063812732696533e-01,-1.392904400825500488e+00,6.740161180496215820e-01,2.026743292808532715e-01,1.790108084678649902e+00,-5.919455289840698242e-01,6.323340535163879395e-01,-4.746311008930206299e-01,-9.693080186843872070e-01,3.967621326446533203e-01,-1.543712019920349121e+00,-1.776802062988281250e+00,1.350965619087219238e+00,-3.849499225616455078e-01,-2.118023395538330078e+00,2.495449269190430641e-03
-1.350649476051330566e+00,6.580967307090759277e-01,3.155240714550018311e-01,-1.078699469566345215e+00,-6.124828457832336426e-01,-1.374860763549804688e+00,-1.286534368991851807e-01,-9.683119654655456543e-01,-5.326905846595764160e-01,-1.613202452659606934e+00,-2.763943672180175781e-01,-2.311675250530242920e-01,1.564433574676513672e+00,-2.263407945632934570e+00,-2.720959484577178955e-01,-4.594211876392364502e-01,-4.092902410775423050e-03,2.726474106311798096e-01,0.000000000000000000e+00,7.397218048572540283e-02,5.202860832214355469e-01,-7.282339334487915039e-01,-1.577820062637329102e+00,-7.464639544486999512e-01,1.847875833511352539e+00,7.881295680999755859e-01,-1.878882944583892822e-01,1.248654365539550781e+00,9.111654162406921387e-01,1.346264600753784180e+00,4.132330119609832764e-01,-7.253520190715789795e-02,-4.054086506366729736e-01,1.276089698076248169e-01,5.078624486923217773e-01,2.164015918970108032e-01,-1.512452363967895508e-01,1.107516884803771973e+00,1.464821457862854004e+00,2.060477018356323242e+00,1.753615736961364746e+00,-1.779442906379699707e+00,1.317703485488891602e+00,8.269702792167663574e-01,1.083775639533996582e+00,1.482841610908508301e+00,-4.906461238861083984e-01,-1.803425550460815430e+00,-1.614301443099975586e+00,-6.033092141151428223e-01,9.001879096031188965e-01,5.163393616676330566e-01,-9.112129211425781250e-01,-2.545638382434844971e-01,2.761504650115966797e-01,1.382061481475830078e+00,-8.717780932784080505e-03,4.602975845336914062e-01,-1.312454044818878174e-01
1.115436926484107971e-01,-2.746699564158916473e-02,-1.333508133888244629e+00,-1.276649951934814453e+00,-9.837155342102050781e-01,-1.431956768035888672e+00,-2.321681380271911621e-01,5.069157481193542480e-02,1.509043455123901367e+00,2.873856127262115479e-01,-8.190576434135437012e-01,-5.897570252418518066e-01,-4.193795025348663330e-01,2.232688665390014648e-01,1.042020797729492188e+00,-1.884951889514923096e-01,9.389938712120056152e-01,1.118536472320556641e+00,7.397218048572540283e-02,0.000000000000000000e+00,1.839592576026916504e+00,2.450100421905517578e+00,1.066338777542114258e+00,4.623596966266632080e-01,1.296393990516662598e+00,7.773426771163940430e-01,3.121683895587921143e-01,9.597842395305633545e-02,-3.666379749774932861e-01,4.265214502811431885e-01,-3.075434863567352295e-01,7.435891032218933105e-02,-1.141518950462341309e+00,-1.311459541320800781e+00,-1.230712413787841797e+00,-5.337511897087097168e-01,-4.921827018260955811e-01,-3.955090641975402832e-01,-9.849503636360168457e-01,1.895314306020736694e-01,9.660817384719848633e-01,-7.552081942558288574e-01,-5.818644762039184570e-01,-9.349469542503356934e-01,-2.186132371425628662e-01,-9.213978052139282227e-02,-1.379245072603225708e-01,-9.741295874118804932e-02,4.635354280471801758e-01,-9.873045086860656738e-01,-1.010113433003425598e-01,-6.668501496315002441e-01,-3.004408180713653564e-01,-4.035992622375488281e-01,-7.504953444004058838e-02,1.460777223110198975e-01,1.255554437637329102e+00,-1.222707390785217285e+00,3.391517996788024902e-01
-2.264068126678466797e+00,-4.480352997779846191e-01,-1.143788456916809082e+00,-1.353299975395202637e+00,-1.898155808448791504e+00,3.585353195667266846e-01,4.298518896102905273e-01,7.623538374900817871e-01,7.991318106651306152e-01,1.059496521949768066e+00,-2.664360404014587402e-02,5.826537609100341797e-01,2.844599187374114990e-01,4.652342796325683594e-01,6.261848211288452148e-01,-4.248336791992187500e+00,-1.552126854658126831e-01,7.982432246208190918e-01,5.202860832214355469e-01,1.839592576026916504e+00,0.000000000000000000e+00,8.919789195060729980e-01,6.797969341278076172e-01,3.159034848213195801e-01,1.400841712951660156e+00,-1.488899827003479004e+00,-1.684459090232849121e+00,1.309201598167419434e+00,1.937336802482604980e+00,1.172714114189147949e+00,4.487247169017791748e-01,-1.591029047966003418e+00,-6.078643202781677246e-01,1.296915888786315918e+00,4.042448103427886963e-01,6.124460101127624512e-01,6.347603797912597656e-01,1.044043898582458496e+00,-1.243330240249633789e+00,-1.163431406021118164e+00,-1.055115222930908203e+00,-5.137644410133361816e-01,6.672356128692626953e-01,6.214445233345031738e-01,-1.345216184854507446e-01,-4.360032677650451660e-01,-5.890259146690368652e-01,-1.640187978744506836e+00,-1.630668789148330688e-01,-2.461350411176681519e-01,-2.486933946609497070e+00,1.889830082654953003e-01,3.947277069091796875e-01,1.253659248352050781e+00,1.350678205490112305e+00,-1.513903975486755371e+00,9.448197484016418457e-01,-7.975212335586547852e-01,-1.073484718799591064e-01
-2.294217795133590698e-01,-2.672502994537353516e-01,1.094360351562500000e+00,-1.711088776588439941e+00,1.801452487707138062e-01,-5.037436485290527344e-01,-1.589343845844268799e-01,4.874889850616455078e-01,8.767565488815307617e-01,-1.066765427589416504e+00,4.312456250190734863e-01,-3.549067974090576172e-01,5.229609012603759766e-01,2.973381876945495605e-01,5.805529356002807617e-01,-8.360400795936584473e-01,-4.366174638271331787e-01,7.805759310722351074e-01,-7.282339334487915039e-01,2.450100421905517578e+00,8.919789195060729980e-01,0.000000000000000000e+00,-7.206656783819198608e-02,1.651154637336730957e+00,-2.037550359964370728e-01,-9.892247319221496582e-01,5.004920959472656250e-01,1.252090454101562500e+00,4.380379915237426758e-01,-3.531129360198974609e-01,-4.507716298103332520e-01,-3.737449273467063904e-02,7.041829228401184082e-01,1.346921682357788086e+00,-3.384484052658081055e-01,-1.203933238983154297e+00,-1.292151927947998047e+00,-5.947784185409545898e-01,-2.767342031002044678e-01,-1.809086534194648266e-03,4.392803907394409180e-01,-5.122866630554199219e-01,9.646898508071899414e-02,-1.854269504547119141e-01,1.741168946027755737e-01,9.913048148155212402e-01,-5.254554748535156250e-01,1.871800124645233154e-01,-1.331503868103027344e+00,-9.064050316810607910e-01,-2.512258104979991913e-02,-1.202963709831237793e+00,-7.430174946784973145e-01,-1.968691796064376831e-01,-7.954587936401367188e-01,3.211538195610046387e-01,4.909354150295257568e-01,-2.502797245979309082e-01,-1.962702125310897827e-01
1.397668123245239258e+00,1.314555257558822632e-01,-2.157927751541137695e+00,2.184424102306365967e-01,9.141082167625427246e-01,1.225199818611145020e+00,1.628038167953491211e+00,1.749653458595275879e+00,-1.180455565452575684e+00,4.209678471088409424e-01,-9.371244907379150391e-01,3.571628928184509277e-01,-5.514836311340332031e-02,5.172876119613647461e-01,1.989842951297760010e-02,2.433917224407196045e-01,8.874697685241699219e-01,3.280853629112243652e-01,-1.577820062637329102e+00,1.066338777542114258e+00,6.797969341278076172e-01,-7.206656783819198608e-02,0.000000000000000000e+00,7.508857250213623047e-01,8.241341114044189453e-01,-5.428712368011474609e-01,3.496113717555999756e-01,2.866842508316040039e+00,8.689647912979125977e-01,1.301206469535827637e+00,7.782025635242462158e-02,-7.581564784049987793e-01,-1.695150971412658691e+00,-1.452025055885314941e+00,2.814994752407073975e-01,-1.087267994880676270e+00,-1.607169866561889648e+00,2.530574500560760498e-01,3.038309216499328613e-01,-9.724274277687072754e-02,7.646665573120117188e-01,-9.694340638816356659e-03,-2.431455612182617188e+00,-5.075491070747375488e-01,-2.321449965238571167e-01,-3.278313875198364258e-01,1.152862548828125000e+00,-1.801185131072998047e+00,1.485107541084289551e-01,-1.548412799835205078e+00,1.687572300434112549e-01,-1.222177028656005859e+00,-3.360126316547393799e-01,-7.297765463590621948e-02,-4.776786267757415771e-01,5.612912774085998535e-01,3.576202690601348877e-01,-8.556321859359741211e-01,-1.756814122200012207e+00
-1.090040877461433411e-01,-3.916807770729064941e-01,-1.109640002250671387e+00,-8.385875821113586426e-01,-2.460512965917587280e-01,2.604432962834835052e-02,-1.778340816497802734e+00,2.737043499946594238e-01,-6.169356703758239746e-01,-1.330773353576660156e+00,7.632176876068115234e-01,5.234715938568115234e-01,1.459358260035514832e-02,9.639806747436523438e-01,-6.812226772308349609e-02,1.078146457672119141e+00,1.333541274070739746e-01,-5.788863897323608398e-01,-7.464639544486999512e-01,4.623596966266632080e-01,3.159034848213195801e-01,1.651154637336730957e+00,7.508857250213623047e-01,0.000000000000000000e+00,7.686120867729187012e-01,7.500531673431396484e-01,2.780181646347045898e+00,5.826537609100341797e-01,5.475524440407752991e-02,9.279121756553649902e-01,-1.909784197807312012e+00,-6.552124023437500000e-01,4.999135434627532959e-01,6.629716157913208008e-01,-1.450028121471405029e-01,1.292529106140136719e+00,-3.754918873310089111e-01,-2.412786006927490234e+00,-3.379654586315155029e-01,1.206338524818420410e+00,-2.345630899071693420e-03,-1.071179270744323730e+00,-1.294429898262023926e+00,-1.198677420616149902e-01,-1.120447635650634766e+00,1.110022738575935364e-01,-1.748949140310287476e-01,-1.161030977964401245e-01,1.596232771873474121e+00,-9.237212687730789185e-02,1.243408799171447754e+00,-8.893141746520996094e-01,2.153233289718627930e-01,-1.157934427261352539e+00,3.132752776145935059e-01,-1.834844946861267090e-01,8.285768628120422363e-01,-1.690395116806030273e+00,6.107903718948364258e-01
1.101371645927429199e-01,4.487746655941009521e-01,1.469273924827575684e+00,-2.070127487182617188e+00,-2.274765014648437500e+00,3.116108179092407227e-01,-8.024966120719909668e-01,7.614811062812805176e-01,2.229409068822860718e-01,-7.781249284744262695e-01,-1.554924607276916504e+00,2.342162579298019409e-01,1.229501962661743164e+00,-1.550329923629760742e+00,7.539457082748413086e-01,-7.244312167167663574e-01,2.553312182426452637e-01,9.461483359336853027e-02,1.847875833511352539e+00,1.296393990516662598e+00,1.400841712951660156e+00,-2.037550359964370728e-01,8.241341114044189453e-01,7.686120867729187012e-01,0.000000000000000000e+00,1.563742280006408691e+00,1.235815286636352539e-01,2.209679603576660156e+00,1.120588898658752441e+00,1.764154791831970215e+00,-1.159918665885925293e+00,2.641235888004302979e-01,7.451049089431762695e-01,-1.680980324745178223e+00,-1.749954074621200562e-01,5.995801687240600586e-01,9.483560174703598022e-02,-2.401865005493164062e+00,1.445232033729553223e-01,1.129313111305236816e+00,-4.478763639926910400e-01,1.259664773941040039e+00,1.089437976479530334e-01,-1.108763933181762695e+00,-1.367359399795532227e+00,6.144127845764160156e-01,-1.984419465065002441e+00,-3.102999031543731689e-01,-1.112947583198547363e+00,-1.654586076736450195e+00,-6.362162232398986816e-01,-1.711185336112976074e+00,-1.156514525413513184e+00,4.782620668411254883e-01,1.519162297248840332e+00,1.458307653665542603e-01,1.418149024248123169e-01,-3.827842473983764648e-01,1.307253360748291016e+00
2.006886303424835205e-01,-1.711980342864990234e+00,-5.504449605941772461e-01,2.610404491424560547e-01,-1.366497397422790527e+00,-3.219622969627380371e-01,4.598615169525146484e-01,-3.741450309753417969e-01,-3.032889068126678467e-01,-2.551222324371337891e+00,-1.159456670284271240e-01,2.306257933378219604e-02,7.491576075553894043e-01,-2.015458196401596069e-01,-2.198620289564132690e-01,3.466408848762512207e-01,8.281267881393432617e-01,9.334262609481811523e-01,7.881295680999755859e-01,7.773426771163940430e-01,-1.488899827003479004e+00,-9.892247319221496582e-01,-5.428712368011474609e-01,7.500531673431396484e-01,1.563742280006408691e+00,0.000000000000000000e+00,7.178160548210144043e-01,-8.257753849029541016e-01,2.107782214879989624e-01,-1.470372378826141357e-01,-7.290545701980590820e-01,3.486902415752410889e-01,6.879084110260009766e-01,9.833364486694335938e-01,-3.293384015560150146e-01,1.210890412330627441e+00,5.232163667678833008e-01,-2.987231016159057617e-01,2.035748481750488281e+00,9.295248985290527344e-01,6.729801893234252930e-01,8.015870451927185059e-01,8.743546009063720703e-01,-1.036384940147399902e+00,-2.796775996685028076e-01,-3.531226813793182373e-01,-2.779120206832885742e+00,6.976234912872314453e-01,1.322006225585937500e+00,9.703576564788818359e-01,-1.725766807794570923e-01,4.585932567715644836e-02,-1.018667072057723999e-01,1.976383626461029053e-01,-4.153395891189575195e-01,1.487337470054626465e+00,1.031145572662353516e+00,2.720694541931152344e-01,1.802362948656082153e-01
