0.000000000000000000e+00,2.609269618988037109e+00,1.470429658889770508e+00,2.859370037913322449e-02,8.869847059249877930e-01,-5.644432902336120605e-01,-4.569005370140075684e-01,-2.456126734614372253e-02,-3.132164180278778076e-01,-6.787211894989013672e-01,-6.676265597343444824e-01,-5.625508427619934082e-01,-3.682656884193420410e-01,9.421172738075256348e-02,-2.324058115482330322e-01,-4.331572055816650391e-01,2.770510017871856689e-01,-6.946603059768676758e-01,-1.788427829742431641e-01,-2.749797403812408447e-01,3.566656410694122314e-01,-1.273340821266174316e+00,7.335848808288574219e-01,8.013051003217697144e-02,-1.668490648269653320e+00,-4.375808686017990112e-02,-1.076256155967712402e+00,1.102545708417892456e-01,5.609586238861083984e-01,7.904096692800521851e-02,1.014883041381835938e+00,8.905918002128601074e-01,-1.130123063921928406e-01,8.296035528182983398e-01,1.023357272148132324e+00,-1.853754520416259766e+00,-5.135397315025329590e-01,1.095059871673583984e+00,-3.242178261280059814e-01,2.119725197553634644e-01,-6.404194831848144531e-01,-9.071628451347351074e-01,6.057757139205932617e-01,-1.071019545197486877e-01,1.106398850679397583e-01,-2.784830927848815918e-01,-1.162760615348815918e+00,-1.233032464981079102e+00,5.489081740379333496e-01,-2.462209016084671021e-01,-1.391134858131408691e-01,-1.988220661878585815e-01,-1.430321931838989258e+00,-4.665153026580810547e-01,-1.340188086032867432e-01,1.340993285179138184e+00,-1.942755728960037231e-01,0.000000000000000000e+00,0.000000000000000000e+00
2.609269618988037109e+00,0.000000000000000000e+00,1.483384490013122559e+00,1.598797917366027832e+00,1.713922023773193359e+00,7.170042991638183594e-01,7.157164216041564941e-01,-2.373126149177551270e-01,-1.147313237190246582e+00,-2.671505212783813477e-01,1.531810611486434937e-01,7.289910316467285156e-01,6.283981353044509888e-02,8.398870378732681274e-02,-1.759362339973449707e+00,-5.313458442687988281e-01,-1.471211671829223633e+00,-1.549933791160583496e+00,-2.582276761531829834e-01,-2.558288574218750000e-01,-7.985937595367431641e-01,-2.586237907409667969e+00,-1.633961200714111328e+00,-2.951177954673767090e-01,-3.822918534278869629e-01,-2.530975043773651123e-01,-3.891557455062866211e-01,6.452711820602416992e-01,-1.552682369947433472e-01,-8.465348482131958008e-01,1.488993316888809204e-01,-8.982909321784973145e-01,2.371065855026245117e+00,1.038330674171447754e+00,1.040680766105651855e+00,-1.303152918815612793e+00,-3.405113220214843750e-01,1.414431452751159668e+00,-5.478636622428894043e-01,7.362793684005737305e-01,-8.224585056304931641e-01,1.998383700847625732e-01,-2.062782496213912964e-01,1.135718598961830139e-01,4.060924947261810303e-01,-1.857489824295043945e+00,1.013558283448219299e-01,-2.093749761581420898e+00,-5.731068551540374756e-02,4.120934009552001953e-01,4.192875325679779053e-01,-1.567663908004760742e+00,-7.970815896987915039e-01,-9.894410371780395508e-01,9.059263467788696289e-01,1.228401303291320801e+00,3.452347815036773682e-01,0.000000000000000000e+00,0.000000000000000000e+00
1.470429658889770508e+00,1.483384490013122559e+00,0.000000000000000000e+00,1.871701836585998535e+00,6.443226933479309082e-01,1.033582568168640137e+00,4.922775626182556152e-01,6.242378354072570801e-01,-5.873000025749206543e-01,1.863954029977321625e-02,8.725031614303588867e-01,-6.592605113983154297e-01,6.571628898382186890e-02,7.187557220458984375e-01,-7.031096220016479492e-01,6.115337014198303223e-01,-3.622002154588699341e-02,-1.234174370765686035e+00,7.392718642950057983e-02,-8.616560101509094238e-01,-2.899312078952789307e-01,-2.005516529083251953e+00,-1.534970045089721680e+00,-4.330698549747467041e-01,-8.980989456176757812e-02,-1.798563450574874878e-01,-8.967350721359252930e-01,-9.732862710952758789e-01,4.729647561907768250e-02,-4.037892445921897888e-02,6.701991558074951172e-01,1.310172379016876221e-01,1.068511605262756348e+00,-3.098063468933105469e-01,1.122635081410408020e-01,1.614838466048240662e-02,-2.670504570007324219e+00,4.687703549861907959e-01,6.954205036163330078e-01,4.940899908542633057e-01,9.773587584495544434e-01,-1.930049806833267212e-01,2.857231795787811279e-01,-2.957141995429992676e-01,-2.889494895935058594e-01,-8.586162328720092773e-01,3.892216980457305908e-01,2.384176105260848999e-01,7.714817523956298828e-01,-1.593047752976417542e-02,-6.578175425529479980e-01,-1.280641436576843262e+00,6.279987096786499023e-01,-5.365224480628967285e-01,6.413538455963134766e-01,9.092536754906177521e-03,-1.314307600259780884e-01,0.000000000000000000e+00,0.000000000000000000e+00
2.859370037913322449e-02,1.598797917366027832e+00,1.871701836585998535e+00,0.000000000000000000e+00,2.759023666381835938e+00,2.080718755722045898e+00,2.212123155593872070e+00,1.455998659133911133e+00,-3.117211163043975830e-01,-6.429738551378250122e-02,5.416130423545837402e-01,-8.918401002883911133e-01,-1.183037877082824707e+00,-2.807390689849853516e-01,4.680415689945220947e-01,7.446599602699279785e-01,-4.486800730228424072e-01,-2.243732511997222900e-01,-1.049388885498046875e+00,-7.245401144027709961e-01,-9.812501668930053711e-01,-1.314174771308898926e+00,-1.568642020225524902e+00,-8.027517050504684448e-02,-3.879547417163848877e-01,1.115258932113647461e+00,-6.793585419654846191e-01,-3.748920857906341553e-01,-8.186621665954589844e-01,-8.399479985237121582e-01,-1.178046941757202148e+00,-1.970255821943283081e-01,1.167119145393371582e+00,9.040657281875610352e-01,1.197026729583740234e+00,-3.563963174819946289e-01,-3.575782105326652527e-02,5.855671688914299011e-02,1.040348634123802185e-01,1.176334142684936523e+00,-1.566233634948730469e+00,-4.268578886985778809e-01,1.806497341021895409e-03,-1.303126931190490723e+00,-3.361622691154479980e-01,2.769308984279632568e-01,-3.933260217308998108e-03,5.854398012161254883e-03,-1.939271092414855957e-01,3.337671160697937012e-01,-1.236482143402099609e+00,-1.549229979515075684e+00,-8.073328137397766113e-01,5.919738411903381348e-01,-7.355277985334396362e-02,-9.545398354530334473e-01,-4.076287895441055298e-02,0.000000000000000000e+00,0.000000000000000000e+00
8.869847059249877930e-01,1.713922023773193359e+00,6.443226933479309082e-01,2.759023666381835938e+00,0.000000000000000000e+00,9.222321510314941406e-01,2.844275236129760742e+00,2.084598302841186523e+00,5.173733830451965332e-01,-8.547866940498352051e-01,-2.519802153110504150e-01,-9.981518983840942383e-01,-8.015416562557220459e-02,6.563067436218261719e-01,-3.479638695716857910e-01,-1.697270423173904419e-01,6.919844746589660645e-01,-1.474964857101440430e+00,-1.075394034385681152e+00,-3.149433135986328125e-01,-1.159283593297004700e-01,-1.323783636093139648e+00,3.763573942705988884e-03,-8.852114677429199219e-01,1.613519191741943359e-01,6.048640608787536621e-01,1.674244046211242676e+00,1.083502620458602905e-01,-8.566322922706604004e-01,3.528756797313690186e-01,2.847014367580413818e-01,-1.079622134566307068e-01,1.230337936431169510e-02,6.119044423103332520e-01,3.544096648693084717e-01,-1.280085563659667969e+00,-6.021026968955993652e-01,1.949816197156906128e-01,2.659067511558532715e-01,-1.209048509597778320e+00,9.630437195301055908e-02,4.013099074363708496e-01,-1.175998330116271973e+00,5.706793665885925293e-01,1.375426352024078369e-01,-3.099141418933868408e-01,3.264160156250000000e-01,-3.193788230419158936e-01,-6.095461249351501465e-01,4.372697174549102783e-01,-5.325596034526824951e-02,-2.070825546979904175e-01,-1.883220434188842773e+00,-1.104245305061340332e+00,6.517438292503356934e-01,-3.012113332748413086e+00,-7.901085019111633301e-01,0.000000000000000000e+00,0.000000000000000000e+00
-5.644432902336120605e-01,7.170042991638183594e-01,1.033582568168640137e+00,2.080718755722045898e+00,9.222321510314941406e-01,0.000000000000000000e+00,2.652885675430297852e+00,1.858040571212768555e+00,8.426807522773742676e-01,1.107363328337669373e-01,1.022752299904823303e-01,-1.159088015556335449e-01,1.284701228141784668e-01,7.719784975051879883e-01,2.639502763748168945e+00,4.578867852687835693e-01,6.325015425682067871e-02,1.060608625411987305e+00,5.175412297248840332e-01,-6.282916665077209473e-01,-8.868800997734069824e-01,5.161537528038024902e-01,9.633998870849609375e-01,-8.873095512390136719e-01,1.002874016761779785e+00,2.302713245153427124e-01,-1.075362682342529297e+00,1.129790991544723511e-01,-3.995721042156219482e-02,-1.560972452163696289e+00,-1.924493074417114258e+00,-7.352116703987121582e-01,-3.015456914901733398e+00,-4.976570308208465576e-01,1.021046757698059082e+00,-1.553583145141601562e-01,6.085485219955444336e-01,8.532795310020446777e-01,7.299869060516357422e-01,-9.594279527664184570e-01,-2.091815620660781860e-01,-4.129527509212493896e-01,-1.075320363044738770e+00,-7.729888558387756348e-01,-1.734782457351684570e+00,-1.698157489299774170e-01,-9.411118924617767334e-02,7.074031829833984375e-01,-9.024093151092529297e-01,5.573273897171020508e-01,-2.889081478118896484e+00,-2.376092225313186646e-01,-8.756130337715148926e-01,7.004919648170471191e-01,-2.109972000122070312e+00,-1.690951347351074219e+00,-1.194819927215576172e+00,0.000000000000000000e+00,0.000000000000000000e+00
-4.569005370140075684e-01,7.157164216041564941e-01,4.922775626182556152e-01,2.212123155593872070e+00,2.844275236129760742e+00,2.652885675430297852e+00,0.000000000000000000e+00,2.548804998397827148e+00,-4.109019339084625244e-01,1.546799302101135254e+00,1.192243218421936035e+00,-1.094296574592590332e+00,2.117427736520767212e-01,5.754801630973815918e-01,-3.680459782481193542e-02,3.368564695119857788e-02,-6.649152040481567383e-01,4.112836122512817383e-01,4.450011253356933594e-01,-1.438419520854949951e-02,5.730431526899337769e-02,-6.547918319702148438e-01,-1.034471094608306885e-01,-1.174786925315856934e+00,3.551975786685943604e-01,-1.749695688486099243e-01,1.131123900413513184e-01,-6.151007488369941711e-02,-1.340245485305786133e+00,1.408103555440902710e-01,-7.261218428611755371e-01,-1.529682397842407227e+00,2.466817349195480347e-01,-8.288784027099609375e-01,6.920121908187866211e-01,1.012239009141921997e-01,-3.954263925552368164e-01,-5.960294604301452637e-01,-1.787775635719299316e+00,4.795338492840528488e-03,1.323342323303222656e+00,-1.408450126647949219e+00,4.129595458507537842e-01,4.674829244613647461e-01,7.001521587371826172e-01,-8.073464781045913696e-02,-7.112663388252258301e-01,5.562974810600280762e-01,-2.426702380180358887e-01,3.170227706432342529e-01,5.185734629631042480e-01,-1.056756377220153809e+00,-8.705192804336547852e-01,1.499156206846237183e-01,-1.319011449813842773e+00,-2.924372673034667969e+00,-3.930908143520355225e-01,0.000000000000000000e+00,0.000000000000000000e+00
-2.456126734614372253e-02,-2.373126149177551270e-01,6.242378354072570801e-01,1.455998659133911133e+00,2.084598302841186523e+00,1.858040571212768555e+00,2.548804998397827148e+00,0.000000000000000000e+00,-4.348941147327423096e-01,-7.919250130653381348e-01,1.776525735855102539e+00,-3.771262243390083313e-02,4.085176885128021240e-01,1.202365279197692871e+00,1.005569338798522949e+00,-9.227875620126724243e-02,-1.402003020048141479e-01,7.552564740180969238e-01,1.503109484910964966e-01,-8.771898150444030762e-01,-1.047927737236022949e+00,3.306686282157897949e-01,1.194126158952713013e-02,9.745577722787857056e-02,1.192194581031799316e+00,-8.163384795188903809e-01,-3.346492052078247070e-01,-1.720946669578552246e+00,-1.665358066558837891e+00,1.445502638816833496e+00,4.394587874412536621e-01,8.794193863868713379e-01,3.309092819690704346e-01,1.803949773311614990e-01,-2.342900276184082031e+00,-1.001057028770446777e-02,-4.336826503276824951e-01,-1.109984517097473145e+00,8.987544775009155273e-01,-1.006843686103820801e+00,-1.650317907333374023e-01,1.045547127723693848e+00,-3.741546571254730225e-01,9.571565389633178711e-01,-4.068959057331085205e-01,1.513536274433135986e-01,8.103034645318984985e-02,-7.305004596710205078e-01,-1.279800295829772949e+00,-4.508532285690307617e-01,6.680646538734436035e-01,6.666916608810424805e-01,-8.340094983577728271e-02,-9.178162217140197754e-01,-1.458525776863098145e+00,-8.885096311569213867e-01,-4.908527731895446777e-01,0.000000000000000000e+00,0.000000000000000000e+00
-3.132164180278778076e-01,-1.147313237190246582e+00,-5.873000025749206543e-01,-3.117211163043975830e-01,5.173733830451965332e-01,8.426807522773742676e-01,-4.109019339084625244e-01,-4.348941147327423096e-01,0.000000000000000000e+00,4.839852452278137207e-01,-1.007362246513366699e+00,1.155893564224243164e+00,-9.762437343597412109e-01,1.013498187065124512e+00,7.056744694709777832e-01,7.149361968040466309e-01,2.279821485280990601e-01,1.434431195259094238e+00,-1.017193555831909180e+00,1.137641072273254395e+00,-3.735055029392242432e-01,1.106323838233947754e+00,9.950829744338989258e-01,-4.892823696136474609e-01,5.673670768737792969e-01,7.234951108694076538e-02,-4.715681374073028564e-01,5.241267085075378418e-01,7.510771155357360840e-01,9.684117436408996582e-01,-1.758690714836120605e+00,-8.528923988342285156e-01,-1.691389203071594238e+00,-9.433637559413909912e-02,-2.429524898529052734e+00,-1.503941535949707031e+00,-1.845610499382019043e+00,-1.812927722930908203e+00,-4.216262996196746826e-01,5.072922706604003906e-01,-3.836279809474945068e-01,-1.108154892921447754e+00,2.971704006195068359e-01,-6.991185545921325684e-01,-6.024302244186401367e-01,1.828701615333557129e+00,-2.061346769332885742e+00,5.801244974136352539e-01,-1.283684015274047852e+00,-4.145868122577667236e-01,-4.660180956125259399e-02,2.107247114181518555e+00,2.737541794776916504e-01,-7.774643898010253906e-01,8.124806880950927734e-01,6.043950319290161133e-01,6.694717407226562500e-01,0.000000000000000000e+00,0.000000000000000000e+00
-6.787211894989013672e-01,-2.671505212783813477e-01,1.863954029977321625e-02,-6.429738551378250122e-02,-8.547866940498352051e-01,1.107363328337669373e-01,1.546799302101135254e+00,-7.919250130653381348e-01,4.839852452278137207e-01,0.000000000000000000e+00,2.786200761795043945e+00,6.246613860130310059e-01,8.581690192222595215e-01,-2.356053829193115234e+00,1.534473657608032227e+00,-2.109104394912719727e+00,-1.839406490325927734e-01,9.385019540786743164e-01,-1.720090031623840332e+00,2.282437235116958618e-01,1.142725825309753418e+00,4.669051989912986755e-02,8.429455161094665527e-01,-3.851132988929748535e-01,-1.925326704978942871e+00,-1.366528987884521484e+00,-8.728443980216979980e-01,1.038302898406982422e+00,4.292139410972595215e-01,2.502064704895019531e-01,2.625558078289031982e-01,-6.288166344165802002e-02,5.594387054443359375e-01,7.238008379936218262e-01,-1.332776069641113281e+00,-8.755493760108947754e-01,-1.443395018577575684e+00,-9.629572182893753052e-02,3.084693253040313721e-01,-6.311613321304321289e-01,1.341899514198303223e+00,-4.630115032196044922e-01,-1.727134227752685547e+00,-6.131041049957275391e-01,5.649546384811401367e-01,1.373023033142089844e+00,-2.350884974002838135e-01,2.696193754673004150e-01,-5.470079556107521057e-02,-5.778298377990722656e-01,7.574169039726257324e-01,-2.161658525466918945e+00,1.717582792043685913e-01,-1.071539044380187988e+00,-3.714433312416076660e-01,-2.643955051898956299e-01,6.686646938323974609e-01,0.000000000000000000e+00,0.000000000000000000e+00
-6.676265597343444824e-01,1.531810611486434937e-01,8.725031614303588867e-01,5.416130423545837402e-01,-2.519802153110504150e-01,1.022752299904823303e-01,1.192243218421936035e+00,1.776525735855102539e+00,-1.007362246513366699e+00,2.786200761795043945e+00,0.000000000000000000e+00,-5.220022201538085938e-01,1.796191096305847168e+00,8.527545332908630371e-01,2.060530632734298706e-01,2.280235439538955688e-01,4.958200454711914062e-01,-2.238277941942214966e-01,9.382745027542114258e-01,-2.742764353752136230e-01,-5.333102121949195862e-02,-1.356201320886611938e-01,6.098086237907409668e-01,6.490634679794311523e-01,6.755385398864746094e-01,-6.579176187515258789e-01,-1.138400793075561523e+00,1.208124086260795593e-01,-7.052813768386840820e-01,-1.142852306365966797e+00,-8.639210462570190430e-01,-8.230908513069152832e-01,-1.538634449243545532e-01,1.285747051239013672e+00,-1.651938319206237793e+00,7.621180266141891479e-02,9.248438477516174316e-01,-4.508532285690307617e-01,2.607183754444122314e-01,2.589523494243621826e-01,-1.482963323593139648e+00,-1.471397757530212402e+00,1.185131430625915527e+00,-1.793808460235595703e+00,4.527366161346435547e-01,7.159420251846313477e-01,1.867597997188568115e-01,-4.288268089294433594e-01,1.011886000633239746e+00,1.044601321220397949e+00,3.243160843849182129e-01,7.965548038482666016e-01,-1.636456400156021118e-01,1.474174141883850098e+00,-1.275520920753479004e-01,-1.502013206481933594e-01,-7.595450282096862793e-01,0.000000000000000000e+00,0.000000000000000000e+00
-5.625508427619934082e-01,7.289910316467285156e-01,-6.592605113983154297e-01,-8.918401002883911133e-01,-9.981518983840942383e-01,-1.159088015556335449e-01,-1.094296574592590332e+00,-3.771262243390083313e-02,1.155893564224243164e+00,6.246613860130310059e-01,-5.220022201538085938e-01,0.000000000000000000e+00,-4.102855324745178223e-01,5.719972848892211914e-01,1.965946793556213379e+00,2.542202472686767578e-01,2.134975910186767578e+00,-1.105857491493225098e-01,-7.617168426513671875e-01,5.304187536239624023e-01,2.343637943267822266e-01,-4.627508223056793213e-01,9.297433495521545410e-01,4.559333622455596924e-01,-1.543065309524536133e-01,-1.822578907012939453e-01,-2.943330407142639160e-01,3.130289912223815918e-01,1.025357127189636230e+00,-2.446213960647583008e-01,-4.821673929691314697e-01,-5.690625682473182678e-02,-2.046469002962112427e-01,-8.966581821441650391e-01,-4.991309940814971924e-01,-1.935490667819976807e-01,-7.169474363327026367e-01,1.454332768917083740e-01,-7.849032878875732422e-01,-6.682889461517333984e-01,2.391677796840667725e-01,2.577772922813892365e-02,-5.209445357322692871e-01,-7.883398234844207764e-02,-2.380359321832656860e-01,-7.379066348075866699e-01,1.613673865795135498e-01,-2.347645908594131470e-01,-2.997789382934570312e-01,-5.241284966468811035e-01,7.908823490142822266e-01,-7.665681242942810059e-01,-6.411519050598144531e-01,4.241788759827613831e-02,-1.086800843477249146e-01,-2.440659403800964355e-01,4.516398012638092041e-01,0.000000000000000000e+00,0.000000000000000000e+00
-3.682656884193420410e-01,6.283981353044509888e-02,6.571628898382186890e-02,-1.183037877082824707e+00,-8.015416562557220459e-02,1.284701228141784668e-01,2.117427736520767212e-01,4.085176885128021240e-01,-9.762437343597412109e-01,8.581690192222595215e-01,1.796191096305847168e+00,-4.102855324745178223e-01,0.000000000000000000e+00,2.048051118850708008e+00,2.827990770339965820e+00,4.153142273426055908e-01,2.255655974149703979e-01,2.126474380493164062e+00,6.662804484367370605e-01,-3.814657330513000488e-01,-1.187536597251892090e+00,1.600583910942077637e+00,7.971680164337158203e-01,-2.112896740436553955e-01,2.146597355604171753e-01,2.469801604747772217e-01,-1.619086503982543945e+00,2.825519144535064697e-01,-7.232276201248168945e-01,3.324123322963714600e-01,-2.268607728183269501e-02,4.628322720527648926e-01,6.919293999671936035e-01,-1.909928798675537109e+00,-3.534916341304779053e-01,-7.291330099105834961e-01,1.069307208061218262e+00,-1.212035536766052246e+00,2.676031589508056641e-01,-1.651905626058578491e-01,7.448401302099227905e-02,-1.605498433113098145e+00,-7.535099983215332031e-01,-2.215054184198379517e-01,-1.197953820228576660e+00,1.587576746940612793e+00,9.382199048995971680e-01,-1.329517006874084473e+00,-1.060729175806045532e-01,9.708824753761291504e-01,-1.108919143676757812e+00,1.652010232210159302e-01,8.632382005453109741e-02,4.095467329025268555e-01,1.347880810499191284e-01,-1.487980127334594727e+00,-4.011315703392028809e-01,0.000000000000000000e+00,0.000000000000000000e+00
9.421172738075256348e-02,8.398870378732681274e-02,7.187557220458984375e-01,-2.807390689849853516e-01,6.563067436218261719e-01,7.719784975051879883e-01,5.754801630973815918e-01,1.202365279197692871e+00,1.013498187065124512e+00,-2.356053829193115234e+00,8.527545332908630371e-01,5.719972848892211914e-01,2.048051118850708008e+00,0.000000000000000000e+00,1.863278031349182129e+00,2.057945728302001953e+00,7.023958563804626465e-01,2.644637525081634521e-01,1.493619829416275024e-01,4.782545864582061768e-01,-6.615005731582641602e-01,5.575776100158691406e-01,-6.911710500717163086e-01,-1.417932033538818359e+00,1.772833056747913361e-03,6.300904601812362671e-02,7.036877870559692383e-01,-1.342561483383178711e+00,-3.128220140933990479e-01,3.513912558555603027e-01,1.162275195121765137e+00,-1.642429530620574951e-01,-2.121426105499267578e+00,2.932967245578765869e-01,-4.832096099853515625e-01,-6.637119650840759277e-01,2.082639932632446289e-01,-1.024662926793098450e-01,7.913891077041625977e-01,3.768714517354965210e-02,-1.569268852472305298e-01,-1.165259480476379395e+00,6.871418356895446777e-01,-4.314976632595062256e-01,2.963160574436187744e-01,-1.851346373558044434e+00,-1.523349046707153320e+00,3.266052603721618652e-01,5.856404304504394531e-01,-1.372756063938140869e-01,-1.227179408073425293e+00,-9.124540090560913086e-01,-2.276555150747299194e-01,-5.249073505401611328e-01,-1.861952431499958038e-02,5.522632002830505371e-01,-5.210227519273757935e-02,0.000000000000000000e+00,0.000000000000000000e+00
-2.324058115482330322e-01,-1.759362339973449707e+00,-7.031096220016479492e-01,4.680415689945220947e-01,-3.479638695716857910e-01,2.639502763748168945e+00,-3.680459782481193542e-02,1.005569338798522949e+00,7.056744694709777832e-01,1.534473657608032227e+00,2.060530632734298706e-01,1.965946793556213379e+00,2.827990770339965820e+00,1.863278031349182129e+00,0.000000000000000000e+00,1.633432030677795410e+00,2.604927420616149902e-01,1.172374963760375977e+00,1.240023255348205566e+00,-3.311690390110015869e-01,-1.241650938987731934e+00,9.078679680824279785e-01,2.667661011219024658e-01,-1.166184782981872559e+00,1.065370798110961914e+00,-1.016680836677551270e+00,-6.653351187705993652e-01,-1.145805597305297852e+00,-1.374850034713745117e+00,-2.912004590034484863e-01,-1.816960573196411133e-01,-3.009949438273906708e-02,-5.492007255554199219e+00,-3.200689554214477539e+00,-1.736826419830322266e+00,4.007262289524078369e-01,-1.102446079254150391e+00,-3.586499989032745361e-01,4.202210307121276855e-01,-6.781862378120422363e-01,-4.190864562988281250e-01,-1.564241528511047363e+00,5.443561673164367676e-01,2.814905941486358643e-01,1.047390848398208618e-01,-1.152564436197280884e-01,-1.082630515098571777e+00,-5.842760801315307617e-01,-1.764672398567199707e+00,3.291045874357223511e-02,-1.172557830810546875e+00,1.681784868240356445e+00,-4.554325044155120850e-01,5.545005202293395996e-01,-7.993821501731872559e-01,-5.601642727851867676e-01,-6.634544581174850464e-02,0.000000000000000000e+00,0.000000000000000000e+00
-4.331572055816650391e-01,-5.313458442687988281e-01,6.115337014198303223e-01,7.446599602699279785e-01,-1.697270423173904419e-01,4.578867852687835693e-01,3.368564695119857788e-02,-9.227875620126724243e-02,7.149361968040466309e-01,-2.109104394912719727e+00,2.280235439538955688e-01,2.542202472686767578e-01,4.153142273426055908e-01,2.057945728302001953e+00,1.633432030677795410e+00,0.000000000000000000e+00,1.598878383636474609e+00,2.642435312271118164e+00,3.973457217216491699e-01,8.278452605009078979e-02,2.325937002897262573e-01,9.018743634223937988e-01,-4.049988687038421631e-01,-1.632353067398071289e-01,-4.151304438710212708e-02,7.193234749138355255e-03,-7.965252399444580078e-01,2.133950591087341309e-01,-6.691546738147735596e-02,4.308107197284698486e-01,-7.983608245849609375e-01,4.396662414073944092e-01,-1.370192050933837891e+00,-9.346246719360351562e-02,-1.297138780355453491e-01,1.015578150749206543e+00,1.138171553611755371e+00,-1.960325479507446289e+00,5.917204618453979492e-01,5.822962522506713867e-01,-1.913404092192649841e-03,-2.167228162288665771e-01,-5.589523911476135254e-01,2.338133454322814941e-01,-2.242981195449829102e+00,1.245438218116760254e+00,-8.881138563156127930e-01,-1.220245480537414551e+00,-3.249830007553100586e-02,-5.114239081740379333e-02,-5.331004858016967773e-01,-1.152496576309204102e+00,2.302058041095733643e-01,1.204222202301025391e+00,-1.443505585193634033e-01,-2.095723450183868408e-01,-7.035012543201446533e-02,0.000000000000000000e+00,0.000000000000000000e+00
2.770510017871856689e-01,-1.471211671829223633e+00,-3.622002154588699341e-02,-4.486800730228424072e-01,6.919844746589660645e-01,6.325015425682067871e-02,-6.649152040481567383e-01,-1.402003020048141479e-01,2.279821485280990601e-01,-1.839406490325927734e-01,4.958200454711914062e-01,2.134975910186767578e+00,2.255655974149703979e-01,7.023958563804626465e-01,2.604927420616149902e-01,1.598878383636474609e+00,0.000000000000000000e+00,1.563113741576671600e-02,6.754871457815170288e-02,1.520432949066162109e+00,9.756086766719818115e-02,1.132807135581970215e+00,-6.264478564262390137e-01,8.791377395391464233e-02,5.711898207664489746e-01,-1.854473501443862915e-01,-1.232475161552429199e+00,1.864208877086639404e-01,-3.018929660320281982e-01,7.827351689338684082e-01,6.378104686737060547e-01,-2.313281036913394928e-02,-5.657857656478881836e-01,-2.366666316986083984e+00,-8.688988089561462402e-01,5.528072714805603027e-01,-1.445215106010437012e+00,-1.469953894615173340e+00,-1.099900245666503906e+00,-1.289000213146209717e-01,9.494551420211791992e-01,3.338753879070281982e-01,1.910160481929779053e-01,-1.382865786552429199e+00,-7.724648118019104004e-01,-8.724749684333801270e-01,9.117452502250671387e-01,-5.365856736898422241e-02,1.984244734048843384e-01,-5.019847154617309570e-01,-5.986980795860290527e-01,2.365064918994903564e-01,-2.767198085784912109e-01,2.690084278583526611e-01,-1.774584501981735229e-01,1.233622506260871887e-01,-2.566063404083251953e-01,0.000000000000000000e+00,0.000000000000000000e+00
-6.946603059768676758e-01,-1.549933791160583496e+00,-1.234174370765686035e+00,-2.243732511997222900e-01,-1.474964857101440430e+00,1.060608625411987305e+00,4.112836122512817383e-01,7.552564740180969238e-01,1.434431195259094238e+00,9.385019540786743164e-01,-2.238277941942214966e-01,-1.105857491493225098e-01,2.126474380493164062e+00,2.644637525081634521e-01,1.172374963760375977e+00,2.642435312271118164e+00,1.563113741576671600e-02,0.000000000000000000e+00,3.490403413772583008e+00,8.688797354698181152e-01,-8.051719516515731812e-02,1.861557483673095703e+00,2.425505816936492920e-01,9.390665292739868164e-01,7.491577863693237305e-01,1.210157632827758789e+00,-1.254168152809143066e+00,-1.505734920501708984e+00,-1.704365015029907227e+00,2.010757476091384888e-02,-1.307688504457473755e-01,4.176825657486915588e-02,-1.981319308280944824e+00,-1.689045429229736328e+00,2.357758879661560059e-01,-6.595957875251770020e-01,1.483502332121133804e-03,-1.702278494834899902e+00,-9.127219915390014648e-01,-7.999671697616577148e-01,-6.144265532493591309e-01,-3.072883486747741699e-01,-7.416115403175354004e-01,-2.547852694988250732e-01,-1.635129809379577637e+00,1.863700151443481445e+00,-7.482283711433410645e-01,7.610548734664916992e-01,-1.489871293306350708e-01,1.029147624969482422e+00,-1.198512434959411621e+00,-6.490461230278015137e-01,-2.539604902267456055e-02,-2.781673669815063477e-01,-5.007923841476440430e-01,-3.629776835441589355e-01,-2.011535465717315674e-01,0.000000000000000000e+00,0.000000000000000000e+00
-1.788427829742431641e-01,-2.582276761531829834e-01,7.392718642950057983e-02,-1.049388885498046875e+00,-1.075394034385681152e+00,5.175412297248840332e-01,4.450011253356933594e-01,1.503109484910964966e-01,-1.017193555831909180e+00,-1.720090031623840332e+00,9.382745027542114258e-01,-7.617168426513671875e-01,6.662804484367370605e-01,1.493619829416275024e-01,1.240023255348205566e+00,3.973457217216491699e-01,6.754871457815170288e-02,3.490403413772583008e+00,0.000000000000000000e+00,-6.660611629486083984e-01,5.319904685020446777e-01,1.258215665817260742e+00,-4.991309940814971924e-01,-1.885244369506835938e+00,8.422231078147888184e-01,5.799352191388607025e-03,4.447959363460540771e-01,-6.761336326599121094e-01,9.396306276321411133e-01,4.277704656124114990e-01,-5.752941370010375977e-01,-1.683095097541809082e-01,2.938553988933563232e-01,-1.141032099723815918e+00,9.689918160438537598e-01,1.447007060050964355e+00,8.902297019958496094e-01,3.642096221446990967e-01,1.459235906600952148e+00,1.156447172164916992e+00,4.105516672134399414e-01,-2.499244213104248047e-01,6.246818900108337402e-01,6.140116453170776367e-01,-8.645966053009033203e-01,1.808812856674194336e+00,-1.061792373657226562e+00,-1.236103653907775879e+00,1.027506217360496521e-01,-2.104014873504638672e+00,2.484764009714126587e-01,-1.308163881301879883e+00,-5.925375223159790039e-01,-8.571149408817291260e-02,-1.384018540382385254e+00,3.862883746623992920e-01,-2.332387715578079224e-01,0.000000000000000000e+00,0.000000000000000000e+00
-2.749797403812408447e-01,-2.558288574218750000e-01,-8.616560101509094238e-01,-7.245401144027709961e-01,-3.149433135986328125e-01,-6.282916665077209473e-01,-1.438419520854949951e-02,-8.771898150444030762e-01,1.137641072273254395e+00,2.282437235116958618e-01,-2.742764353752136230e-01,5.304187536239624023e-01,-3.814657330513000488e-01,4.782545864582061768e-01,-3.311690390110015869e-01,8.278452605009078979e-02,1.520432949066162109e+00,8.688797354698181152e-01,-6.660611629486083984e-01,0.000000000000000000e+00,1.328351497650146484e+00,3.181880474090576172e+00,3.369652032852172852e-01,4.793227612972259521e-01,7.656878232955932617e-01,-2.200933396816253662e-01,2.647030353546142578e-01,-5.691444873809814453e-02,5.317634716629981995e-02,-3.707022666931152344e-01,3.826398849487304688e-01,2.851386070251464844e-01,1.405255645513534546e-01,-6.114094853401184082e-01,2.057973891496658325e-01,-2.377984672784805298e-01,-8.466413021087646484e-01,-2.006467580795288086e-01,-1.104656934738159180e+00,-1.117165088653564453e+00,1.010496690869331360e-01,-2.529423832893371582e-01,-6.672826409339904785e-01,4.781508818268775940e-02,-4.114078283309936523e-01,-1.169711828231811523e+00,7.161799818277359009e-02,-4.187880158424377441e-01,-1.395715922117233276e-01,-6.005459427833557129e-01,-3.154446482658386230e-01,-1.777088403701782227e+00,-1.667809247970581055e+00,-6.274746265262365341e-03,-9.255285263061523438e-01,4.979750216007232666e-01,6.355367898941040039e-01,0.000000000000000000e+00,0.000000000000000000e+00
3.566656410694122314e-01,-7.985937595367431641e-01,-2.899312078952789307e-01,-9.812501668930053711e-01,-1.159283593297004700e-01,-8.868800997734069824e-01,5.730431526899337769e-02,-1.047927737236022949e+00,-3.735055029392242432e-01,1.142725825309753418e+00,-5.333102121949195862e-02,2.343637943267822266e-01,-1.187536597251892090e+00,-6.615005731582641602e-01,-1.241650938987731934e+00,2.325937002897262573e-01,9.756086766719818115e-02,-8.051719516515731812e-02,5.319904685020446777e-01,1.328351497650146484e+00,0.000000000000000000e+00,-9.263960123062133789e-01,1.298199653625488281e+00,7.975701689720153809e-01,9.631928801536560059e-01,-1.926156044006347656e+00,6.852593421936035156e-01,1.123236894607543945e+00,-2.170662768185138702e-02,8.454253077507019043e-01,1.653960943222045898e+00,-5.895504951477050781e-01,3.751245513558387756e-02,2.108560323715209961e+00,2.612055838108062744e-01,1.075373172760009766e+00,1.266450166702270508e+00,7.530009746551513672e-01,-1.452364325523376465e+00,-1.471333205699920654e-01,-1.615784764289855957e-01,9.319775104522705078e-01,-4.089890047907829285e-02,-1.956894278526306152e+00,8.684334158897399902e-02,2.980857193470001221e-01,-3.101989328861236572e-01,1.816551201045513153e-02,-9.604415297508239746e-02,-5.156092047691345215e-01,-1.036465048789978027e+00,-5.923309326171875000e-01,-8.555704951286315918e-01,-1.086584210395812988e+00,8.680790662765502930e-01,1.711059212684631348e-01,-5.032507777214050293e-01,0.000000000000000000e+00,0.000000000000000000e+00
-1.273340821266174316e+00,-2.586237907409667969e+00,-2.005516529083251953e+00,-1.314174771308898926e+00,-1.323783636093139648e+00,5.161537528038024902e-01,-6.547918319702148438e-01,3.306686282157897949e-01,1.106323838233947754e+00,4.669051989912986755e-02,-1.356201320886611938e-01,-4.627508223056793213e-01,1.600583910942077637e+00,5.575776100158691406e-01,9.078679680824279785e-01,9.018743634223937988e-01,1.132807135581970215e+00,1.861557483673095703e+00,1.258215665817260742e+00,3.181880474090576172e+00,-9.263960123062133789e-01,0.000000000000000000e+00,1.788968324661254883e+00,-5.421443581581115723e-01,5.252431035041809082e-01,-5.111245512962341309e-01,-1.482053875923156738e+00,-8.562187850475311279e-02,1.145872473716735840e-01,9.709188342094421387e-01,4.920073449611663818e-01,2.156993865966796875e+00,-1.624983668327331543e+00,1.236893385648727417e-01,-3.082806110382080078e+00,-1.906557530164718628e-01,-1.601736664772033691e+00,-2.010244607925415039e+00,8.096911311149597168e-01,-4.820823073387145996e-01,2.969324775040149689e-02,6.939388066530227661e-02,-3.676215410232543945e-01,6.699061989784240723e-01,-9.237825274467468262e-01,1.692211270332336426e+00,-6.645089983940124512e-01,7.644154131412506104e-02,-2.919055894017219543e-02,5.718922019004821777e-01,1.625747531652450562e-01,1.060685992240905762e+00,2.018150091171264648e-01,-3.795737028121948242e-02,-3.149329900741577148e+00,-2.402108192443847656e+00,-1.002243876457214355e+00,0.000000000000000000e+00,0.000000000000000000e+00
7.335848808288574219e-01,-1.633961200714111328e+00,-1.534970045089721680e+00,-1.568642020225524902e+00,3.763573942705988884e-03,9.633998870849609375e-01,-1.034471094608306885e-01,1.194126158952713013e-02,9.950829744338989258e-01,8.429455161094665527e-01,6.098086237907409668e-01,9.297433495521545410e-01,7.971680164337158203e-01,-6.911710500717163086e-01,2.667661011219024658e-01,-4.049988687038421631e-01,-6.264478564262390137e-01,2.425505816936492920e-01,-4.991309940814971924e-01,3.369652032852172852e-01,1.298199653625488281e+00,1.788968324661254883e+00,0.000000000000000000e+00,1.157273292541503906e+00,8.082690238952636719e-01,6.061528921127319336e-01,-3.788663148880004883e-01,2.099667549133300781e+00,1.114835381507873535e+00,1.530051350593566895e+00,8.735240101814270020e-01,8.362258672714233398e-01,-1.279252171516418457e+00,-2.760840415954589844e+00,6.742147207260131836e-01,-1.691456586122512817e-01,3.122820258140563965e-01,5.164012312889099121e-01,1.540808975696563721e-01,5.468177795410156250e-01,3.934556543827056885e-01,9.332617521286010742e-01,-2.475588798522949219e+00,4.249654114246368408e-01,3.890451788902282715e-01,2.909311354160308838e-01,-5.363804697990417480e-01,-8.312025666236877441e-01,-7.803463339805603027e-01,-9.839423894882202148e-01,-1.043091863393783569e-01,-4.107581973075866699e-01,-4.892964661121368408e-02,-1.154568791389465332e+00,-1.416622400283813477e+00,-1.125492006540298462e-01,-4.299004077911376953e-01,0.000000000000000000e+00,0.000000000000000000e+00
8.013051003217697144e-02,-2.951177954673767090e-01,-4.330698549747467041e-01,-8.027517050504684448e-02,-8.852114677429199219e-01,-8.873095512390136719e-01,-1.174786925315856934e+00,9.745577722787857056e-02,-4.892823696136474609e-01,-3.851132988929748535e-01,6.490634679794311523e-01,4.559333622455596924e-01,-2.112896740436553955e-01,-1.417932033538818359e+00,-1.166184782981872559e+00,-1.632353067398071289e-01,8.791377395391464233e-02,9.390665292739868164e-01,-1.885244369506835938e+00,4.793227612972259521e-01,7.975701689720153809e-01,-5.421443581581115723e-01,1.157273292541503906e+00,0.000000000000000000e+00,7.598343491554260254e-01,1.250663399696350098e+00,3.197225093841552734e+00,-1.461289882659912109e+00,-1.294018030166625977e-01,1.581698298454284668e+00,5.943426489830017090e-01,2.712984561920166016e+00,1.872825063765048981e-02,1.042954444885253906e+00,-9.995466470718383789e-02,4.256537258625030518e-01,-1.675975471735000610e-01,-2.734971344470977783e-01,-1.688999772071838379e+00,-5.493776202201843262e-01,8.328721523284912109e-01,-4.339624345302581787e-01,3.078761100769042969e-01,6.022864580154418945e-01,-1.475662231445312500e+00,-1.856504678726196289e+00,-3.082973659038543701e-01,-6.455528140068054199e-01,8.937089443206787109e-01,-1.506631970405578613e+00,-3.165596723556518555e-01,-1.680902838706970215e+00,9.036990255117416382e-02,-1.057553887367248535e+00,-7.859196066856384277e-01,8.055973052978515625e-01,6.886585354804992676e-01,0.000000000000000000e+00,0.000000000000000000e+00
-1.668490648269653320e+00,-3.822918534278869629e-01,-8.980989456176757812e-02,-3.879547417163848877e-01,1.613519191741943359e-01,1.002874016761779785e+00,3.551975786685943604e-01,1.192194581031799316e+00,5.673670768737792969e-01,-1.925326704978942871e+00,6.755385398864746094e-01,-1.543065309524536133e-01,2.146597355604171753e-01,1.772833056747913361e-03,1.065370798110961914e+00,-4.151304438710212708e-02,5.711898207664489746e-01,7.491577863693237305e-01,8.422231078147888184e-01,7.656878232955932617e-01,9.631928801536560059e-01,5.252431035041809082e-01,8.082690238952636719e-01,7.598343491554260254e-01,0.000000000000000000e+00,2.116083145141601562e+00,4.668069183826446533e-01,5.975803136825561523e-01,-2.824955284595489502e-01,8.896000981330871582e-01,-5.661237984895706177e-02,-5.586125850677490234e-01,-7.846280932426452637e-01,6.199592947959899902e-01,-5.116400122642517090e-01,2.428731322288513184e-01,-9.704589098691940308e-02,-1.517396330833435059e+00,3.147754371166229248e-01,-4.150185286998748779e-01,-3.663572967052459717e-01,1.038723707199096680e+00,1.339419335126876831e-01,1.687999606132507324e+00,1.606781780719757080e-01,-4.437701106071472168e-01,2.106209397315979004e-01,-1.609714746475219727e+00,5.874500870704650879e-01,4.064204990863800049e-01,-3.264182806015014648e-01,-1.016287326812744141e+00,1.306992471218109131e-01,4.158583283424377441e-02,-1.110224798321723938e-01,-8.202134966850280762e-01,-3.120918571949005127e-01,0.000000000000000000e+00,0.000000000000000000e+00
-4.375808686017990112e-02,-2.530975043773651123e-01,-1.798563450574874878e-01,1.115258932113647461e+00,6.048640608787536621e-01,2.302713245153427124e-01,-1.749695688486099243e-01,-8.163384795188903809e-01,7.234951108694076538e-02,-1.366528987884521484e+00,-6.579176187515258789e-01,-1.822578907012939453e-01,2.469801604747772217e-01,6.300904601812362671e-02,-1.016680836677551270e+00,7.193234749138355255e-03,-1.854473501443862915e-01,1.210157632827758789e+00,5.799352191388607025e-03,-2.200933396816253662e-01,-1.926156044006347656e+00,-5.111245512962341309e-01,6.061528921127319336e-01,1.250663399696350098e+00,2.116083145141601562e+00,0.000000000000000000e+00,2.413681983947753906e+00,4.641447067260742188e-01,7.744637727737426758e-01,3.264319300651550293e-01,-8.470298051834106445e-01,9.692410826683044434e-01,2.414282858371734619e-01,-1.824193820357322693e-02,-1.017704486846923828e+00,7.086691856384277344e-01,1.091223120689392090e+00,-1.731112360954284668e+00,9.328900575637817383e-01,6.399590969085693359e-01,4.225074648857116699e-01,3.543227612972259521e-01,8.764023184776306152e-01,2.144918739795684814e-01,7.286694049835205078e-01,-1.474816560745239258e+00,6.664159893989562988e-01,3.909831494092941284e-02,4.588312208652496338e-01,3.627083599567413330e-01,-1.009610056877136230e+00,-5.083763599395751953e-01,1.133404850959777832e+00,-7.858331315219402313e-03,-6.007151603698730469e-01,4.050107002258300781e-01,-1.138088777661323547e-01,0.000000000000000000e+00,0.000000000000000000e+00
