0.000000000000000000e+00,2.670228958129882812e+00,1.269077777862548828e+00,4.718354716897010803e-02,9.075965881347656250e-01,-3.818089514970779419e-02,-2.564520537853240967e-01,1.709906309843063354e-01,-5.642338395118713379e-01,-7.612123489379882812e-01,-8.483722209930419922e-01,-3.350479006767272949e-01,-7.521944642066955566e-01,-1.953564137220382690e-01,1.671241372823715210e-01,-4.101018607616424561e-01,-3.423404321074485779e-02,-6.940471529960632324e-01,7.395847886800765991e-02,-4.894753098487854004e-01,1.032085642218589783e-01,-1.044178009033203125e+00,7.266151309013366699e-01,2.301269769668579102e-01,-1.642651319503784180e+00,1.202023476362228394e-01,-8.925845026969909668e-01,1.306807398796081543e-01,5.131276845932006836e-01,3.133687004446983337e-02,1.213401079177856445e+00,7.796648144721984863e-01,-2.324957251548767090e-01,6.591980457305908203e-01,8.469530344009399414e-01,-1.687105655670166016e+00,-1.930384188890457153e-01,9.121558070182800293e-01,1.910912543535232544e-01,-2.155526727437973022e-02,-3.616571724414825439e-01,-7.603162527084350586e-01,9.099765419960021973e-01,-2.923939526081085205e-01,-1.945433467626571655e-01,-4.654412865638732910e-01,-9.346485137939453125e-01,-1.626620531082153320e+00,4.920272231101989746e-01,-9.326353669166564941e-02,-6.682667136192321777e-01,-6.540973670780658722e-03,-1.428330659866333008e+00,-5.017141103744506836e-01,-1.526481658220291138e-01,1.334489703178405762e+00,-1.116890683770179749e-01,0.000000000000000000e+00,0.000000000000000000e+00
2.670228958129882812e+00,0.000000000000000000e+00,1.467704415321350098e+00,1.379462599754333496e+00,1.490026950836181641e+00,1.662401258945465088e-01,6.094222068786621094e-01,-3.682533502578735352e-01,-1.097098946571350098e+00,-3.728229403495788574e-01,3.180972039699554443e-01,3.933195471763610840e-01,2.573387622833251953e-01,-5.256843566894531250e-02,-1.384426355361938477e+00,-1.126300990581512451e-01,-9.904081821441650391e-01,-1.281493902206420898e+00,-1.008241064846515656e-02,-3.765803277492523193e-01,-5.503419637680053711e-01,-1.702673316001892090e+00,-1.967533946037292480e+00,-4.626698493957519531e-01,-3.940742313861846924e-01,-3.411547243595123291e-01,-3.762498795986175537e-01,1.120734691619873047e+00,-1.748643070459365845e-01,-6.635260581970214844e-01,1.858581043779850006e-02,-7.984033226966857910e-01,2.332404136657714844e+00,9.936883449554443359e-01,8.489513993263244629e-01,-8.215550780296325684e-01,-7.783493995666503906e-01,1.141940236091613770e+00,-4.315031170845031738e-01,9.829692840576171875e-01,-1.057335019111633301e+00,-3.153845667839050293e-02,-7.749677449464797974e-02,3.120734393596649170e-01,1.417383104562759399e-01,-2.118158578872680664e+00,1.753289848566055298e-01,-1.838932394981384277e+00,-7.209078967571258545e-02,4.748228788375854492e-01,4.293184578418731689e-01,-2.020046710968017578e+00,-5.800693035125732422e-01,-8.858801126480102539e-01,1.010019898414611816e+00,1.406144618988037109e+00,2.571474909782409668e-01,0.000000000000000000e+00,0.000000000000000000e+00
1.269077777862548828e+00,1.467704415321350098e+00,0.000000000000000000e+00,1.921478509902954102e+00,4.456589818000793457e-01,5.365582704544067383e-01,4.431411921977996826e-01,6.017220020294189453e-01,4.407401382923126221e-02,-2.487778961658477783e-01,1.200620889663696289e+00,-3.696586191654205322e-01,1.156520843505859375e-01,8.317717313766479492e-01,-5.666573643684387207e-01,3.539924323558807373e-01,5.041394233703613281e-01,-1.007745862007141113e+00,7.490759342908859253e-02,-7.701202630996704102e-01,-5.872204303741455078e-01,-1.632062077522277832e+00,-1.591274023056030273e+00,-7.694544792175292969e-01,-1.029827371239662170e-01,-3.281365334987640381e-01,-1.165064573287963867e+00,-1.050739645957946777e+00,3.259451389312744141e-01,-1.119943615049123764e-02,6.824005842208862305e-01,4.585784077644348145e-01,9.094606637954711914e-01,-3.230353891849517822e-01,4.751573503017425537e-01,1.406127512454986572e-01,-3.531356573104858398e+00,4.400029182434082031e-01,8.721894025802612305e-01,4.500238299369812012e-01,1.057366013526916504e+00,2.115523815155029297e-02,4.743079245090484619e-01,-3.844201564788818359e-01,-5.486758351325988770e-01,-9.893351793289184570e-01,5.472275018692016602e-01,-9.183897078037261963e-02,6.882164478302001953e-01,-1.482756882905960083e-01,-6.431026458740234375e-01,-1.280322551727294922e+00,5.587887763977050781e-01,-6.006323695182800293e-01,4.828158020973205566e-01,6.374946236610412598e-02,-2.278947234153747559e-01,0.000000000000000000e+00,0.000000000000000000e+00
4.718354716897010803e-02,1.379462599754333496e+00,1.921478509902954102e+00,0.000000000000000000e+00,2.552073001861572266e+00,2.182872772216796875e+00,2.202205181121826172e+00,1.329421758651733398e+00,-2.347558140754699707e-01,6.869472265243530273e-01,5.812738537788391113e-01,-1.308908104896545410e+00,-6.018764376640319824e-01,-2.189477384090423584e-01,8.400677144527435303e-02,7.629368305206298828e-01,-1.015661597251892090e+00,1.080542430281639099e-01,-1.424312353134155273e+00,-8.583684563636779785e-01,-7.441795468330383301e-01,-7.970784306526184082e-01,-1.606963992118835449e+00,7.058226317167282104e-02,1.657803915441036224e-02,8.163192272186279297e-01,-7.063192129135131836e-01,-4.446039199829101562e-01,-7.953709959983825684e-01,-1.152453184127807617e+00,-9.181109070777893066e-01,-2.140329182147979736e-01,1.175583004951477051e+00,1.104515433311462402e+00,1.379650235176086426e+00,-3.197565972805023193e-01,-1.410424113273620605e-01,-4.418670386075973511e-02,1.868696361780166626e-01,1.093560218811035156e+00,-1.342851281166076660e+00,3.596525192260742188e-01,-2.547998726367950439e-01,-1.195466279983520508e+00,-2.546377778053283691e-01,3.471600711345672607e-01,-3.727542459964752197e-01,1.350334584712982178e-01,-5.766701698303222656e-01,2.579188048839569092e-01,-1.726001262664794922e+00,-1.772819995880126953e+00,-1.017409443855285645e+00,8.053541779518127441e-01,-2.640620172023773193e-01,-7.820609807968139648e-01,-3.448950499296188354e-02,0.000000000000000000e+00,0.000000000000000000e+00
9.075965881347656250e-01,1.490026950836181641e+00,4.456589818000793457e-01,2.552073001861572266e+00,0.000000000000000000e+00,1.083495736122131348e+00,2.937433242797851562e+00,2.141844511032104492e+00,5.145342946052551270e-01,-3.297730088233947754e-01,-3.179993331432342529e-01,-1.521696925163269043e+00,-6.990005970001220703e-01,4.200419485569000244e-01,-8.267496228218078613e-01,-3.260362744331359863e-01,5.388754010200500488e-01,-1.494605064392089844e+00,-8.192631006240844727e-01,-2.639187872409820557e-01,-2.413829863071441650e-01,-1.402194976806640625e+00,-1.675421297550201416e-01,-8.649542927742004395e-01,6.487412005662918091e-02,3.637506961822509766e-01,1.784460067749023438e+00,3.565995693206787109e-01,-9.179852008819580078e-01,7.769930362701416016e-01,3.292104601860046387e-01,-4.829226434230804443e-01,5.526761524379253387e-04,2.174926549196243286e-01,4.519234001636505127e-01,-7.290799617767333984e-01,2.394380718469619751e-01,6.462853401899337769e-02,4.599863588809967041e-01,-1.212227463722229004e+00,5.921132490038871765e-02,5.743607282638549805e-01,-1.086857080459594727e+00,5.159898400306701660e-01,3.813627064228057861e-01,4.835081100463867188e-01,1.758937835693359375e-01,-4.186671972274780273e-01,-1.175583899021148682e-01,4.364206492900848389e-01,-2.153537720441818237e-01,-4.606562256813049316e-01,-2.605101823806762695e+00,-8.967230916023254395e-01,7.055685520172119141e-01,-3.037933588027954102e+00,-5.496496558189392090e-01,0.000000000000000000e+00,0.000000000000000000e+00
-3.818089514970779419e-02,1.662401258945465088e-01,5.365582704544067383e-01,2.182872772216796875e+00,1.083495736122131348e+00,0.000000000000000000e+00,2.674343109130859375e+00,1.878448247909545898e+00,7.670888900756835938e-01,-3.535142838954925537e-01,5.132004022598266602e-01,-7.809901833534240723e-01,3.728166520595550537e-01,9.051272869110107422e-01,2.741901636123657227e+00,2.813615500926971436e-01,-2.312606126070022583e-01,9.816107153892517090e-01,2.412285357713699341e-01,-3.905346095561981201e-01,-9.503577947616577148e-01,9.203646779060363770e-01,1.100907921791076660e+00,-7.852562665939331055e-01,1.025497078895568848e+00,6.879268586635589600e-02,-1.465205907821655273e+00,2.739850282669067383e-01,-1.320262849330902100e-01,-1.842353105545043945e+00,-1.684208393096923828e+00,-5.985531806945800781e-01,-2.953486680984497070e+00,-9.211238622665405273e-01,9.990409016609191895e-01,-8.326328545808792114e-02,5.776965022087097168e-01,8.259935379028320312e-01,5.619113445281982422e-01,-7.486790418624877930e-01,-6.631453633308410645e-01,-1.810604780912399292e-01,-1.218856930732727051e+00,-4.392113983631134033e-01,-1.065839767456054688e+00,2.660666406154632568e-01,2.875379621982574463e-01,3.989562988281250000e-01,-8.751323223114013672e-01,6.512607932090759277e-01,-2.546141624450683594e+00,-1.357262969017028809e+00,-9.401793479919433594e-01,5.983569622039794922e-01,-1.762048482894897461e+00,-1.719600558280944824e+00,-8.480085730552673340e-01,0.000000000000000000e+00,0.000000000000000000e+00
-2.564520537853240967e-01,6.094222068786621094e-01,4.431411921977996826e-01,2.202205181121826172e+00,2.937433242797851562e+00,2.674343109130859375e+00,0.000000000000000000e+00,2.753566741943359375e+00,-6.793861985206604004e-01,1.662617206573486328e+00,1.482237815856933594e+00,-1.187601804733276367e+00,5.413918495178222656e-01,3.071595132350921631e-01,-9.235123544931411743e-02,-3.681007027626037598e-01,-5.817228555679321289e-01,5.568075180053710938e-01,7.375321388244628906e-01,-1.967962533235549927e-01,7.957683503627777100e-02,-5.506068468093872070e-01,1.163542643189430237e-01,-9.385998845100402832e-01,3.926806449890136719e-01,6.870379298925399780e-02,3.599053025245666504e-01,-6.572490930557250977e-02,-1.339477300643920898e+00,1.247548535466194153e-01,-6.318080425262451172e-01,-1.768548965454101562e+00,2.602754235267639160e-01,-2.892723083496093750e-01,6.768764853477478027e-01,-1.497595161199569702e-01,-5.430669188499450684e-01,-5.239163041114807129e-01,-1.649632692337036133e+00,2.255619019269943237e-01,8.617559075355529785e-01,-1.644717931747436523e+00,2.119959741830825806e-01,3.233581781387329102e-02,4.474050104618072510e-01,-8.869899511337280273e-01,-7.804568409919738770e-01,3.434390425682067871e-01,-3.722302913665771484e-01,4.290522336959838867e-01,5.644300580024719238e-01,-1.206526994705200195e+00,-9.695227742195129395e-01,-1.249281540513038635e-01,-8.082773685455322266e-01,-2.925580501556396484e+00,-1.739726513624191284e-01,0.000000000000000000e+00,0.000000000000000000e+00
1.709906309843063354e-01,-3.682533502578735352e-01,6.017220020294189453e-01,1.329421758651733398e+00,2.141844511032104492e+00,1.878448247909545898e+00,2.753566741943359375e+00,0.000000000000000000e+00,-1.090041637420654297e+00,-1.112855315208435059e+00,1.837212204933166504e+00,-4.830133318901062012e-01,9.462120383977890015e-02,1.239911556243896484e+00,1.306649446487426758e+00,-2.505926191806793213e-01,1.081462800502777100e-01,4.209510982036590576e-01,9.155297651886940002e-03,-9.103819727897644043e-01,-1.743004202842712402e+00,-6.666593998670578003e-02,4.075315296649932861e-01,6.246856600046157837e-02,1.166099548339843750e+00,-2.018897682428359985e-01,-8.804287910461425781e-01,-1.240666270256042480e+00,-1.711397051811218262e+00,1.567307829856872559e+00,1.350163966417312622e-01,1.293228507041931152e+00,2.720670700073242188e-01,7.327610254287719727e-01,-2.388209104537963867e+00,-1.882614195346832275e-01,-1.025563120841979980e+00,-8.029149770736694336e-01,1.013590097427368164e+00,-1.026500537991523743e-01,-3.613949716091156006e-01,9.477232694625854492e-01,-4.381666779518127441e-01,9.754289388656616211e-01,3.187203705310821533e-01,-9.100478887557983398e-02,-4.903584122657775879e-01,-7.405985593795776367e-01,-1.409978747367858887e+00,-2.276774197816848755e-01,3.817151188850402832e-01,3.111346662044525146e-01,-1.622640937566757202e-01,-5.790016651153564453e-01,-1.742980003356933594e+00,-7.315918803215026855e-01,-2.155100256204605103e-01,0.000000000000000000e+00,0.000000000000000000e+00
-5.642338395118713379e-01,-1.097098946571350098e+00,4.407401382923126221e-02,-2.347558140754699707e-01,5.145342946052551270e-01,7.670888900756835938e-01,-6.793861985206604004e-01,-1.090041637420654297e+00,0.000000000000000000e+00,5.788305997848510742e-01,-1.613576769828796387e+00,1.324800133705139160e+00,-1.482176303863525391e+00,1.014027833938598633e+00,6.650871038436889648e-01,9.399862885475158691e-01,1.959468126296997070e-01,1.099209547042846680e+00,-1.509187519550323486e-01,9.446541666984558105e-01,-8.990177512168884277e-01,1.180826425552368164e+00,1.242772817611694336e+00,-2.930166721343994141e-01,1.307732313871383667e-01,-9.777697920799255371e-02,-9.918138980865478516e-01,-2.348833084106445312e-01,6.362051963806152344e-01,1.289563536643981934e+00,-1.509894609451293945e+00,-7.847089767456054688e-01,-1.332332491874694824e+00,1.590688079595565796e-01,-2.278091669082641602e+00,-4.303326606750488281e-01,-1.087530612945556641e+00,-1.255295872688293457e+00,-5.085832476615905762e-01,5.873497202992439270e-02,3.081683516502380371e-01,-1.282420516014099121e+00,3.615588247776031494e-01,-1.192612648010253906e+00,-1.291078329086303711e+00,1.949278831481933594e+00,-1.105678677558898926e+00,2.685283124446868896e-01,-1.516130685806274414e+00,-1.930886954069137573e-01,-6.132375001907348633e-01,2.148902177810668945e+00,2.250639945268630981e-01,-4.196401238441467285e-01,9.667903780937194824e-01,3.016906678676605225e-01,7.664149999618530273e-01,0.000000000000000000e+00,0.000000000000000000e+00
-7.612123489379882812e-01,-3.728229403495788574e-01,-2.487778961658477783e-01,6.869472265243530273e-01,-3.297730088233947754e-01,-3.535142838954925537e-01,1.662617206573486328e+00,-1.112855315208435059e+00,5.788305997848510742e-01,0.000000000000000000e+00,2.788022041320800781e+00,6.828253269195556641e-01,1.349961519241333008e+00,-1.773047924041748047e+00,1.731434702873229980e+00,-2.219744205474853516e+00,-6.337130069732666016e-01,1.393135786056518555e+00,-2.091205120086669922e+00,1.626987010240554810e-01,1.197856187820434570e+00,-2.259511500597000122e-01,4.665053486824035645e-01,-9.266245961189270020e-01,-2.120599985122680664e+00,-1.199361085891723633e+00,-4.037965834140777588e-01,7.746750712394714355e-01,5.856961607933044434e-01,-5.328394770622253418e-01,3.446979522705078125e-01,3.910217434167861938e-02,5.657427906990051270e-01,8.795008063316345215e-01,-1.048288822174072266e+00,-1.152587890625000000e+00,-1.267481684684753418e+00,1.636056005954742432e-01,7.580507546663284302e-02,-4.724312424659729004e-01,1.032387733459472656e+00,-7.254900336265563965e-01,-2.068286657333374023e+00,-5.100769400596618652e-01,4.720240235328674316e-01,8.523931503295898438e-01,-5.922631621360778809e-01,-1.328308321535587311e-02,1.260438263416290283e-01,-7.839250564575195312e-01,1.433708786964416504e+00,-1.745093345642089844e+00,2.963497936725616455e-01,-4.502281248569488525e-01,-5.341733694076538086e-01,-2.915952503681182861e-01,6.001788973808288574e-01,0.000000000000000000e+00,0.000000000000000000e+00
-8.483722209930419922e-01,3.180972039699554443e-01,1.200620889663696289e+00,5.812738537788391113e-01,-3.179993331432342529e-01,5.132004022598266602e-01,1.482237815856933594e+00,1.837212204933166504e+00,-1.613576769828796387e+00,2.788022041320800781e+00,0.000000000000000000e+00,-6.570551395416259766e-01,1.857419610023498535e+00,9.925452470779418945e-01,3.495508134365081787e-01,-1.481468379497528076e-01,5.044141411781311035e-01,1.076120138168334961e-01,5.120667815208435059e-01,-4.796344339847564697e-01,1.812472357414662838e-03,-5.868365168571472168e-01,4.515067636966705322e-01,2.872797846794128418e-01,2.246828228235244751e-01,-7.660418748855590820e-01,-1.100972652435302734e+00,-7.378114014863967896e-02,-8.196268081665039062e-01,-1.420524954795837402e+00,-5.618112087249755859e-01,-3.103880286216735840e-01,-1.717368066310882568e-01,1.263777256011962891e+00,-1.302676439285278320e+00,5.361030101776123047e-01,1.002222657203674316e+00,-2.584903538227081299e-01,4.554563164710998535e-01,4.787091314792633057e-01,-1.005699992179870605e+00,-1.105646729469299316e+00,1.131231546401977539e+00,-1.209509015083312988e+00,1.443853974342346191e-01,4.821189939975738525e-01,-2.150520682334899902e-01,-3.543879687786102295e-01,6.961564421653747559e-01,7.729855775833129883e-01,6.181594729423522949e-01,6.269488930702209473e-01,2.621346116065979004e-01,1.028129339218139648e+00,-2.729797959327697754e-01,-5.342461168766021729e-02,-7.504470944404602051e-01,0.000000000000000000e+00,0.000000000000000000e+00
-3.350479006767272949e-01,3.933195471763610840e-01,-3.696586191654205322e-01,-1.308908104896545410e+00,-1.521696925163269043e+00,-7.809901833534240723e-01,-1.187601804733276367e+00,-4.830133318901062012e-01,1.324800133705139160e+00,6.828253269195556641e-01,-6.570551395416259766e-01,0.000000000000000000e+00,-2.972010374069213867e-01,8.056119084358215332e-01,2.041248083114624023e+00,3.099251389503479004e-01,1.948585152626037598e+00,-2.094009518623352051e-01,-1.525740772485733032e-01,3.679642379283905029e-01,4.885181188583374023e-01,-1.123920559883117676e+00,6.964630484580993652e-01,1.174828767776489258e+00,-4.622455686330795288e-02,-4.721973240375518799e-01,2.295473664999008179e-01,6.285826861858367920e-02,1.201358556747436523e+00,-4.749809205532073975e-01,-5.811135768890380859e-01,-3.137997090816497803e-01,-3.165379464626312256e-01,-5.167095065116882324e-01,-1.293069124221801758e-01,-1.401256173849105835e-01,-9.910089373588562012e-01,6.167537569999694824e-01,-1.413917064666748047e+00,-7.742175459861755371e-01,1.398472636938095093e-01,1.780021190643310547e-01,-3.322454392910003662e-01,-3.865504860877990723e-01,-3.059450685977935791e-01,-1.483166813850402832e+00,6.366910040378570557e-02,6.527998298406600952e-02,-7.349842786788940430e-01,6.876305490732192993e-02,3.720789849758148193e-01,-5.188497304916381836e-01,-4.809624850749969482e-01,1.367884576320648193e-01,1.497222483158111572e-01,-5.260704457759857178e-02,7.402740120887756348e-01,0.000000000000000000e+00,0.000000000000000000e+00
-7.521944642066955566e-01,2.573387622833251953e-01,1.156520843505859375e-01,-6.018764376640319824e-01,-6.990005970001220703e-01,3.728166520595550537e-01,5.413918495178222656e-01,9.462120383977890015e-02,-1.482176303863525391e+00,1.349961519241333008e+00,1.857419610023498535e+00,-2.972010374069213867e-01,0.000000000000000000e+00,2.149364709854125977e+00,2.561052322387695312e+00,-1.174021512269973755e-01,6.368929892778396606e-02,2.040608644485473633e+00,4.851944148540496826e-01,-7.031468302011489868e-02,-2.789321839809417725e-01,1.550236821174621582e+00,9.055048227310180664e-01,-4.392051100730895996e-01,-4.834681376814842224e-02,4.993543326854705811e-01,-1.555544018745422363e+00,-6.787410378456115723e-02,-1.055647730827331543e+00,2.410669177770614624e-01,-5.665311962366104126e-02,4.388769343495368958e-02,8.909179568290710449e-01,-1.723404288291931152e+00,-3.683148622512817383e-01,-5.553569197654724121e-01,8.583325147628784180e-01,-1.112599492073059082e+00,3.570413589477539062e-01,-1.185434162616729736e-01,3.172841370105743408e-01,-1.553248882293701172e+00,-6.069142818450927734e-01,2.631932497024536133e-01,-1.393793582916259766e+00,1.809495329856872559e+00,1.151514410972595215e+00,-1.252340316772460938e+00,-1.351690441370010376e-01,8.257344961166381836e-01,-1.007777333259582520e+00,2.348330318927764893e-01,-1.835275292396545410e-01,4.491806775331497192e-02,7.864657789468765259e-02,-1.038654446601867676e+00,-4.738490581512451172e-01,0.000000000000000000e+00,0.000000000000000000e+00
-1.953564137220382690e-01,-5.256843566894531250e-02,8.317717313766479492e-01,-2.189477384090423584e-01,4.200419485569000244e-01,9.051272869110107422e-01,3.071595132350921631e-01,1.239911556243896484e+00,1.014027833938598633e+00,-1.773047924041748047e+00,9.925452470779418945e-01,8.056119084358215332e-01,2.149364709854125977e+00,0.000000000000000000e+00,2.179264783859252930e+00,2.186511993408203125e+00,-7.067520171403884888e-02,-4.383848607540130615e-01,-1.422909796237945557e-01,-2.102822661399841309e-01,-4.153035581111907959e-01,9.873610734939575195e-01,-1.829389482736587524e-01,-1.485162377357482910e+00,-7.752465605735778809e-01,1.378161460161209106e-01,7.526407241821289062e-01,-1.316229820251464844e+00,-1.588039249181747437e-01,2.613457739353179932e-01,1.076964139938354492e+00,9.550835937261581421e-03,-1.967234015464782715e+00,1.451472938060760498e-01,-1.624522060155868530e-01,-1.568212956190109253e-01,-1.676063388586044312e-01,-1.881096810102462769e-01,6.915662288665771484e-01,3.822579234838485718e-02,-4.916698336601257324e-01,-1.118491649627685547e+00,8.790118694305419922e-01,-4.068751335144042969e-01,2.199058383703231812e-01,-1.435730457305908203e+00,-1.933389902114868164e+00,3.417195081710815430e-01,3.663443624973297119e-01,-1.856138706207275391e-01,-9.872052669525146484e-01,-6.268985867500305176e-01,1.768734157085418701e-01,-7.368645668029785156e-01,-3.643644154071807861e-01,7.833791375160217285e-01,8.179247379302978516e-03,0.000000000000000000e+00,0.000000000000000000e+00
1.671241372823715210e-01,-1.384426355361938477e+00,-5.666573643684387207e-01,8.400677144527435303e-02,-8.267496228218078613e-01,2.741901636123657227e+00,-9.235123544931411743e-02,1.306649446487426758e+00,6.650871038436889648e-01,1.731434702873229980e+00,3.495508134365081787e-01,2.041248083114624023e+00,2.561052322387695312e+00,2.179264783859252930e+00,0.000000000000000000e+00,1.514888405799865723e+00,-5.908381659537553787e-03,1.479152560234069824e+00,1.299319148063659668e+00,-2.315156310796737671e-01,-6.751448512077331543e-01,7.474296092987060547e-01,4.704840779304504395e-01,-1.562777757644653320e+00,1.523500442504882812e+00,-7.096711993217468262e-01,-7.852724194526672363e-01,-1.259019970893859863e+00,-1.209655880928039551e+00,-1.363219916820526123e-01,1.562178879976272583e-01,1.682523936033248901e-01,-5.412011623382568359e+00,-3.433562755584716797e+00,-1.613137245178222656e+00,5.293344333767890930e-02,-6.513712406158447266e-01,-1.225855827331542969e+00,4.611900448799133301e-01,-4.800025820732116699e-01,-8.317147493362426758e-01,-2.083684921264648438e+00,4.673763513565063477e-01,2.443739920854568481e-01,-3.366340883076190948e-03,2.056516408920288086e-01,-2.851912975311279297e+00,-2.450698912143707275e-01,-2.271944284439086914e+00,4.359775185585021973e-01,-1.661920428276062012e+00,1.989083170890808105e+00,-1.075493335723876953e+00,4.816220104694366455e-01,-5.383725762367248535e-01,-9.873332381248474121e-01,-6.897218227386474609e-01,0.000000000000000000e+00,0.000000000000000000e+00
-4.101018607616424561e-01,-1.126300990581512451e-01,3.539924323558807373e-01,7.629368305206298828e-01,-3.260362744331359863e-01,2.813615500926971436e-01,-3.681007027626037598e-01,-2.505926191806793213e-01,9.399862885475158691e-01,-2.219744205474853516e+00,-1.481468379497528076e-01,3.099251389503479004e-01,-1.174021512269973755e-01,2.186511993408203125e+00,1.514888405799865723e+00,0.000000000000000000e+00,1.216609001159667969e+00,2.529979467391967773e+00,6.303542852401733398e-01,-6.700055599212646484e-01,-3.791600838303565979e-02,3.333351016044616699e-01,-9.591952562332153320e-01,8.469278924167156219e-03,2.381199002265930176e-01,-5.378737300634384155e-02,-7.965526580810546875e-01,-3.002858720719814301e-02,2.237687259912490845e-02,4.304211139678955078e-01,-1.213395237922668457e+00,7.488586306571960449e-01,-1.308022737503051758e+00,3.820693527814000845e-04,-1.165190339088439941e-01,9.372112154960632324e-01,1.489122748374938965e+00,-2.463595867156982422e+00,4.420704245567321777e-01,8.950942158699035645e-01,-1.231448650360107422e-01,3.105159997940063477e-01,-4.908540844917297363e-01,-3.013804554939270020e-01,-2.574315547943115234e+00,1.181482434272766113e+00,-3.382916748523712158e-01,-4.141447842121124268e-01,1.262938976287841797e-01,1.926285028457641602e-02,2.790363505482673645e-02,-1.013046383857727051e+00,1.005701780319213867e+00,1.390842080116271973e+00,1.183602362871170044e-01,2.083207368850708008e-01,-3.409836590290069580e-01,0.000000000000000000e+00,0.000000000000000000e+00
-3.423404321074485779e-02,-9.904081821441650391e-01,5.041394233703613281e-01,-1.015661597251892090e+00,5.388754010200500488e-01,-2.312606126070022583e-01,-5.817228555679321289e-01,1.081462800502777100e-01,1.959468126296997070e-01,-6.337130069732666016e-01,5.044141411781311035e-01,1.948585152626037598e+00,6.368929892778396606e-02,-7.067520171403884888e-02,-5.908381659537553787e-03,1.216609001159667969e+00,0.000000000000000000e+00,-3.663825243711471558e-02,4.943106789141893387e-03,6.078894138336181641e-01,5.452111959457397461e-01,7.228559255599975586e-01,-2.006366997957229614e-01,-4.634398221969604492e-01,5.332651138305664062e-01,1.760320663452148438e-01,-4.360017478466033936e-01,-1.285513043403625488e-01,2.272167801856994629e-02,5.376569032669067383e-01,1.124146342277526855e+00,5.080215930938720703e-01,-2.869300544261932373e-01,-1.794017076492309570e+00,-1.173082232475280762e+00,1.268331110477447510e-01,-1.534060597419738770e+00,-1.426564812660217285e+00,-8.678766340017318726e-02,-1.019850850105285645e+00,1.452627301216125488e+00,-2.419787645339965820e-01,4.447924792766571045e-01,1.417248398065567017e-01,-8.583984971046447754e-01,-1.412641048431396484e+00,9.723548293113708496e-01,-7.187348604202270508e-02,4.385222494602203369e-02,-1.070714592933654785e-01,-9.204248785972595215e-01,1.825604587793350220e-01,1.328425109386444092e-01,6.730301976203918457e-01,-3.890817463397979736e-01,1.822412461042404175e-01,-3.203667402267456055e-01,0.000000000000000000e+00,0.000000000000000000e+00
-6.940471529960632324e-01,-1.281493902206420898e+00,-1.007745862007141113e+00,1.080542430281639099e-01,-1.494605064392089844e+00,9.816107153892517090e-01,5.568075180053710938e-01,4.209510982036590576e-01,1.099209547042846680e+00,1.393135786056518555e+00,1.076120138168334961e-01,-2.094009518623352051e-01,2.040608644485473633e+00,-4.383848607540130615e-01,1.479152560234069824e+00,2.529979467391967773e+00,-3.663825243711471558e-02,0.000000000000000000e+00,3.329800844192504883e+00,7.219122052192687988e-01,1.084520295262336731e-02,1.990372180938720703e+00,-4.025354385375976562e-01,1.264649152755737305e+00,9.607387781143188477e-01,1.041191935539245605e+00,-7.931342720985412598e-01,-1.666802525520324707e+00,-1.622010111808776855e+00,-1.818174310028553009e-02,-2.958999276161193848e-01,1.825460940599441528e-01,-1.675750374794006348e+00,-1.643839240074157715e+00,5.082460641860961914e-01,-2.401083707809448242e-01,3.489577472209930420e-01,-1.342644214630126953e+00,-1.018691182136535645e+00,-5.677501559257507324e-01,-8.609697222709655762e-01,-5.467210412025451660e-01,-1.013693809509277344e+00,-3.824815154075622559e-01,-1.482095599174499512e+00,1.994028091430664062e+00,-1.446927189826965332e+00,7.856693267822265625e-01,-5.635437965393066406e-01,1.048906087875366211e+00,-9.073235988616943359e-01,-1.696299791336059570e+00,4.915804862976074219e-01,-3.388690352439880371e-01,-2.592832148075103760e-01,-2.825540006160736084e-01,-4.518129527568817139e-01,0.000000000000000000e+00,0.000000000000000000e+00
7.395847886800765991e-02,-1.008241064846515656e-02,7.490759342908859253e-02,-1.424312353134155273e+00,-8.192631006240844727e-01,2.412285357713699341e-01,7.375321388244628906e-01,9.155297651886940002e-03,-1.509187519550323486e-01,-2.091205120086669922e+00,5.120667815208435059e-01,-1.525740772485733032e-01,4.851944148540496826e-01,-1.422909796237945557e-01,1.299319148063659668e+00,6.303542852401733398e-01,4.943106789141893387e-03,3.329800844192504883e+00,0.000000000000000000e+00,-3.706337809562683105e-01,7.818041443824768066e-01,1.484158992767333984e+00,-4.076621830463409424e-01,-1.638374924659729004e+00,1.232144474983215332e+00,-3.975761830806732178e-01,3.962647318840026855e-01,-5.312739610671997070e-01,8.696455359458923340e-01,4.661048650741577148e-01,-2.190967947244644165e-01,-6.681903451681137085e-02,4.227263033390045166e-01,-1.357942342758178711e+00,8.153584599494934082e-01,9.758801460266113281e-01,7.869703769683837891e-01,2.641607820987701416e-01,1.378970503807067871e+00,1.252342581748962402e+00,7.450667023658752441e-02,-2.779776751995086670e-01,3.317682147026062012e-01,5.967914462089538574e-01,-8.979424834251403809e-01,1.649227738380432129e+00,-9.212877750396728516e-01,-1.266522645950317383e+00,2.365040779113769531e-01,-1.888002038002014160e+00,3.185502290725708008e-01,-1.856097459793090820e+00,-7.233008742332458496e-02,2.650955319404602051e-01,-1.102935433387756348e+00,2.307851612567901611e-01,-5.825637578964233398e-01,0.000000000000000000e+00,0.000000000000000000e+00
-4.894753098487854004e-01,-3.765803277492523193e-01,-7.701202630996704102e-01,-8.583684563636779785e-01,-2.639187872409820557e-01,-3.905346095561981201e-01,-1.967962533235549927e-01,-9.103819727897644043e-01,9.446541666984558105e-01,1.626987010240554810e-01,-4.796344339847564697e-01,3.679642379283905029e-01,-7.031468302011489868e-02,-2.102822661399841309e-01,-2.315156310796737671e-01,-6.700055599212646484e-01,6.078894138336181641e-01,7.219122052192687988e-01,-3.706337809562683105e-01,0.000000000000000000e+00,1.627066373825073242e+00,3.182125568389892578e+00,-6.173764914274215698e-02,6.204204559326171875e-01,4.000221192836761475e-01,-1.956235617399215698e-01,7.750009894371032715e-01,2.883132994174957275e-01,2.179272472858428955e-01,-5.322719812393188477e-01,2.464971393346786499e-01,2.345851957798004150e-01,4.858965873718261719e-01,-4.745225310325622559e-01,5.791381597518920898e-01,-4.033561348915100098e-01,-9.250172972679138184e-01,1.288754492998123169e-02,-1.284202456474304199e+00,-7.152819037437438965e-01,9.699578583240509033e-02,-6.608767062425613403e-02,-8.036956787109375000e-01,2.087917029857635498e-01,-3.071474134922027588e-01,-1.513906121253967285e+00,3.826319277286529541e-01,-8.786791563034057617e-01,-1.201484650373458862e-01,-4.580014944076538086e-01,-9.877907484769821167e-02,-1.276049733161926270e+00,-1.398573637008666992e+00,-1.074072867631912231e-01,-4.425777494907379150e-01,5.704524517059326172e-01,7.800617218017578125e-01,0.000000000000000000e+00,0.000000000000000000e+00
1.032085642218589783e-01,-5.503419637680053711e-01,-5.872204303741455078e-01,-7.441795468330383301e-01,-2.413829863071441650e-01,-9.503577947616577148e-01,7.957683503627777100e-02,-1.743004202842712402e+00,-8.990177512168884277e-01,1.197856187820434570e+00,1.812472357414662838e-03,4.885181188583374023e-01,-2.789321839809417725e-01,-4.153035581111907959e-01,-6.751448512077331543e-01,-3.791600838303565979e-02,5.452111959457397461e-01,1.084520295262336731e-02,7.818041443824768066e-01,1.627066373825073242e+00,0.000000000000000000e+00,-6.667115092277526855e-01,1.172284841537475586e+00,9.011898636817932129e-01,1.091003298759460449e+00,-1.764872193336486816e+00,4.591414332389831543e-01,1.036066651344299316e+00,2.124413400888442993e-01,9.689153432846069336e-01,1.349883437156677246e+00,-4.064679145812988281e-01,5.444376170635223389e-02,2.167790174484252930e+00,3.428832292556762695e-01,9.873745441436767578e-01,1.143955588340759277e+00,4.704611897468566895e-01,-1.362353801727294922e+00,-3.351417183876037598e-01,-6.657120585441589355e-02,9.057091474533081055e-01,5.730007961392402649e-02,-2.285618543624877930e+00,6.085682511329650879e-01,-7.638828456401824951e-02,-2.663984298706054688e-01,-8.429949730634689331e-02,-5.390819311141967773e-01,-6.786808967590332031e-01,-1.088032484054565430e+00,-1.212893843650817871e+00,-2.222986221313476562e+00,-6.319373250007629395e-01,8.535442948341369629e-01,3.048208653926849365e-01,-2.547064721584320068e-01,0.000000000000000000e+00,0.000000000000000000e+00
-1.044178009033203125e+00,-1.702673316001892090e+00,-1.632062077522277832e+00,-7.970784306526184082e-01,-1.402194976806640625e+00,9.203646779060363770e-01,-5.506068468093872070e-01,-6.666593998670578003e-02,1.180826425552368164e+00,-2.259511500597000122e-01,-5.868365168571472168e-01,-1.123920559883117676e+00,1.550236821174621582e+00,9.873610734939575195e-01,7.474296092987060547e-01,3.333351016044616699e-01,7.228559255599975586e-01,1.990372180938720703e+00,1.484158992767333984e+00,3.182125568389892578e+00,-6.667115092277526855e-01,0.000000000000000000e+00,2.162478923797607422e+00,-5.663790106773376465e-01,3.198876976966857910e-02,-1.505018353462219238e+00,-1.767331838607788086e+00,-2.171056419610977173e-01,6.290810555219650269e-02,1.226202964782714844e+00,9.133644104003906250e-01,1.775631666183471680e+00,-1.546682834625244141e+00,5.527291297912597656e-01,-2.745515108108520508e+00,-2.636660337448120117e-01,-7.549511194229125977e-01,-2.310626506805419922e+00,2.370105087757110596e-01,-3.574916720390319824e-01,7.511367201805114746e-01,-1.631521433591842651e-01,-1.123113751411437988e+00,9.900027513504028320e-01,-1.107089757919311523e+00,1.362339973449707031e+00,-8.787550330162048340e-01,-4.209169745445251465e-01,-1.178488656878471375e-01,5.112007260322570801e-02,-8.492939174175262451e-02,1.446511507034301758e+00,5.977315902709960938e-01,-2.117562144994735718e-01,-3.459504365921020508e+00,-1.549248576164245605e+00,-6.310322284698486328e-01,0.000000000000000000e+00,0.000000000000000000e+00
7.266151309013366699e-01,-1.967533946037292480e+00,-1.591274023056030273e+00,-1.606963992118835449e+00,-1.675421297550201416e-01,1.100907921791076660e+00,1.163542643189430237e-01,4.075315296649932861e-01,1.242772817611694336e+00,4.665053486824035645e-01,4.515067636966705322e-01,6.964630484580993652e-01,9.055048227310180664e-01,-1.829389482736587524e-01,4.704840779304504395e-01,-9.591952562332153320e-01,-2.006366997957229614e-01,-4.025354385375976562e-01,-4.076621830463409424e-01,-6.173764914274215698e-02,1.172284841537475586e+00,2.162478923797607422e+00,0.000000000000000000e+00,1.408690214157104492e+00,6.075059771537780762e-01,5.451923012733459473e-01,-3.129875361919403076e-01,2.047973394393920898e+00,1.216252088546752930e+00,1.530773282051086426e+00,6.400429606437683105e-01,7.403925061225891113e-01,-1.042922735214233398e+00,-2.555551290512084961e+00,4.236008822917938232e-01,-1.016722023487091064e-01,3.197399675846099854e-01,4.812614917755126953e-01,3.729266226291656494e-01,5.578576326370239258e-01,3.137090206146240234e-01,8.998563885688781738e-01,-2.936695337295532227e+00,3.882552087306976318e-01,3.304060399532318115e-01,2.190550416707992554e-01,-8.453291654586791992e-01,-4.972634911537170410e-01,-6.280578374862670898e-01,-8.685585856437683105e-01,5.216256901621818542e-02,-1.029926091432571411e-01,-2.442931681871414185e-01,-1.087673783302307129e+00,-1.704378604888916016e+00,-3.386876583099365234e-01,-3.688666522502899170e-01,0.000000000000000000e+00,0.000000000000000000e+00
2.301269769668579102e-01,-4.626698493957519531e-01,-7.694544792175292969e-01,7.058226317167282104e-02,-8.649542927742004395e-01,-7.852562665939331055e-01,-9.385998845100402832e-01,6.246856600046157837e-02,-2.930166721343994141e-01,-9.266245961189270020e-01,2.872797846794128418e-01,1.174828767776489258e+00,-4.392051100730895996e-01,-1.485162377357482910e+00,-1.562777757644653320e+00,8.469278924167156219e-03,-4.634398221969604492e-01,1.264649152755737305e+00,-1.638374924659729004e+00,6.204204559326171875e-01,9.011898636817932129e-01,-5.663790106773376465e-01,1.408690214157104492e+00,0.000000000000000000e+00,7.874000668525695801e-01,6.485333442687988281e-01,3.067183256149291992e+00,-1.044229269027709961e+00,1.022365540266036987e-01,1.365547776222229004e+00,5.044904947280883789e-01,2.634923219680786133e+00,2.450164556503295898e-01,9.972634315490722656e-01,1.447405368089675903e-01,3.750161230564117432e-01,-4.685768783092498779e-01,1.065385416150093079e-01,-2.019466876983642578e+00,-7.193167209625244141e-01,4.815488159656524658e-01,-3.332803249359130859e-01,6.354428529739379883e-01,7.339017987251281738e-01,-1.044525146484375000e+00,-1.705155372619628906e+00,-2.614512741565704346e-01,-8.824800848960876465e-01,8.308675289154052734e-01,-1.000557065010070801e+00,-2.947833538055419922e-01,-1.242849230766296387e+00,-2.938512861728668213e-01,-6.703534722328186035e-01,-3.784453272819519043e-01,3.101164102554321289e-01,5.698198676109313965e-01,0.000000000000000000e+00,0.000000000000000000e+00
-1.642651319503784180e+00,-3.940742313861846924e-01,-1.029827371239662170e-01,1.657803915441036224e-02,6.487412005662918091e-02,1.025497078895568848e+00,3.926806449890136719e-01,1.166099548339843750e+00,1.307732313871383667e-01,-2.120599985122680664e+00,2.246828228235244751e-01,-4.622455686330795288e-02,-4.834681376814842224e-02,-7.752465605735778809e-01,1.523500442504882812e+00,2.381199002265930176e-01,5.332651138305664062e-01,9.607387781143188477e-01,1.232144474983215332e+00,4.000221192836761475e-01,1.091003298759460449e+00,3.198876976966857910e-02,6.075059771537780762e-01,7.874000668525695801e-01,0.000000000000000000e+00,2.411432743072509766e+00,3.293083310127258301e-01,9.472913742065429688e-01,-2.816030681133270264e-01,1.282148957252502441e+00,-1.902494430541992188e-01,-3.318440914154052734e-01,-4.776944518089294434e-01,5.899478793144226074e-01,-7.173040509223937988e-01,2.422777712345123291e-01,1.209736708551645279e-02,-1.131927013397216797e+00,8.215478807687759399e-02,-3.465728163719177246e-01,-2.074641138315200806e-01,1.267037153244018555e+00,3.165437877178192139e-01,1.414214253425598145e+00,-3.953497484326362610e-02,-5.489528775215148926e-01,-2.388360053300857544e-01,-1.605726242065429688e+00,2.464949041604995728e-01,3.150478377938270569e-02,-9.450901150703430176e-01,-1.382520437240600586e+00,7.730569839477539062e-01,3.327729925513267517e-02,-1.444662213325500488e-01,-4.615703225135803223e-01,-3.065139055252075195e-01,0.000000000000000000e+00,0.000000000000000000e+00
1.202023476362228394e-01,-3.411547243595123291e-01,-3.281365334987640381e-01,8.163192272186279297e-01,3.637506961822509766e-01,6.879268586635589600e-02,6.870379298925399780e-02,-2.018897682428359985e-01,-9.777697920799255371e-02,-1.199361085891723633e+00,-7.660418748855590820e-01,-4.721973240375518799e-01,4.993543326854705811e-01,1.378161460161209106e-01,-7.096711993217468262e-01,-5.378737300634384155e-02,1.760320663452148438e-01,1.041191935539245605e+00,-3.975761830806732178e-01,-1.956235617399215698e-01,-1.764872193336486816e+00,-1.505018353462219238e+00,5.451923012733459473e-01,6.485333442687988281e-01,2.411432743072509766e+00,0.000000000000000000e+00,2.210768699645996094e+00,1.051709875464439392e-01,7.016301751136779785e-01,3.450827002525329590e-01,-9.143121838569641113e-01,1.102224349975585938e+00,1.057119965553283691e-01,5.859354883432388306e-02,-1.205042243003845215e+00,7.382293939590454102e-01,1.070689439773559570e+00,-1.588682532310485840e+00,8.561855554580688477e-01,7.252610325813293457e-01,6.745356321334838867e-01,2.811563611030578613e-01,1.396237254142761230e+00,5.117722749710083008e-01,7.016257047653198242e-01,-6.963180303573608398e-01,2.145420461893081665e-01,-2.214893400669097900e-01,7.481084465980529785e-01,3.633493185043334961e-01,-1.009084224700927734e+00,-3.117865622043609619e-01,6.855509877204895020e-01,1.123153716325759888e-01,-5.785414576530456543e-01,5.543772578239440918e-01,3.691293001174926758e-01,0.000000000000000000e+00,0.000000000000000000e+00
