0.000000000000000000e+00,2.603764057159423828e+00,9.732063412666320801e-01,-5.018265247344970703e-01,6.622543334960937500e-01,-6.625466793775558472e-02,-7.512490749359130859e-01,1.680770218372344971e-01,-7.246374487876892090e-01,-7.008650302886962891e-01,-3.254974484443664551e-01,-3.611590862274169922e-01,-6.869242191314697266e-01,-1.941888183355331421e-01,3.351777195930480957e-01,-3.108690083026885986e-01,9.389319457113742828e-04,-2.286534011363983154e-01,-5.347625613212585449e-01,-4.818859398365020752e-01,-2.384855151176452637e-01,-1.219547629356384277e+00,9.641886949539184570e-01,1.909752935171127319e-01,-1.125898361206054688e+00,3.872576653957366943e-01,-6.631522178649902344e-01,4.502135217189788818e-01,4.076469242572784424e-01,-9.039054811000823975e-02,1.117017030715942383e+00,8.102554082870483398e-01,-5.405411720275878906e-01,6.769776940345764160e-01,7.524095773696899414e-01,-1.588222503662109375e+00,9.002117812633514404e-02,8.451928496360778809e-01,3.091439008712768555e-01,6.052143573760986328e-01,-1.884530782699584961e-01,-1.039597868919372559e+00,1.065885663032531738e+00,-4.523061811923980713e-01,-1.101915687322616577e-01,-1.034557968378067017e-01,-5.034207105636596680e-01,-1.123939394950866699e+00,7.012298107147216797e-01,-3.814808726310729980e-01,-8.779597282409667969e-01,-1.616741418838500977e-01,-1.468021154403686523e+00,-6.655098199844360352e-01,-3.712556958198547363e-01,1.490738868713378906e+00,-2.178837358951568604e-01,-2.121598571538925171e-01,0.000000000000000000e+00
2.603764057159423828e+00,0.000000000000000000e+00,1.291548490524291992e+00,1.336219549179077148e+00,1.341431856155395508e+00,-2.793219983577728271e-01,7.147228121757507324e-01,-4.103958010673522949e-01,-1.128176212310791016e+00,-2.162293195724487305e-01,3.180430233478546143e-01,2.853865027427673340e-01,5.068896412849426270e-01,-4.067038893699645996e-01,-1.320104122161865234e+00,5.120571851730346680e-01,-1.240976572036743164e+00,-1.302913784980773926e+00,-3.531368821859359741e-02,-4.188931286334991455e-01,-7.489507198333740234e-01,-1.594101667404174805e+00,-1.511333107948303223e+00,-4.478700757026672363e-01,-5.412721633911132812e-01,-5.698012709617614746e-01,-7.218567132949829102e-01,8.852760195732116699e-01,-3.639462590217590332e-01,-6.436918377876281738e-01,-5.411649867892265320e-02,-2.216412872076034546e-01,2.280003070831298828e+00,6.908851861953735352e-01,6.751253604888916016e-01,-8.141561150550842285e-01,-9.243559241294860840e-01,1.023921489715576172e+00,-2.522028610110282898e-02,1.101404547691345215e+00,-7.763926982879638672e-01,6.332568824291229248e-02,-4.244346171617507935e-02,3.487135842442512512e-02,-3.725334405899047852e-01,-2.010980606079101562e+00,5.010859370231628418e-01,-1.566375136375427246e+00,1.956266313791275024e-01,5.915727019309997559e-01,2.342983931303024292e-01,-1.875661492347717285e+00,-1.033999800682067871e+00,-5.224013924598693848e-01,9.211364388465881348e-01,1.242353796958923340e+00,2.194437533617019653e-01,1.764625191688537598e+00,0.000000000000000000e+00
9.732063412666320801e-01,1.291548490524291992e+00,0.000000000000000000e+00,1.752512574195861816e+00,3.548214137554168701e-01,5.458345636725425720e-02,5.284699797630310059e-01,7.711399197578430176e-01,-3.457216620445251465e-01,-6.523638963699340820e-01,1.603560686111450195e+00,-3.451666831970214844e-01,2.927780449390411377e-01,9.783802628517150879e-01,-2.966869771480560303e-01,4.734930098056793213e-01,-5.400568619370460510e-02,-8.789200782775878906e-01,2.376304864883422852e-01,-9.526187181472778320e-01,-3.533676564693450928e-01,-1.403040647506713867e+00,-1.221381187438964844e+00,-9.592965841293334961e-01,1.524453312158584595e-01,-7.616429775953292847e-02,-1.684176921844482422e+00,-4.512149393558502197e-01,1.857717186212539673e-01,-4.082990288734436035e-01,8.031429648399353027e-01,1.028049230575561523e+00,1.022547960281372070e+00,1.075877323746681213e-01,5.517212152481079102e-01,-8.631930947303771973e-01,-3.463016510009765625e+00,3.169923424720764160e-01,3.300101757049560547e-01,5.408640205860137939e-02,1.234825015068054199e+00,6.629844009876251221e-02,8.208558559417724609e-01,-2.551350183784961700e-02,-4.259239733219146729e-01,-1.113124489784240723e+00,6.233746409416198730e-01,1.167467683553695679e-01,8.722349405288696289e-01,7.001996785402297974e-02,-1.134366154670715332e+00,-1.166349053382873535e+00,4.459785223007202148e-01,-1.290392518043518066e+00,6.719779372215270996e-01,1.840466111898422241e-01,8.910732716321945190e-02,-7.254582643508911133e-02,0.000000000000000000e+00
-5.018265247344970703e-01,1.336219549179077148e+00,1.752512574195861816e+00,0.000000000000000000e+00,2.239306211471557617e+00,2.161365747451782227e+00,2.286829471588134766e+00,1.609135508537292480e+00,-1.132251143455505371e+00,7.291095852851867676e-01,8.716015219688415527e-01,-1.169933319091796875e+00,-6.318660974502563477e-01,-3.509024381637573242e-01,1.467214524745941162e-01,6.585196256637573242e-01,-8.516281247138977051e-01,4.667973816394805908e-01,-8.189939856529235840e-01,-9.385433793067932129e-01,-7.538729310035705566e-01,-3.129548132419586182e-01,-1.752372741699218750e+00,-1.172383502125740051e-01,-4.692475199699401855e-01,8.305060267448425293e-01,-8.080191016197204590e-01,-5.308800339698791504e-01,-6.496742963790893555e-01,-7.856830954551696777e-01,-8.705846071243286133e-01,4.768305644392967224e-02,1.319143295288085938e+00,1.027288198471069336e+00,1.442829132080078125e+00,-4.389317333698272705e-01,-2.658964991569519043e-01,1.356986910104751587e-01,7.244309186935424805e-01,1.036502838134765625e+00,-1.299214124679565430e+00,9.193411469459533691e-01,-2.679462730884552002e-01,-1.012291312217712402e+00,-4.309291541576385498e-01,3.398035168647766113e-01,-7.095616310834884644e-02,7.351805269718170166e-02,-1.960908472537994385e-01,-5.909717082977294922e-01,-1.550444960594177246e+00,-1.435822486877441406e+00,-7.740223407745361328e-01,5.782835483551025391e-01,-2.399525046348571777e-01,-9.735715985298156738e-01,-2.087310887873172760e-02,-6.055495142936706543e-01,0.000000000000000000e+00
6.622543334960937500e-01,1.341431856155395508e+00,3.548214137554168701e-01,2.239306211471557617e+00,0.000000000000000000e+00,9.116978645324707031e-01,3.030640125274658203e+00,2.149459123611450195e+00,-4.046089649200439453e-01,-4.136941432952880859e-01,-4.258674085140228271e-01,-1.420059561729431152e+00,-4.291192591190338135e-01,7.471235096454620361e-02,-3.068920969963073730e-01,-2.427460551261901855e-01,-2.325655519962310791e-01,-1.511223673820495605e+00,-2.956937849521636963e-01,-2.608215212821960449e-01,-1.087473779916763306e-01,-9.523541927337646484e-01,-3.117682635784149170e-01,-1.455195307731628418e+00,-2.839532494544982910e-01,-2.451510727405548096e-01,1.884981751441955566e+00,6.506301164627075195e-01,-1.121481895446777344e+00,4.495349824428558350e-01,5.738419890403747559e-01,-3.605206608772277832e-01,2.853796780109405518e-01,5.985032320022583008e-01,6.162129640579223633e-01,-1.358970522880554199e+00,1.649455726146697998e-01,-1.623859703540802002e-01,-1.101514399051666260e-01,-1.010326266288757324e+00,6.583486199378967285e-01,8.236156702041625977e-01,-7.448543906211853027e-01,7.106260061264038086e-01,3.464932441711425781e-01,6.700170636177062988e-01,4.831395149230957031e-01,-2.584142088890075684e-01,-3.893425464630126953e-01,5.947880744934082031e-01,4.228011667728424072e-01,1.403782963752746582e-01,-1.895159482955932617e+00,-4.478636980056762695e-01,7.003237605094909668e-01,-2.548355817794799805e+00,-7.767972350120544434e-01,-3.282600045204162598e-01,0.000000000000000000e+00
-6.625466793775558472e-02,-2.793219983577728271e-01,5.458345636725425720e-02,2.161365747451782227e+00,9.116978645324707031e-01,0.000000000000000000e+00,2.831623077392578125e+00,1.412906885147094727e+00,1.574317097663879395e+00,1.982569098472595215e-01,2.970417737960815430e-01,-5.017672181129455566e-01,4.227163493633270264e-01,3.687603771686553955e-01,2.425685167312622070e+00,3.001079857349395752e-01,-8.242171406745910645e-01,1.159345149993896484e+00,-1.115632578730583191e-01,-2.615721225738525391e-01,-9.811336994171142578e-01,7.120515108108520508e-01,1.566231966018676758e+00,-7.726132869720458984e-01,1.371768593788146973e+00,-3.504746854305267334e-01,-9.978502392768859863e-01,8.151251673698425293e-01,-1.358975172042846680e-01,-1.310956954956054688e+00,-1.146072387695312500e+00,-6.067433953285217285e-01,-3.204520702362060547e+00,-1.670458793640136719e+00,9.034198522567749023e-01,4.744241833686828613e-01,1.068608462810516357e-01,7.696191072463989258e-01,3.203714191913604736e-01,-4.715855121612548828e-01,-3.006497323513031006e-01,3.608106970787048340e-01,-1.486322164535522461e+00,-5.661157369613647461e-01,-1.328536629676818848e+00,8.281835317611694336e-01,4.187941849231719971e-01,4.850780367851257324e-01,-2.388849854469299316e-01,6.358402371406555176e-01,-2.450441122055053711e+00,-9.432572126388549805e-01,-7.613141536712646484e-01,3.253861963748931885e-01,-2.053891420364379883e+00,-2.533847570419311523e+00,-5.797711014747619629e-01,-1.259103178977966309e+00,0.000000000000000000e+00
-7.512490749359130859e-01,7.147228121757507324e-01,5.284699797630310059e-01,2.286829471588134766e+00,3.030640125274658203e+00,2.831623077392578125e+00,0.000000000000000000e+00,2.511850833892822266e+00,-4.412031471729278564e-01,1.421795129776000977e+00,7.502777576446533203e-01,-9.738588929176330566e-01,8.966968655586242676e-01,-1.980001777410507202e-01,-6.299681663513183594e-01,2.134964242577552795e-02,-4.763827621936798096e-01,7.756872773170471191e-01,2.925121784210205078e-01,-1.978227794170379639e-01,3.881792724132537842e-01,-8.062834739685058594e-01,2.301441133022308350e-01,-2.283091098070144653e-01,4.542788863182067871e-01,-2.961005568504333496e-01,3.375262022018432617e-01,1.632729172706604004e-01,-1.053213477134704590e+00,6.132279038429260254e-01,-2.078701257705688477e-01,-1.980691432952880859e+00,-4.137867130339145660e-03,-4.985363781452178955e-01,8.518132567405700684e-01,-6.295900940895080566e-01,-1.106049537658691406e+00,-6.226500496268272400e-02,-1.160160064697265625e+00,8.410071134567260742e-01,6.556439995765686035e-01,-2.060660839080810547e+00,6.387153863906860352e-01,1.854050755500793457e-01,5.216366648674011230e-01,-2.262876033782958984e-01,-1.034516930580139160e+00,5.446215271949768066e-01,-5.032894015312194824e-01,3.118968605995178223e-01,-1.290472783148288727e-02,-1.320387244224548340e+00,-7.745349407196044922e-01,-6.702979803085327148e-01,-4.074932634830474854e-01,-3.025945901870727539e+00,-5.897669121623039246e-02,-2.060638666152954102e-01,0.000000000000000000e+00
1.680770218372344971e-01,-4.103958010673522949e-01,7.711399197578430176e-01,1.609135508537292480e+00,2.149459123611450195e+00,1.412906885147094727e+00,2.511850833892822266e+00,0.000000000000000000e+00,-1.836507916450500488e-01,-9.287810325622558594e-01,1.762568116188049316e+00,-4.458704590797424316e-01,-3.759334683418273926e-01,9.919785857200622559e-01,8.566688895225524902e-01,-1.176697388291358948e-01,-1.467556506395339966e-01,8.232417106628417969e-01,-7.171561121940612793e-01,-6.564798355102539062e-01,-1.163395524024963379e+00,-7.672063261270523071e-02,4.903481900691986084e-01,-2.542225420475006104e-01,1.209057927131652832e+00,2.828164100646972656e-01,-4.279500246047973633e-01,-1.068110585212707520e+00,-1.423482298851013184e+00,1.589513182640075684e+00,4.426373243331909180e-01,1.089931726455688477e+00,2.507084906101226807e-01,1.166210889816284180e+00,-1.577710509300231934e+00,-4.293645918369293213e-01,-1.592861533164978027e+00,-7.378235459327697754e-01,8.061047196388244629e-01,-1.814924776554107666e-01,-7.798702716827392578e-01,9.977658987045288086e-01,-3.621212840080261230e-01,8.170919418334960938e-01,5.326603055000305176e-01,2.281321883201599121e-01,-1.107465401291847229e-01,-6.712756752967834473e-01,-4.624159932136535645e-01,-4.279614388942718506e-01,3.245184123516082764e-01,-2.754020988941192627e-01,-3.201666772365570068e-01,-2.866168320178985596e-01,-1.312590360641479492e+00,-7.446085810661315918e-01,-1.859025955200195312e-01,-1.150377631187438965e+00,0.000000000000000000e+00
-7.246374487876892090e-01,-1.128176212310791016e+00,-3.457216620445251465e-01,-1.132251143455505371e+00,-4.046089649200439453e-01,1.574317097663879395e+00,-4.412031471729278564e-01,-1.836507916450500488e-01,0.000000000000000000e+00,7.426445484161376953e-01,-2.610586285591125488e-01,1.404400467872619629e+00,-2.001896619796752930e+00,1.176481246948242188e+00,5.456361770629882812e-01,5.593676567077636719e-01,5.471296310424804688e-01,1.037483692169189453e+00,-3.076303899288177490e-01,1.020494103431701660e+00,-3.494139909744262695e-01,1.299351811408996582e+00,1.335116505622863770e+00,-9.205637127161026001e-02,2.378671616315841675e-01,-6.601539850234985352e-01,-8.133143186569213867e-01,3.211220204830169678e-01,3.879658579826354980e-01,6.084114909172058105e-01,-1.616200804710388184e+00,-8.240233659744262695e-01,-1.447500109672546387e+00,2.284536659717559814e-01,-2.195928096771240234e+00,-1.688166707754135132e-01,-1.435199141502380371e+00,-1.315782904624938965e+00,-1.416528671979904175e-01,-7.273895144462585449e-01,6.218018531799316406e-01,-2.031555891036987305e+00,5.322726964950561523e-01,-1.380823135375976562e+00,-5.484990477561950684e-01,2.180803298950195312e+00,-4.430117011070251465e-01,1.442899852991104126e-01,-2.458841562271118164e+00,-1.129230931401252747e-01,-6.547378897666931152e-01,1.968807578086853027e+00,-1.156012639403343201e-01,-3.975357413291931152e-01,7.785747647285461426e-01,2.720804810523986816e-01,7.494965791702270508e-01,-1.236891187727451324e-02,0.000000000000000000e+00
-7.008650302886962891e-01,-2.162293195724487305e-01,-6.523638963699340820e-01,7.291095852851867676e-01,-4.136941432952880859e-01,1.982569098472595215e-01,1.421795129776000977e+00,-9.287810325622558594e-01,7.426445484161376953e-01,0.000000000000000000e+00,2.763864994049072266e+00,8.046177029609680176e-01,1.174794435501098633e+00,-1.890959382057189941e+00,1.764345169067382812e+00,-1.630935192108154297e+00,1.431768536567687988e-01,1.227112889289855957e+00,-1.832463622093200684e+00,6.269228458404541016e-02,1.627230167388916016e+00,-8.054325580596923828e-01,1.886035650968551636e-01,-4.475253224372863770e-01,-2.423752307891845703e+00,-7.737264037132263184e-01,-1.372320413589477539e+00,4.902601838111877441e-01,8.069971799850463867e-01,-6.467813849449157715e-01,2.973760068416595459e-01,6.406334042549133301e-01,3.966414928436279297e-01,5.638826489448547363e-01,-8.542333245277404785e-01,-1.384454846382141113e+00,-1.086338758468627930e+00,-2.286119163036346436e-01,1.771781444549560547e-01,-2.413182705640792847e-01,3.992795348167419434e-01,-3.620797693729400635e-01,-2.985130310058593750e+00,1.799684911966323853e-01,6.238858103752136230e-01,1.870795637369155884e-01,-4.039564132690429688e-01,2.686813771724700928e-01,-1.561718732118606567e-01,-5.837689638137817383e-01,1.621643900871276855e+00,-1.160399913787841797e+00,3.597668707370758057e-01,-1.214567542076110840e+00,-2.536716759204864502e-01,-2.967900335788726807e-01,9.250504374504089355e-01,-2.775982618331909180e-01,0.000000000000000000e+00
-3.254974484443664551e-01,3.180430233478546143e-01,1.603560686111450195e+00,8.716015219688415527e-01,-4.258674085140228271e-01,2.970417737960815430e-01,7.502777576446533203e-01,1.762568116188049316e+00,-2.610586285591125488e-01,2.763864994049072266e+00,0.000000000000000000e+00,-4.784083962440490723e-01,1.864805459976196289e+00,9.425886869430541992e-01,-1.572640240192413330e-01,-2.590681314468383789e-01,-3.443613648414611816e-01,2.527154088020324707e-01,9.959664344787597656e-01,-4.993900358676910400e-01,-2.426334172487258911e-01,-2.158458083868026733e-01,2.076631039381027222e-01,2.991453409194946289e-01,-6.118261218070983887e-01,-5.720033645629882812e-01,-1.043689131736755371e+00,-1.641293168067932129e-01,-1.195754647254943848e+00,-6.199431419372558594e-01,-3.366497159004211426e-01,-3.651806712150573730e-01,-3.295268118381500244e-01,1.806077241897583008e+00,-1.001077413558959961e+00,1.018518090248107910e+00,1.343178868293762207e+00,1.318202912807464600e-01,6.144828349351882935e-02,7.042737007141113281e-01,-2.002670526504516602e+00,-2.963960468769073486e-01,6.327119469642639160e-01,-9.448728561401367188e-01,-7.984596490859985352e-01,3.424903452396392822e-01,3.419919312000274658e-02,-3.659691289067268372e-02,8.361683487892150879e-01,2.064975351095199585e-01,8.125299811363220215e-01,4.227724373340606689e-01,-1.766085773706436157e-01,1.085323691368103027e+00,-2.588378638029098511e-02,-3.190439641475677490e-01,-8.512879610061645508e-01,-1.732272356748580933e-01,0.000000000000000000e+00
-3.611590862274169922e-01,2.853865027427673340e-01,-3.451666831970214844e-01,-1.169933319091796875e+00,-1.420059561729431152e+00,-5.017672181129455566e-01,-9.738588929176330566e-01,-4.458704590797424316e-01,1.404400467872619629e+00,8.046177029609680176e-01,-4.784083962440490723e-01,0.000000000000000000e+00,-5.333352088928222656e-01,6.369619965553283691e-01,2.242502212524414062e+00,9.297113120555877686e-02,2.095524072647094727e+00,-2.909106612205505371e-01,-2.746341750025749207e-02,1.249636784195899963e-01,4.777161478996276855e-01,-1.311110973358154297e+00,6.034126281738281250e-01,7.092264890670776367e-01,1.434450000524520874e-01,-4.211768507957458496e-01,3.002320230007171631e-01,-1.093110069632530212e-01,1.266516089439392090e+00,-3.561593592166900635e-01,-5.348569154739379883e-01,-2.216627150774002075e-01,-2.151266783475875854e-01,-4.262139797210693359e-01,-3.039207160472869873e-01,-2.496272921562194824e-01,-1.254769206047058105e+00,6.578232645988464355e-01,-1.154048562049865723e+00,-8.556433320045471191e-01,-3.828461840748786926e-02,2.257308214902877808e-01,-2.349473088979721069e-01,-4.828800559043884277e-01,-3.085697889328002930e-01,-1.193685293197631836e+00,-1.355997323989868164e-01,-3.839542865753173828e-01,-3.990346789360046387e-01,-4.592726826667785645e-01,5.047873854637145996e-01,-2.806380391120910645e-01,-7.256753444671630859e-01,4.098102748394012451e-01,2.416698634624481201e-01,5.897669121623039246e-02,4.373461902141571045e-01,4.314253032207489014e-01,0.000000000000000000e+00
-6.869242191314697266e-01,5.068896412849426270e-01,2.927780449390411377e-01,-6.318660974502563477e-01,-4.291192591190338135e-01,4.227163493633270264e-01,8.966968655586242676e-01,-3.759334683418273926e-01,-2.001896619796752930e+00,1.174794435501098633e+00,1.864805459976196289e+00,-5.333352088928222656e-01,0.000000000000000000e+00,1.964275717735290527e+00,2.376416683197021484e+00,-7.359146606177091599e-03,5.731247067451477051e-01,1.766964554786682129e+00,3.932793140411376953e-01,-3.708338737487792969e-01,-7.156576514244079590e-01,1.826186537742614746e+00,1.349824786186218262e+00,-8.496722579002380371e-01,2.294368445873260498e-01,3.274405300617218018e-01,-1.194250702857971191e+00,-9.808405041694641113e-01,-1.332291483879089355e+00,5.181481242179870605e-01,-2.583490014076232910e-01,3.505814075469970703e-01,1.176413297653198242e+00,-1.560650110244750977e+00,-6.522129178047180176e-01,-9.459030032157897949e-01,6.602428555488586426e-01,-1.016928434371948242e+00,-1.036245226860046387e-01,-7.708280086517333984e-01,6.414528489112854004e-01,-1.295128703117370605e+00,1.845135688781738281e-01,1.213178504258394241e-02,-8.616554141044616699e-01,1.600681424140930176e+00,1.394109606742858887e+00,-8.729071021080017090e-01,-4.790376871824264526e-02,7.039166688919067383e-01,9.302676771767437458e-04,2.405913919210433960e-01,3.889586031436920166e-01,-4.133598804473876953e-01,1.490001529455184937e-01,-1.695586085319519043e+00,-2.880665063858032227e-01,-1.046906784176826477e-01,0.000000000000000000e+00
-1.941888183355331421e-01,-4.067038893699645996e-01,9.783802628517150879e-01,-3.509024381637573242e-01,7.471235096454620361e-02,3.687603771686553955e-01,-1.980001777410507202e-01,9.919785857200622559e-01,1.176481246948242188e+00,-1.890959382057189941e+00,9.425886869430541992e-01,6.369619965553283691e-01,1.964275717735290527e+00,0.000000000000000000e+00,2.214619874954223633e+00,2.437786817550659180e+00,7.218366265296936035e-01,4.021629095077514648e-01,-5.338623523712158203e-01,-1.482764631509780884e-01,-7.157091498374938965e-01,3.930531442165374756e-01,-4.568713307380676270e-01,-1.803513288497924805e+00,-1.210108160972595215e+00,3.960450291633605957e-01,1.730261296033859253e-01,-4.127506315708160400e-01,-1.713625937700271606e-01,6.090859174728393555e-01,1.199990153312683105e+00,8.013006448745727539e-01,-2.435975790023803711e+00,3.159539997577667236e-01,-4.833146333694458008e-01,3.799039721488952637e-01,4.713693559169769287e-01,-5.160427093505859375e-01,1.226050376892089844e+00,7.342365384101867676e-02,-1.008915424346923828e+00,-1.501852393150329590e+00,-8.329498022794723511e-02,2.753797471523284912e-01,8.862787485122680664e-01,-1.559196829795837402e+00,-3.293501615524291992e+00,3.122288286685943604e-01,-1.173578277230262756e-01,-2.446239143610000610e-01,-2.023099660873413086e-01,4.202712327241897583e-02,-3.510451614856719971e-01,-9.667665362358093262e-01,-1.961551457643508911e-01,9.821487665176391602e-01,1.295762509107589722e-02,4.535191655158996582e-01,0.000000000000000000e+00
3.351777195930480957e-01,-1.320104122161865234e+00,-2.966869771480560303e-01,1.467214524745941162e-01,-3.068920969963073730e-01,2.425685167312622070e+00,-6.299681663513183594e-01,8.566688895225524902e-01,5.456361770629882812e-01,1.764345169067382812e+00,-1.572640240192413330e-01,2.242502212524414062e+00,2.376416683197021484e+00,2.214619874954223633e+00,0.000000000000000000e+00,1.143697977066040039e+00,-1.913528591394424438e-01,1.016220331192016602e+00,1.475212574005126953e+00,-1.980548948049545288e-01,-5.616550445556640625e-01,9.396633505821228027e-01,9.930694103240966797e-01,-8.184978365898132324e-01,8.988223075866699219e-01,-7.362129092216491699e-01,-7.427963614463806152e-01,-1.502151966094970703e+00,-1.667883753776550293e+00,8.318508416414260864e-02,-5.481643080711364746e-01,6.365611553192138672e-01,-5.293291091918945312e+00,-3.383252620697021484e+00,-8.348011970520019531e-01,7.036066055297851562e-01,-1.850863248109817505e-01,-1.481564283370971680e+00,3.553791046142578125e-01,-9.015415310859680176e-01,-1.447111606597900391e+00,-1.400490641593933105e+00,2.378840371966362000e-02,4.308566451072692871e-01,1.341035515069961548e-01,3.325501680374145508e-01,-2.412558555603027344e+00,-1.565093249082565308e-01,-1.074157238006591797e+00,2.269948869943618774e-01,-2.407553911209106445e+00,2.165874242782592773e+00,-7.603660970926284790e-02,1.054629445075988770e+00,-2.660889327526092529e-01,-1.344977736473083496e+00,-4.906295612454414368e-02,-2.103379726409912109e+00,0.000000000000000000e+00
-3.108690083026885986e-01,5.120571851730346680e-01,4.734930098056793213e-01,6.585196256637573242e-01,-2.427460551261901855e-01,3.001079857349395752e-01,2.134964242577552795e-02,-1.176697388291358948e-01,5.593676567077636719e-01,-1.630935192108154297e+00,-2.590681314468383789e-01,9.297113120555877686e-02,-7.359146606177091599e-03,2.437786817550659180e+00,1.143697977066040039e+00,0.000000000000000000e+00,2.069147825241088867e-01,2.260702371597290039e+00,6.886552572250366211e-01,-2.872520685195922852e-01,-5.930534005165100098e-01,9.761604070663452148e-01,-3.735663136467337608e-03,-3.437703847885131836e-02,7.654141634702682495e-02,-2.767578065395355225e-01,-4.839676320552825928e-01,-1.494858115911483765e-01,1.808572560548782349e-01,6.870031356811523438e-01,-5.735433101654052734e-01,7.806122303009033203e-01,-8.809096813201904297e-01,-1.175963208079338074e-01,5.887773633003234863e-02,1.135446429252624512e+00,1.704797625541687012e+00,-1.713885188102722168e+00,1.133278489112854004e+00,1.031690955162048340e+00,-8.552652597427368164e-01,-2.249314188957214355e-01,-4.076250493526458740e-01,-4.098016023635864258e-01,-1.902006387710571289e+00,9.429352879524230957e-01,-7.402377128601074219e-01,-4.908493459224700928e-01,-4.563387036323547363e-01,5.686402320861816406e-01,4.838080406188964844e-01,-2.124907970428466797e+00,2.747431397438049316e-01,1.034087777137756348e+00,-6.267906725406646729e-02,3.041008412837982178e-01,-2.709513902664184570e-01,-1.210555076599121094e+00,0.000000000000000000e+00
9.389319457113742828e-04,-1.240976572036743164e+00,-5.400568619370460510e-02,-8.516281247138977051e-01,-2.325655519962310791e-01,-8.242171406745910645e-01,-4.763827621936798096e-01,-1.467556506395339966e-01,5.471296310424804688e-01,1.431768536567687988e-01,-3.443613648414611816e-01,2.095524072647094727e+00,5.731247067451477051e-01,7.218366265296936035e-01,-1.913528591394424438e-01,2.069147825241088867e-01,0.000000000000000000e+00,-4.531151354312896729e-01,-4.075497984886169434e-01,7.512941956520080566e-01,8.897782117128372192e-02,5.226184725761413574e-01,2.040245682001113892e-01,-2.943932414054870605e-01,6.203626990318298340e-01,2.556238770484924316e-01,-1.970056146383285522e-01,2.960303239524364471e-02,4.040781781077384949e-02,5.349522233009338379e-01,8.541079163551330566e-01,6.428856253623962402e-01,-1.908512562513351440e-01,-1.770803213119506836e+00,-3.874432444572448730e-01,6.428646445274353027e-01,-1.757165312767028809e+00,-1.169312238693237305e+00,3.258536010980606079e-02,-1.323102355003356934e+00,1.410497784614562988e+00,-3.646485209465026855e-01,2.155284285545349121e-01,6.431660801172256470e-02,-4.231591522693634033e-01,-3.285463750362396240e-01,9.940438866615295410e-01,-4.109484851360321045e-01,5.663743019104003906e-01,-9.295954704284667969e-01,-9.598606824874877930e-01,1.874639838933944702e-01,2.077693492174148560e-01,6.596587300300598145e-01,-6.463983058929443359e-01,6.639853715896606445e-01,-4.393508285284042358e-02,-5.215267539024353027e-01,0.000000000000000000e+00
-2.286534011363983154e-01,-1.302913784980773926e+00,-8.789200782775878906e-01,4.667973816394805908e-01,-1.511223673820495605e+00,1.159345149993896484e+00,7.756872773170471191e-01,8.232417106628417969e-01,1.037483692169189453e+00,1.227112889289855957e+00,2.527154088020324707e-01,-2.909106612205505371e-01,1.766964554786682129e+00,4.021629095077514648e-01,1.016220331192016602e+00,2.260702371597290039e+00,-4.531151354312896729e-01,0.000000000000000000e+00,3.201601505279541016e+00,7.764223814010620117e-01,2.702847123146057129e-01,1.881154417991638184e+00,-6.404815316200256348e-01,1.097233414649963379e+00,6.225424408912658691e-01,1.397422552108764648e+00,-5.768193006515502930e-01,-1.577357053756713867e+00,-1.675665140151977539e+00,2.665120959281921387e-01,-1.208992302417755127e-01,1.156131178140640259e-01,-1.418780803680419922e+00,-4.638793468475341797e-01,3.223523497581481934e-01,7.095662504434585571e-02,2.892042696475982666e-01,-8.590634465217590332e-01,-1.433293938636779785e+00,-4.068498313426971436e-01,-1.322934508323669434e+00,-2.006710469722747803e-01,-1.182225227355957031e+00,-2.932386100292205811e-01,-8.160143494606018066e-01,2.522285223007202148e+00,-1.461014986038208008e+00,1.282418608665466309e+00,-1.342741012573242188e+00,7.303787022829055786e-02,-9.125615954399108887e-01,-2.356220722198486328e+00,4.186309278011322021e-01,-3.649567663669586182e-01,3.410972356796264648e-01,3.652030229568481445e-02,-6.446185111999511719e-01,-3.050132989883422852e+00,0.000000000000000000e+00
-5.347625613212585449e-01,-3.531368821859359741e-02,2.376304864883422852e-01,-8.189939856529235840e-01,-2.956937849521636963e-01,-1.115632578730583191e-01,2.925121784210205078e-01,-7.171561121940612793e-01,-3.076303899288177490e-01,-1.832463622093200684e+00,9.959664344787597656e-01,-2.746341750025749207e-02,3.932793140411376953e-01,-5.338623523712158203e-01,1.475212574005126953e+00,6.886552572250366211e-01,-4.075497984886169434e-01,3.201601505279541016e+00,0.000000000000000000e+00,-3.312984108924865723e-01,7.117998003959655762e-01,1.325556635856628418e+00,2.344958484172821045e-02,-1.430011987686157227e+00,1.567176818847656250e+00,-4.888670444488525391e-01,6.136291623115539551e-01,-5.124315619468688965e-01,7.455908060073852539e-01,6.656603217124938965e-01,-4.867078363895416260e-01,-1.695508509874343872e-01,6.019670963287353516e-01,-9.217416048049926758e-01,6.676663160324096680e-01,8.133289217948913574e-01,8.726266622543334961e-01,4.820190966129302979e-01,1.525755286216735840e+00,1.135455012321472168e+00,1.928052753210067749e-01,2.987208068370819092e-01,6.323129534721374512e-01,7.851910591125488281e-01,-7.686956524848937988e-01,1.636696457862854004e+00,-1.285664558410644531e+00,-8.303824663162231445e-01,4.181963577866554260e-02,-2.097476482391357422e+00,-5.867800116539001465e-01,-1.556921482086181641e+00,1.875738799571990967e-01,-5.299971997737884521e-02,-1.195330142974853516e+00,2.255164831876754761e-01,-7.359639406204223633e-01,3.450791537761688232e-02,0.000000000000000000e+00
-4.818859398365020752e-01,-4.188931286334991455e-01,-9.526187181472778320e-01,-9.385433793067932129e-01,-2.608215212821960449e-01,-2.615721225738525391e-01,-1.978227794170379639e-01,-6.564798355102539062e-01,1.020494103431701660e+00,6.269228458404541016e-02,-4.993900358676910400e-01,1.249636784195899963e-01,-3.708338737487792969e-01,-1.482764631509780884e-01,-1.980548948049545288e-01,-2.872520685195922852e-01,7.512941956520080566e-01,7.764223814010620117e-01,-3.312984108924865723e-01,0.000000000000000000e+00,1.586675524711608887e+00,3.442072868347167969e+00,1.012277156114578247e-01,6.728548407554626465e-01,7.211220860481262207e-01,-2.101187407970428467e-01,9.267559051513671875e-01,4.199077785015106201e-01,2.352665178477764130e-02,-5.384088158607482910e-01,8.365705609321594238e-02,6.241594254970550537e-02,1.985560506582260132e-01,-5.445399284362792969e-01,4.037717282772064209e-01,-2.854749858379364014e-01,-7.915492653846740723e-01,-1.102467477321624756e-01,-1.368141055107116699e+00,-7.319898009300231934e-01,1.802913397550582886e-01,-1.631584614515304565e-01,-8.641489148139953613e-01,1.183464601635932922e-01,-3.582369685173034668e-01,-1.411197781562805176e+00,4.552912414073944092e-01,-8.821112513542175293e-01,-2.989688813686370850e-01,-5.137334465980529785e-01,-2.073621302843093872e-01,-1.305638909339904785e+00,-1.371700644493103027e+00,-1.573757529258728027e-01,-4.455918371677398682e-01,3.589665889739990234e-01,8.208732008934020996e-01,1.920665204524993896e-01,0.000000000000000000e+00
-2.384855151176452637e-01,-7.489507198333740234e-01,-3.533676564693450928e-01,-7.538729310035705566e-01,-1.087473779916763306e-01,-9.811336994171142578e-01,3.881792724132537842e-01,-1.163395524024963379e+00,-3.494139909744262695e-01,1.627230167388916016e+00,-2.426334172487258911e-01,4.777161478996276855e-01,-7.156576514244079590e-01,-7.157091498374938965e-01,-5.616550445556640625e-01,-5.930534005165100098e-01,8.897782117128372192e-02,2.702847123146057129e-01,7.117998003959655762e-01,1.586675524711608887e+00,0.000000000000000000e+00,-5.737165808677673340e-01,1.120387434959411621e+00,7.869936823844909668e-01,1.424934744834899902e+00,-6.958885192871093750e-01,3.770894706249237061e-01,1.029662251472473145e+00,4.219128564000129700e-02,1.437902808189392090e+00,9.821086525917053223e-01,-1.005556821823120117e+00,4.538183212280273438e-01,2.251359462738037109e+00,2.870910763740539551e-01,7.250209450721740723e-01,8.980197310447692871e-01,5.771695375442504883e-01,-1.257626056671142578e+00,-5.877029895782470703e-01,2.845027446746826172e-01,2.650282382965087891e-01,-5.582089424133300781e-01,-2.277915716171264648e+00,8.138605952262878418e-01,1.823570877313613892e-01,5.736103653907775879e-01,-1.851063966751098633e-01,-5.493376255035400391e-01,-8.649346232414245605e-02,-9.980021119117736816e-01,-9.294295310974121094e-01,-2.068835735321044922e+00,-6.864080429077148438e-01,8.733102083206176758e-01,3.838238716125488281e-01,-3.897201418876647949e-01,-1.400212883949279785e+00,0.000000000000000000e+00
-1.219547629356384277e+00,-1.594101667404174805e+00,-1.403040647506713867e+00,-3.129548132419586182e-01,-9.523541927337646484e-01,7.120515108108520508e-01,-8.062834739685058594e-01,-7.672063261270523071e-02,1.299351811408996582e+00,-8.054325580596923828e-01,-2.158458083868026733e-01,-1.311110973358154297e+00,1.826186537742614746e+00,3.930531442165374756e-01,9.396633505821228027e-01,9.761604070663452148e-01,5.226184725761413574e-01,1.881154417991638184e+00,1.325556635856628418e+00,3.442072868347167969e+00,-5.737165808677673340e-01,0.000000000000000000e+00,2.259506940841674805e+00,-9.188162684440612793e-01,6.367363035678863525e-02,-1.065388560295104980e+00,-1.765875101089477539e+00,9.345104098320007324e-01,1.272309720516204834e-01,1.259057998657226562e+00,1.528794616460800171e-01,8.935248255729675293e-01,-7.635039687156677246e-01,3.392795622348785400e-01,-2.152662038803100586e+00,-1.396381497383117676e+00,-1.875535488128662109e+00,-1.803815722465515137e+00,5.630390048027038574e-01,-5.385397076606750488e-01,6.847422122955322266e-01,-4.609147906303405762e-01,-2.986592352390289307e-01,1.402023315429687500e+00,-7.380068898200988770e-01,9.087542891502380371e-01,-8.812876939773559570e-01,-1.244669914245605469e+00,-3.227869272232055664e-01,3.433052450418472290e-02,-1.096054077148437500e+00,1.210953116416931152e+00,6.822956800460815430e-01,2.591415643692016602e-01,-2.472525358200073242e+00,-1.088329672813415527e+00,-2.420100420713424683e-01,-1.250355839729309082e+00,0.000000000000000000e+00
9.641886949539184570e-01,-1.511333107948303223e+00,-1.221381187438964844e+00,-1.752372741699218750e+00,-3.117682635784149170e-01,1.566231966018676758e+00,2.301441133022308350e-01,4.903481900691986084e-01,1.335116505622863770e+00,1.886035650968551636e-01,2.076631039381027222e-01,6.034126281738281250e-01,1.349824786186218262e+00,-4.568713307380676270e-01,9.930694103240966797e-01,-3.735663136467337608e-03,2.040245682001113892e-01,-6.404815316200256348e-01,2.344958484172821045e-02,1.012277156114578247e-01,1.120387434959411621e+00,2.259506940841674805e+00,0.000000000000000000e+00,1.137922048568725586e+00,7.652933597564697266e-01,2.242519706487655640e-01,-1.446288079023361206e-01,2.426088333129882812e+00,1.102995514869689941e+00,1.222292780876159668e+00,3.293498754501342773e-01,3.158865272998809814e-01,-9.060104489326477051e-01,-2.229496002197265625e+00,6.361160874366760254e-01,-1.176114201545715332e+00,3.224339485168457031e-01,3.657310903072357178e-01,2.355811558663845062e-02,6.743879914283752441e-01,3.513178527355194092e-01,4.999249279499053955e-01,-2.773379564285278320e+00,5.806356668472290039e-01,3.533307015895843506e-01,-2.513136342167854309e-02,-7.368317246437072754e-01,-5.464925765991210938e-01,-3.764624595642089844e-01,-1.531922578811645508e+00,-3.257428109645843506e-01,-9.610353708267211914e-01,-3.507724702358245850e-01,-6.168249249458312988e-01,-1.885369181632995605e+00,-2.441035956144332886e-01,-2.447789534926414490e-02,-9.276068210601806641e-01,0.000000000000000000e+00
1.909752935171127319e-01,-4.478700757026672363e-01,-9.592965841293334961e-01,-1.172383502125740051e-01,-1.455195307731628418e+00,-7.726132869720458984e-01,-2.283091098070144653e-01,-2.542225420475006104e-01,-9.205637127161026001e-02,-4.475253224372863770e-01,2.991453409194946289e-01,7.092264890670776367e-01,-8.496722579002380371e-01,-1.803513288497924805e+00,-8.184978365898132324e-01,-3.437703847885131836e-02,-2.943932414054870605e-01,1.097233414649963379e+00,-1.430011987686157227e+00,6.728548407554626465e-01,7.869936823844909668e-01,-9.188162684440612793e-01,1.137922048568725586e+00,0.000000000000000000e+00,1.064777016639709473e+00,7.598562836647033691e-01,3.110482692718505859e+00,-7.659727931022644043e-01,-1.579872667789459229e-01,1.128156065940856934e+00,7.523918151855468750e-01,2.399137973785400391e+00,2.109646350145339966e-01,1.085910558700561523e+00,5.977699160575866699e-02,7.521939277648925781e-01,8.419994115829467773e-01,7.327225804328918457e-02,-1.557160854339599609e+00,-2.367243915796279907e-01,6.329226493835449219e-01,-5.358546972274780273e-01,3.144085705280303955e-01,5.342066884040832520e-01,-1.017249464988708496e+00,-2.454972267150878906e+00,-7.855052351951599121e-01,-1.608734488487243652e+00,1.031896710395812988e+00,-8.511711955070495605e-01,-4.972727596759796143e-01,-4.208389520645141602e-01,2.568450868129730225e-01,-3.508139550685882568e-01,-7.134332321584224701e-03,3.111763596534729004e-01,2.995311319828033447e-01,-6.353864669799804688e-01,0.000000000000000000e+00
-1.125898361206054688e+00,-5.412721633911132812e-01,1.524453312158584595e-01,-4.692475199699401855e-01,-2.839532494544982910e-01,1.371768593788146973e+00,4.542788863182067871e-01,1.209057927131652832e+00,2.378671616315841675e-01,-2.423752307891845703e+00,-6.118261218070983887e-01,1.434450000524520874e-01,2.294368445873260498e-01,-1.210108160972595215e+00,8.988223075866699219e-01,7.654141634702682495e-02,6.203626990318298340e-01,6.225424408912658691e-01,1.567176818847656250e+00,7.211220860481262207e-01,1.424934744834899902e+00,6.367363035678863525e-02,7.652933597564697266e-01,1.064777016639709473e+00,0.000000000000000000e+00,2.412295818328857422e+00,6.413566470146179199e-01,1.245305538177490234e+00,-1.949353069067001343e-01,1.237345814704895020e+00,1.954921036958694458e-01,-9.438605308532714844e-01,-6.072755455970764160e-01,2.549963891506195068e-01,-1.037149906158447266e+00,5.337730050086975098e-01,-6.216331198811531067e-02,-1.603852152824401855e+00,4.861515015363693237e-02,4.881191849708557129e-01,4.227893352508544922e-01,1.370301127433776855e+00,3.081274628639221191e-01,1.504970550537109375e+00,-3.877770602703094482e-01,7.588749378919601440e-02,-6.106960773468017578e-01,-8.403057456016540527e-01,-3.667224645614624023e-01,-1.271690964698791504e+00,-1.471301555633544922e+00,-1.365730524063110352e+00,9.815459251403808594e-01,-1.022555679082870483e-01,-1.641749143600463867e-01,-4.023931920528411865e-01,-7.700838148593902588e-02,-7.844710350036621094e-01,0.000000000000000000e+00
3.872576653957366943e-01,-5.698012709617614746e-01,-7.616429775953292847e-02,8.305060267448425293e-01,-2.451510727405548096e-01,-3.504746854305267334e-01,-2.961005568504333496e-01,2.828164100646972656e-01,-6.601539850234985352e-01,-7.737264037132263184e-01,-5.720033645629882812e-01,-4.211768507957458496e-01,3.274405300617218018e-01,3.960450291633605957e-01,-7.362129092216491699e-01,-2.767578065395355225e-01,2.556238770484924316e-01,1.397422552108764648e+00,-4.888670444488525391e-01,-2.101187407970428467e-01,-6.958885192871093750e-01,-1.065388560295104980e+00,2.242519706487655640e-01,7.598562836647033691e-01,2.412295818328857422e+00,0.000000000000000000e+00,2.018221616744995117e+00,4.137461185455322266e-01,6.446837186813354492e-01,-1.373708993196487427e-01,-8.615646362304687500e-01,8.067253828048706055e-01,2.044833153486251831e-01,3.716920912265777588e-01,-1.526008129119873047e+00,7.374405264854431152e-01,1.176643610000610352e+00,-1.449839472770690918e+00,1.002632498741149902e+00,6.669289469718933105e-01,7.728923559188842773e-01,-6.672663986682891846e-02,1.755161523818969727e+00,7.286959886550903320e-01,7.527023553848266602e-01,-2.546904087066650391e-01,1.047891825437545776e-01,-4.259900748729705811e-01,1.073018193244934082e+00,3.338156044483184814e-01,-1.370576620101928711e+00,-6.096764653921127319e-02,-1.728017814457416534e-02,3.967582583427429199e-01,-9.607001543045043945e-01,4.992363452911376953e-01,4.316546916961669922e-01,-7.964823842048645020e-01,0.000000000000000000e+00
