0.000000000000000000e+00,2.248788356781005859e+00,1.256111860275268555e+00,1.376490950584411621e+00,-9.924887418746948242e-01,-6.213672161102294922e-01,-1.799739241600036621e+00,-4.235519468784332275e-02,-1.065139546990394592e-01,-4.829527437686920166e-01,1.107922077178955078e+00,8.141852170228958130e-02,4.726899862289428711e-01,-5.317935943603515625e-01,-2.590205669403076172e-01,8.475881218910217285e-01,-7.882373780012130737e-02,1.027971386909484863e+00,-1.187216401100158691e+00,-6.125879287719726562e-01,-2.830001115798950195e+00,2.229430824518203735e-01,2.012825250625610352e+00,5.808508768677711487e-02,-9.949517846107482910e-01,-4.331411421298980713e-01,-1.022146344184875488e+00,5.105147957801818848e-01,1.112668275833129883e+00,-2.928286232054233551e-02,-4.877361953258514404e-01,2.995660305023193359e-01,-1.191154003143310547e+00,6.145477294921875000e-01,1.154592871665954590e+00,9.922067523002624512e-01,1.003099560737609863e+00,-9.390836358070373535e-01,7.988966703414916992e-01,1.026090309023857117e-01,-9.694288372993469238e-01,6.498365998268127441e-01,2.438321411609649658e-01,6.225759983062744141e-01,-6.426031589508056641e-01,-6.243239343166351318e-02,-2.674974679946899414e+00,-1.080259203910827637e+00,4.542309418320655823e-02,8.473150730133056641e-01,-2.279882669448852539e+00,-8.681500554084777832e-01,3.632091581821441650e-01,8.673452138900756836e-01,8.745720982551574707e-02,1.059654116630554199e+00,-4.184395372867584229e-01,-1.559481620788574219e+00,-4.354795813560485840e-01
2.248788356781005859e+00,0.000000000000000000e+00,1.574979543685913086e+00,-7.022936344146728516e-01,2.085433483123779297e+00,-8.296291232109069824e-01,9.168092608451843262e-01,-4.672588109970092773e-01,-2.336553335189819336e+00,1.610527992248535156e+00,1.954196095466613770e-01,-1.178595900535583496e+00,8.088811635971069336e-01,1.300326824188232422e+00,-1.987936854362487793e+00,-1.202933430671691895e+00,1.920551620423793793e-02,-1.287759244441986084e-01,5.782351829111576080e-03,-5.902830958366394043e-01,-2.454846054315567017e-01,-9.976814389228820801e-01,-7.404503226280212402e-01,-1.097649216651916504e+00,2.307137101888656616e-01,-1.456232190132141113e+00,-8.074364662170410156e-01,-8.466021418571472168e-01,-2.692571580410003662e-01,3.312138319015502930e-01,1.315267086029052734e+00,-1.924928188323974609e+00,1.404139399528503418e+00,7.249479889869689941e-01,-7.004639506340026855e-01,1.636840701103210449e+00,-1.015925034880638123e-01,5.184214115142822266e-01,1.534542918205261230e+00,4.868272542953491211e-01,-4.913445934653282166e-02,-1.246320366859436035e+00,-1.121122315526008606e-01,-5.181392654776573181e-03,3.561163544654846191e-01,2.768642902374267578e-01,-1.977096080780029297e+00,-1.732696413993835449e+00,5.596341937780380249e-02,-1.928297430276870728e-01,1.050089448690414429e-01,3.915265202522277832e-01,-2.656631767749786377e-01,-9.670321941375732422e-01,2.157230824232101440e-01,1.910161375999450684e+00,-3.657964468002319336e-01,1.621456742286682129e+00,1.003444433212280273e+00
1.256111860275268555e+00,1.574979543685913086e+00,0.000000000000000000e+00,1.789140939712524414e+00,2.196789979934692383e+00,1.253979682922363281e+00,2.732023000717163086e-01,5.797313451766967773e-01,1.812065094709396362e-01,1.097965121269226074e+00,2.547200322151184082e-01,-2.124596536159515381e-01,9.426076412200927734e-01,1.256590127944946289e+00,5.340829491615295410e-01,-1.072698980569839478e-01,-6.133353710174560547e-01,1.039370298385620117e+00,5.203426480293273926e-01,-8.222667574882507324e-01,-2.257114797830581665e-01,1.102441549301147461e+00,-2.491290569305419922e+00,-3.962161540985107422e-01,8.373205065727233887e-01,1.591730862855911255e-01,-1.447986125946044922e+00,-2.887219563126564026e-02,-8.817298412322998047e-01,2.696985602378845215e-01,6.984534859657287598e-01,1.649985909461975098e-01,4.670184850692749023e-02,-4.876224100589752197e-01,2.872833050787448883e-02,-1.085203647613525391e+00,-9.047760367393493652e-01,-2.392363399267196655e-01,7.674751430749893188e-02,-1.035189270973205566e+00,7.689713239669799805e-01,-6.839346289634704590e-01,4.021688401699066162e-01,-8.271818161010742188e-01,3.624329566955566406e-01,-1.483907222747802734e+00,-1.627343416213989258e+00,-2.581832110881805420e-01,1.279953956604003906e+00,7.143720388412475586e-01,-8.452205359935760498e-02,-1.603893935680389404e-01,-3.577279448509216309e-01,2.010607123374938965e-01,1.778518594801425934e-02,-1.910720348358154297e+00,-9.791581034660339355e-01,-1.174322485923767090e+00,-4.677459895610809326e-01
1.376490950584411621e+00,-7.022936344146728516e-01,1.789140939712524414e+00,0.000000000000000000e+00,1.835090875625610352e+00,1.619826436042785645e+00,-2.105191200971603394e-01,1.165646553039550781e+00,-5.208455324172973633e-01,-1.207515895366668701e-01,1.494257092475891113e+00,-2.617458105087280273e-01,9.031084775924682617e-01,-3.503105163574218750e+00,-5.276159644126892090e-01,1.289480090141296387e+00,-1.438538581132888794e-01,1.266781687736511230e+00,-6.216326951980590820e-01,-6.578167676925659180e-01,-8.121851682662963867e-01,-1.412965893745422363e+00,1.629285812377929688e-01,-6.246234774589538574e-01,-1.647960901260375977e+00,-2.416532486677169800e-01,-4.325042068958282471e-01,-4.558432102203369141e-01,-4.952354431152343750e-01,-1.228594303131103516e+00,1.090482234954833984e+00,9.817154407501220703e-01,3.865730166435241699e-01,-2.027727365493774414e+00,6.087617874145507812e-01,4.531630873680114746e-01,7.893474102020263672e-01,8.212122917175292969e-01,2.123689413070678711e+00,1.875932812690734863e+00,2.304034084081649780e-01,-1.257106512784957886e-01,-3.050309047102928162e-02,-2.777475833892822266e+00,-1.403899431228637695e+00,4.725487530231475830e-01,-1.138953566551208496e+00,1.180015683174133301e+00,-3.063191473484039307e-01,4.199752807617187500e-01,-1.665663957595825195e+00,-9.429553747177124023e-01,6.291300058364868164e-01,1.207715034484863281e+00,4.561786651611328125e-01,-4.744222462177276611e-01,-2.092101812362670898e+00,-1.133379340171813965e+00,-8.562313914299011230e-01
-9.924887418746948242e-01,2.085433483123779297e+00,2.196789979934692383e+00,1.835090875625610352e+00,0.000000000000000000e+00,2.045693695545196533e-01,2.783389091491699219e+00,2.437256097793579102e+00,-3.003239333629608154e-01,6.233005523681640625e-01,-2.625517779961228371e-03,-7.828611135482788086e-01,-1.202176928520202637e+00,-8.371044993400573730e-01,-3.485115170478820801e-01,-1.116829395294189453e+00,1.039620041847229004e-01,-5.907483696937561035e-01,-1.287054181098937988e+00,-6.973457336425781250e-01,-6.135590076446533203e-01,-4.017532616853713989e-02,9.748992323875427246e-01,2.854856550693511963e-01,-1.862350583076477051e+00,-4.635026454925537109e-01,4.232465624809265137e-01,-1.727048009634017944e-01,-1.059803009033203125e+00,1.207108497619628906e+00,-1.047686219215393066e+00,6.144457459449768066e-01,-2.611994743347167969e-01,-1.317435979843139648e+00,3.541866242885589600e-01,-5.128597617149353027e-01,1.985300183296203613e-01,4.058815240859985352e-01,-1.245957136154174805e+00,1.627468019723892212e-01,-1.386962294578552246e+00,3.072035610675811768e-01,1.191023811697959900e-01,-1.906449645757675171e-01,-1.550402641296386719e-01,7.203551530838012695e-01,-1.433310031890869141e+00,3.080978095531463623e-01,-6.823979020118713379e-01,-1.015185117721557617e+00,8.665156960487365723e-01,1.293460249900817871e+00,-5.237966775894165039e-01,2.627427279949188232e-01,9.611347317695617676e-01,-1.402888059616088867e+00,-1.857006251811981201e-01,6.540237069129943848e-01,2.335677742958068848e-01
-6.213672161102294922e-01,-8.296291232109069824e-01,1.253979682922363281e+00,1.619826436042785645e+00,2.045693695545196533e-01,0.000000000000000000e+00,1.498548150062561035e+00,7.244313955307006836e-01,8.560662865638732910e-01,2.023630857467651367e+00,-9.676167964935302734e-01,7.883668541908264160e-01,-1.472616791725158691e+00,4.518241584300994873e-01,9.047737121582031250e-01,-3.375591933727264404e-01,-4.034309387207031250e-01,1.040974020957946777e+00,-6.873331069946289062e-01,-9.959153532981872559e-01,6.315632462501525879e-01,-1.005469560623168945e+00,5.000244975090026855e-01,-1.580921411514282227e-01,2.426174730062484741e-01,-2.909760475158691406e-01,-2.599681317806243896e-01,6.682874560356140137e-01,5.524975657463073730e-01,-6.197546124458312988e-01,-3.017128705978393555e-01,3.184939622879028320e-01,-5.562216639518737793e-01,-2.105796039104461670e-01,1.104421973228454590e+00,-2.835703194141387939e-01,-1.194959521293640137e+00,-5.429669022560119629e-01,2.554707229137420654e-01,-1.438642859458923340e+00,-1.464888453483581543e+00,1.968631595373153687e-01,-9.951845407485961914e-01,-9.477531164884567261e-02,-5.848875641822814941e-01,3.192005157470703125e-01,2.463360279798507690e-01,1.093015193939208984e+00,3.767716288566589355e-01,-5.830072164535522461e-01,-1.023526310920715332e+00,-4.270115494728088379e-01,9.677508473396301270e-01,1.072097659111022949e+00,-8.997640013694763184e-01,-3.915454745292663574e-01,-3.667832016944885254e-01,-4.690718054771423340e-01,-1.355908364057540894e-01
-1.799739241600036621e+00,9.168092608451843262e-01,2.732023000717163086e-01,-2.105191200971603394e-01,2.783389091491699219e+00,1.498548150062561035e+00,0.000000000000000000e+00,2.656982183456420898e+00,-4.072665274143218994e-01,-1.199880480766296387e+00,-2.054148912429809570e-01,3.476901650428771973e-01,7.090019583702087402e-01,9.954515099525451660e-01,5.881715938448905945e-02,-6.719036698341369629e-01,9.579442143440246582e-01,-4.029189050197601318e-01,5.724802613258361816e-01,-2.607390880584716797e-01,-1.086388900876045227e-01,2.496040314435958862e-01,1.476987838745117188e+00,-2.566373348236083984e-01,-4.684211686253547668e-02,2.329344451427459717e-01,-3.865425884723663330e-01,3.707921206951141357e-01,-5.434089303016662598e-01,1.021898612380027771e-01,-8.975839614868164062e-01,-3.325909972190856934e-01,5.210721120238304138e-02,7.090039253234863281e-01,-6.975605338811874390e-02,-2.659365236759185791e-01,-1.264922976493835449e+00,1.160422325134277344e+00,-4.894508123397827148e-01,-1.596889138221740723e+00,-6.578197479248046875e-01,-1.361800134181976318e-01,-2.674918770790100098e-01,-4.257089197635650635e-01,-2.709884345531463623e-01,-2.779517788439989090e-03,1.125987529754638672e+00,8.453882932662963867e-01,2.623578906059265137e-01,-5.169121623039245605e-01,1.307933926582336426e+00,2.307715713977813721e-01,-1.148805975914001465e+00,-3.259964585304260254e-01,3.874747753143310547e-01,-1.897229671478271484e+00,8.912554383277893066e-01,-1.285951137542724609e-01,-1.006701350212097168e+00
-4.235519468784332275e-02,-4.672588109970092773e-01,5.797313451766967773e-01,1.165646553039550781e+00,2.437256097793579102e+00,7.244313955307006836e-01,2.656982183456420898e+00,0.000000000000000000e+00,5.431202650070190430e-01,-2.403382062911987305e-01,2.412062883377075195e-01,8.589422702789306641e-01,-1.401061058044433594e+00,-1.855621218681335449e+00,7.823840379714965820e-01,-8.897296190261840820e-01,-1.826114654541015625e-01,9.450055956840515137e-01,-7.477713823318481445e-01,5.555294752120971680e-01,1.331214427947998047e+00,1.646229177713394165e-01,1.870660901069641113e+00,1.656293123960494995e-01,-3.275423496961593628e-02,-6.330100893974304199e-01,-1.987415738403797150e-02,-6.074376106262207031e-01,-3.862767815589904785e-01,1.888507485389709473e+00,-1.472304165363311768e-01,-4.409876167774200439e-01,-6.864277720451354980e-01,-8.166111111640930176e-01,-1.684028267860412598e+00,-1.741138339042663574e+00,-1.342836320400238037e-01,2.745765149593353271e-01,-1.885067105293273926e+00,-5.364544391632080078e-01,1.365687847137451172e-01,-1.845604926347732544e-01,-7.302866578102111816e-01,1.006379604339599609e+00,6.325650811195373535e-01,-8.186151981353759766e-01,7.120689153671264648e-01,7.535020709037780762e-01,4.882227182388305664e-01,-9.982768297195434570e-01,7.313424348831176758e-02,-2.321572415530681610e-02,-2.979847431182861328e+00,-9.200107455253601074e-01,-1.453924298286437988e+00,4.677999392151832581e-02,2.631390094757080078e-01,-9.971572756767272949e-01,1.087813496589660645e+00
-1.065139546990394592e-01,-2.336553335189819336e+00,1.812065094709396362e-01,-5.208455324172973633e-01,-3.003239333629608154e-01,8.560662865638732910e-01,-4.072665274143218994e-01,5.431202650070190430e-01,0.000000000000000000e+00,2.090896368026733398e+00,-5.361402034759521484e-01,1.837804675102233887e+00,-8.642880916595458984e-01,1.065212845802307129e+00,2.667881250381469727e+00,-9.834444522857666016e-02,1.443825513124465942e-01,1.051326394081115723e+00,3.368395566940307617e-01,1.815835595130920410e+00,1.160254001617431641e+00,1.566246986389160156e+00,-3.831326961517333984e-01,-6.991525292396545410e-01,5.714840292930603027e-01,3.824464082717895508e-01,1.051387488842010498e-01,-6.410412788391113281e-01,1.001133173704147339e-01,-3.438215255737304688e-01,-5.051283836364746094e-01,-1.337771713733673096e-01,-1.394418716430664062e+00,1.751838438212871552e-02,-1.836933732032775879e+00,-1.996150970458984375e+00,-1.266802430152893066e+00,-6.442131847143173218e-02,-1.975872397422790527e+00,-2.070810943841934204e-01,-1.056147456169128418e+00,-1.437359094619750977e+00,-6.679334044456481934e-01,-1.406201869249343872e-01,5.849304199218750000e-01,-7.819596678018569946e-02,-7.592101693153381348e-01,7.371610403060913086e-01,-9.285974502563476562e-01,-8.404704332351684570e-01,-3.183255791664123535e-01,-1.327196359634399414e+00,-5.037698745727539062e-01,3.270813226699829102e-01,-4.599848389625549316e-01,-6.127732992172241211e-01,1.275414824485778809e+00,-4.745016992092132568e-01,4.343018531799316406e-01
-4.829527437686920166e-01,1.610527992248535156e+00,1.097965121269226074e+00,-1.207515895366668701e-01,6.233005523681640625e-01,2.023630857467651367e+00,-1.199880480766296387e+00,-2.403382062911987305e-01,2.090896368026733398e+00,0.000000000000000000e+00,2.513612031936645508e+00,1.158213734626770020e+00,2.286099433898925781e+00,6.899160891771316528e-02,1.216153264045715332e+00,2.997269034385681152e-01,-3.067392706871032715e-01,-1.655064225196838379e+00,-5.702180266380310059e-01,-3.748660683631896973e-01,-1.593512743711471558e-01,-5.114642977714538574e-01,1.338469982147216797e+00,-2.153092861175537109e+00,3.276289999485015869e-01,-1.222444534301757812e+00,-3.953215777873992920e-01,-1.211166739463806152e+00,-1.076341986656188965e+00,-1.389155149459838867e+00,-2.457004308700561523e+00,-1.346826076507568359e+00,8.063033819198608398e-01,-1.594647645950317383e+00,-6.540541052818298340e-01,-1.309107780456542969e+00,-1.180317401885986328e+00,-1.650710463523864746e+00,8.695025444030761719e-01,9.710460156202316284e-02,9.280110597610473633e-01,-1.873494982719421387e-01,-2.268702387809753418e-01,1.832123637199401855e+00,1.323623955249786377e-01,-1.000217646360397339e-01,-2.476558208465576172e+00,3.050080128014087677e-02,1.019478082656860352e+00,-2.197752952575683594e+00,2.256398200988769531e+00,-1.247496008872985840e+00,-1.601486444473266602e+00,7.651910185813903809e-01,-1.449477314949035645e+00,-1.831695199012756348e+00,3.185750544071197510e-01,1.516558676958084106e-01,-8.337755203247070312e-01
1.107922077178955078e+00,1.954196095466613770e-01,2.547200322151184082e-01,1.494257092475891113e+00,-2.625517779961228371e-03,-9.676167964935302734e-01,-2.054148912429809570e-01,2.412062883377075195e-01,-5.361402034759521484e-01,2.513612031936645508e+00,0.000000000000000000e+00,6.104505658149719238e-01,8.121024370193481445e-01,1.905858159065246582e+00,-2.344852313399314880e-02,-6.127438545227050781e-01,-4.494170546531677246e-01,-1.172517687082290649e-01,-2.582581043243408203e-01,-1.187165617942810059e+00,-2.376613467931747437e-01,-2.760978974401950836e-02,-2.919346988201141357e-01,5.492629408836364746e-01,-1.131943464279174805e+00,-9.117936491966247559e-01,4.179853796958923340e-01,-1.213193416595458984e+00,-1.015955090522766113e+00,-1.444540143013000488e+00,6.782265305519104004e-01,8.761245012283325195e-01,3.967526853084564209e-01,1.084355831146240234e+00,9.719771742820739746e-01,1.024236083030700684e+00,1.329947412014007568e-01,-3.658330440521240234e-02,1.469330072402954102e+00,4.225072860717773438e-01,3.681741282343864441e-02,6.087392568588256836e-01,3.158370405435562134e-02,-4.964880347251892090e-01,-5.113380551338195801e-01,-5.485063195228576660e-01,2.456866800785064697e-01,-2.180700302124023438e+00,1.103340744972229004e+00,1.395267844200134277e+00,1.351048707962036133e+00,1.974781751632690430e-01,5.713787302374839783e-02,6.524251699447631836e-01,-2.141186594963073730e-01,7.169010639190673828e-01,-4.275242090225219727e-01,6.456736922264099121e-01,-1.809794425964355469e+00
8.141852170228958130e-02,-1.178595900535583496e+00,-2.124596536159515381e-01,-2.617458105087280273e-01,-7.828611135482788086e-01,7.883668541908264160e-01,3.476901650428771973e-01,8.589422702789306641e-01,1.837804675102233887e+00,1.158213734626770020e+00,6.104505658149719238e-01,0.000000000000000000e+00,2.778834402561187744e-01,5.995401144027709961e-01,2.199463367462158203e+00,2.973400652408599854e-01,6.501220464706420898e-01,1.429772675037384033e-01,4.078138768672943115e-01,-7.829765230417251587e-02,8.792335987091064453e-01,6.723222136497497559e-02,2.727412879467010498e-01,-3.654024302959442139e-01,2.969231903553009033e-01,-6.681125760078430176e-01,-2.271566689014434814e-01,-5.980740189552307129e-01,-3.101629316806793213e-01,-2.434780299663543701e-01,-1.268756091594696045e-01,2.199212908744812012e-01,-7.550234198570251465e-01,-6.135266423225402832e-01,-1.120024561882019043e+00,-1.208043456077575684e+00,-9.887549877166748047e-01,-1.895349174737930298e-01,-9.256739020347595215e-01,6.305130720138549805e-01,-8.372133970260620117e-01,-5.685511231422424316e-01,-7.426998019218444824e-01,-4.208499193191528320e-01,1.147577881813049316e+00,8.603606224060058594e-01,-8.049005866050720215e-01,-1.182902082800865173e-01,-8.380445241928100586e-01,3.891991674900054932e-01,7.168023381382226944e-03,-9.798668026924133301e-01,-7.285681366920471191e-01,-4.928110241889953613e-01,7.221089303493499756e-02,1.550458222627639771e-01,1.223903298377990723e-01,-1.074879840016365051e-01,4.322328269481658936e-01
4.726899862289428711e-01,8.088811635971069336e-01,9.426076412200927734e-01,9.031084775924682617e-01,-1.202176928520202637e+00,-1.472616791725158691e+00,7.090019583702087402e-01,-1.401061058044433594e+00,-8.642880916595458984e-01,2.286099433898925781e+00,8.121024370193481445e-01,2.778834402561187744e-01,0.000000000000000000e+00,1.826054811477661133e+00,1.870156675577163696e-01,-8.947011232376098633e-01,-3.101197481155395508e-01,-9.236835241317749023e-01,9.074247479438781738e-01,-9.564691185951232910e-01,1.659150719642639160e-01,-1.617531478404998779e-01,2.943166196346282959e-01,2.913219630718231201e-01,6.808605194091796875e-01,7.971438765525817871e-02,5.787255940958857536e-05,7.929433584213256836e-01,9.924238324165344238e-01,-2.790895998477935791e-01,-1.699978351593017578e+00,5.875130891799926758e-01,1.794069051742553711e+00,2.630314528942108154e-01,3.903772234916687012e-01,-7.266276329755783081e-02,1.139528989791870117e+00,-1.240354776382446289e+00,-5.068622827529907227e-01,-6.049023196101188660e-02,-1.131299138069152832e+00,-8.613431453704833984e-02,-6.164310500025749207e-02,2.984791994094848633e-01,-1.142502903938293457e+00,4.376679360866546631e-01,5.935884118080139160e-01,-7.375007867813110352e-01,-4.998086988925933838e-01,6.104198098182678223e-01,4.580057263374328613e-01,3.671824336051940918e-01,-1.325739324092864990e-01,2.558542490005493164e-01,1.000872254371643066e+00,2.475722730159759521e-01,-5.877599120140075684e-01,4.792060554027557373e-01,-2.698692381381988525e-01
-5.317935943603515625e-01,1.300326824188232422e+00,1.256590127944946289e+00,-3.503105163574218750e+00,-8.371044993400573730e-01,4.518241584300994873e-01,9.954515099525451660e-01,-1.855621218681335449e+00,1.065212845802307129e+00,6.899160891771316528e-02,1.905858159065246582e+00,5.995401144027709961e-01,1.826054811477661133e+00,0.000000000000000000e+00,1.396181106567382812e+00,3.350654602050781250e+00,-2.351058125495910645e-01,7.489010095596313477e-01,-7.341559529304504395e-01,3.003334105014801025e-01,8.865880370140075684e-01,2.651446163654327393e-01,-6.791711449623107910e-01,-1.347949951887130737e-01,2.078805267810821533e-01,-8.566253781318664551e-01,7.952762246131896973e-01,-1.794177651405334473e+00,-1.031779646873474121e+00,-2.532454133033752441e-01,-1.315413862466812134e-01,4.520585834980010986e-01,-9.385062456130981445e-01,-1.624613553285598755e-01,1.413051784038543701e-01,1.739528179168701172e-01,5.526120066642761230e-01,-2.259512186050415039e+00,-1.408590316772460938e+00,-6.316943764686584473e-01,-1.277653455734252930e+00,-1.270678732544183731e-02,1.411718726158142090e+00,-1.215905770659446716e-01,-3.951911032199859619e-01,1.028319597244262695e+00,-2.205719500780105591e-01,-1.297562956809997559e+00,-6.644411087036132812e-01,-1.130277872085571289e+00,-6.146978139877319336e-01,4.315455555915832520e-01,-1.104593753814697266e+00,-7.309958338737487793e-01,8.667314797639846802e-02,1.107603311538696289e+00,-5.631098151206970215e-02,2.458177879452705383e-02,2.539392411708831787e-01
-2.590205669403076172e-01,-1.987936854362487793e+00,5.340829491615295410e-01,-5.276159644126892090e-01,-3.485115170478820801e-01,9.047737121582031250e-01,5.881715938448905945e-02,7.823840379714965820e-01,2.667881250381469727e+00,1.216153264045715332e+00,-2.344852313399314880e-02,2.199463367462158203e+00,1.870156675577163696e-01,1.396181106567382812e+00,0.000000000000000000e+00,8.901904821395874023e-01,2.594724297523498535e-01,8.492422103881835938e-01,2.002501785755157471e-01,1.538093805313110352e+00,1.287221074104309082e+00,1.425978541374206543e+00,-9.549528360366821289e-02,1.811126619577407837e-01,5.356193780899047852e-01,3.970711678266525269e-02,-5.454204082489013672e-01,-1.028333663940429688e+00,-4.982323944568634033e-01,2.579710260033607483e-02,2.617736160755157471e-01,-1.597903855144977570e-02,-1.353957176208496094e+00,-8.867263197898864746e-01,-2.389894247055053711e+00,-2.547903537750244141e+00,-1.320884585380554199e+00,-7.745993733406066895e-01,-8.944202661514282227e-01,1.207358911633491516e-01,-8.877683430910110474e-02,-1.609262466430664062e+00,-6.722649931907653809e-01,-4.465937316417694092e-01,9.117298722267150879e-01,-5.807629227638244629e-01,-7.413043379783630371e-01,5.365715026855468750e-01,-1.207483053207397461e+00,-3.244783580303192139e-01,-4.604000747203826904e-01,-1.797154426574707031e+00,-1.078814625740051270e+00,-8.386484384536743164e-01,-3.533531725406646729e-01,-2.577068507671356201e-01,1.139976978302001953e+00,-8.435553312301635742e-01,1.928706020116806030e-01
8.475881218910217285e-01,-1.202933430671691895e+00,-1.072698980569839478e-01,1.289480090141296387e+00,-1.116829395294189453e+00,-3.375591933727264404e-01,-6.719036698341369629e-01,-8.897296190261840820e-01,-9.834444522857666016e-02,2.997269034385681152e-01,-6.127438545227050781e-01,2.973400652408599854e-01,-8.947011232376098633e-01,3.350654602050781250e+00,8.901904821395874023e-01,0.000000000000000000e+00,7.480587363243103027e-01,8.495280146598815918e-01,3.539995849132537842e-01,-1.192142069339752197e-02,-1.656660079956054688e+00,-9.662582278251647949e-01,6.840817928314208984e-01,1.986145138740539551e+00,2.856426239013671875e-01,-2.263425290584564209e-01,5.180087685585021973e-01,5.608308687806129456e-02,-2.395528405904769897e-01,1.190195679664611816e+00,-3.160665750503540039e+00,4.589189291000366211e-01,-7.829564213752746582e-01,2.208848446607589722e-01,8.996962904930114746e-01,1.555949211120605469e+00,5.039957761764526367e-01,-1.296592354774475098e+00,1.197854757308959961e+00,6.157323122024536133e-01,-2.552735805511474609e-02,7.830929160118103027e-01,-1.877457797527313232e-01,-1.329936504364013672e+00,-8.314406871795654297e-01,-8.758438229560852051e-01,3.665491044521331787e-01,5.453089475631713867e-01,-2.945876717567443848e-01,-3.152828514575958252e-01,-1.050177738070487976e-01,-7.074524760246276855e-01,-1.522646307945251465e+00,-3.018021285533905029e-01,1.526619672775268555e+00,1.107088997960090637e-01,-3.937747180461883545e-01,-1.445059537887573242e+00,-5.891982316970825195e-01
-7.882373780012130737e-02,1.920551620423793793e-02,-6.133353710174560547e-01,-1.438538581132888794e-01,1.039620041847229004e-01,-4.034309387207031250e-01,9.579442143440246582e-01,-1.826114654541015625e-01,1.443825513124465942e-01,-3.067392706871032715e-01,-4.494170546531677246e-01,6.501220464706420898e-01,-3.101197481155395508e-01,-2.351058125495910645e-01,2.594724297523498535e-01,7.480587363243103027e-01,0.000000000000000000e+00,5.923452973365783691e-01,4.434254467487335205e-01,1.573899269104003906e+00,5.457614660263061523e-01,-3.530399501323699951e-01,1.163535356521606445e+00,-5.780239701271057129e-01,8.539521098136901855e-01,5.731227397918701172e-01,5.081580281257629395e-01,1.288056492805480957e+00,1.302660942077636719e+00,6.794362664222717285e-01,-2.873251736164093018e-01,-3.423479199409484863e-01,-7.170687913894653320e-01,-4.220835566520690918e-01,-4.510466456413269043e-01,-4.664518535137176514e-01,7.389214634895324707e-02,-3.332955837249755859e-01,-7.852358222007751465e-01,2.237153798341751099e-01,-3.384152054786682129e-01,-1.801687180995941162e-01,-5.789103507995605469e-01,1.899655312299728394e-01,-8.422525525093078613e-01,3.708486631512641907e-02,-2.758722752332687378e-02,5.035632103681564331e-02,-5.473057031631469727e-01,-3.870026469230651855e-01,-7.216694951057434082e-01,-5.900287628173828125e-01,2.079249918460845947e-01,-5.115215182304382324e-01,-2.911512926220893860e-02,-2.591624855995178223e-01,-3.472114801406860352e-01,-2.800073921680450439e-01,1.961520165205001831e-01
1.027971386909484863e+00,-1.287759244441986084e-01,1.039370298385620117e+00,1.266781687736511230e+00,-5.907483696937561035e-01,1.040974020957946777e+00,-4.029189050197601318e-01,9.450055956840515137e-01,1.051326394081115723e+00,-1.655064225196838379e+00,-1.172517687082290649e-01,1.429772675037384033e-01,-9.236835241317749023e-01,7.489010095596313477e-01,8.492422103881835938e-01,8.495280146598815918e-01,5.923452973365783691e-01,0.000000000000000000e+00,2.874497473239898682e-01,1.637876510620117188e+00,1.335689902305603027e+00,1.256460428237915039e+00,5.073340535163879395e-01,-4.153716266155242920e-01,-2.750179171562194824e-01,1.068245410919189453e+00,7.993253469467163086e-01,1.045336365699768066e+00,1.533916115760803223e+00,5.683016777038574219e-01,-5.341081321239471436e-02,-8.628847599029541016e-01,-2.187514156103134155e-01,-1.866363883018493652e-01,-4.523721635341644287e-01,-1.380354762077331543e+00,-4.719968438148498535e-01,3.753938078880310059e-01,-2.220321178436279297e+00,-9.994385242462158203e-01,-1.579042077064514160e+00,-1.081773638725280762e+00,-5.224084258079528809e-01,1.413882225751876831e-01,-9.950777888298034668e-02,4.657374322414398193e-01,-1.626122117042541504e+00,2.289294719696044922e+00,-2.405033260583877563e-01,-4.145084619522094727e-01,-1.167750120162963867e+00,-1.258585095405578613e+00,1.185239195823669434e+00,-8.095660209655761719e-01,-4.842498004436492920e-01,1.864222288131713867e-01,8.764357864856719971e-02,-2.070127487182617188e+00,-8.493607640266418457e-01
-1.187216401100158691e+00,5.782351829111576080e-03,5.203426480293273926e-01,-6.216326951980590820e-01,-1.287054181098937988e+00,-6.873331069946289062e-01,5.724802613258361816e-01,-7.477713823318481445e-01,3.368395566940307617e-01,-5.702180266380310059e-01,-2.582581043243408203e-01,4.078138768672943115e-01,9.074247479438781738e-01,-7.341559529304504395e-01,2.002501785755157471e-01,3.539995849132537842e-01,4.434254467487335205e-01,2.874497473239898682e-01,0.000000000000000000e+00,-7.328693568706512451e-02,1.297247707843780518e-01,-5.328480601310729980e-01,-1.668634176254272461e+00,-1.256154924631118774e-01,8.370670676231384277e-01,-5.494555234909057617e-01,-2.280090332031250000e+00,9.738009572029113770e-01,1.319189667701721191e+00,1.153861522674560547e+00,-5.928255915641784668e-01,-3.729961812496185303e-01,1.433078199625015259e-01,9.080825746059417725e-02,8.782230019569396973e-01,-3.216674625873565674e-01,-3.286961913108825684e-01,1.179673671722412109e+00,2.981872260570526123e-01,1.953408122062683105e+00,2.118151426315307617e+00,-6.651594042778015137e-01,1.205325603485107422e+00,9.455549120903015137e-01,9.065073132514953613e-01,1.636300563812255859e+00,-3.159540891647338867e-01,-4.121163785457611084e-01,-1.889340639114379883e+00,2.659067511558532715e-01,-1.364433765411376953e+00,4.740004539489746094e-01,7.298573255538940430e-01,-8.671810626983642578e-01,-3.462577238678932190e-02,1.506383538246154785e+00,6.326026469469070435e-02,6.652836799621582031e-01,-3.976446390151977539e-01
-6.125879287719726562e-01,-5.902830958366394043e-01,-8.222667574882507324e-01,-6.578167676925659180e-01,-6.973457336425781250e-01,-9.959153532981872559e-01,-2.607390880584716797e-01,5.555294752120971680e-01,1.815835595130920410e+00,-3.748660683631896973e-01,-1.187165617942810059e+00,-7.829765230417251587e-02,-9.564691185951232910e-01,3.003334105014801025e-01,1.538093805313110352e+00,-1.192142069339752197e-02,1.573899269104003906e+00,1.637876510620117188e+00,-7.328693568706512451e-02,0.000000000000000000e+00,1.769692182540893555e+00,2.370306968688964844e+00,1.769104719161987305e+00,5.969744324684143066e-01,1.715649366378784180e+00,3.495483100414276123e-01,2.684067189693450928e-01,8.395794630050659180e-01,3.044044375419616699e-01,3.562186956405639648e-01,-1.893433183431625366e-01,5.117513537406921387e-01,-1.525932312011718750e+00,-1.483434081077575684e+00,-1.877989053726196289e+00,-1.170339465141296387e+00,-7.207320928573608398e-01,-1.539508819580078125e+00,-1.814859032630920410e+00,1.142283380031585693e-01,2.084631770849227905e-01,-1.143011689186096191e+00,-9.831413626670837402e-01,-8.430970907211303711e-01,1.341230869293212891e-01,-1.601108163595199585e-01,-1.312961578369140625e-01,4.815369844436645508e-01,-3.270378410816192627e-01,-1.013200640678405762e+00,-6.938632130622863770e-01,-1.181077122688293457e+00,-1.134762167930603027e+00,-1.226228028535842896e-01,-1.978234499692916870e-01,9.775819629430770874e-02,1.457447886466979980e+00,-1.001980185508728027e+00,2.903551459312438965e-01
-2.830001115798950195e+00,-2.454846054315567017e-01,-2.257114797830581665e-01,-8.121851682662963867e-01,-6.135590076446533203e-01,6.315632462501525879e-01,-1.086388900876045227e-01,1.331214427947998047e+00,1.160254001617431641e+00,-1.593512743711471558e-01,-2.376613467931747437e-01,8.792335987091064453e-01,1.659150719642639160e-01,8.865880370140075684e-01,1.287221074104309082e+00,-1.656660079956054688e+00,5.457614660263061523e-01,1.335689902305603027e+00,1.297247707843780518e-01,1.769692182540893555e+00,0.000000000000000000e+00,1.281097769737243652e+00,1.361418008804321289e+00,-1.633598506450653076e-01,1.344304680824279785e+00,3.397903963923454285e-02,-7.887372970581054688e-01,7.574612498283386230e-01,1.516293827444314957e-02,-5.661264061927795410e-01,-2.172434628009796143e-01,-1.288569211959838867e+00,-8.907481431961059570e-01,-1.496398001909255981e-01,-1.007560610771179199e+00,-1.167865023016929626e-01,1.349931359291076660e-01,1.304293870925903320e-01,-8.105274438858032227e-01,-8.266632556915283203e-01,-2.132028818130493164e+00,4.034845530986785889e-01,-6.720409989356994629e-01,5.817421674728393555e-01,5.168023109436035156e-01,-1.417305618524551392e-01,-8.497323393821716309e-01,-3.973723053932189941e-01,6.453294157981872559e-01,-1.388461828231811523e+00,-1.406331300735473633e+00,1.070752263069152832e+00,-5.709399580955505371e-01,9.389823079109191895e-01,1.292812228202819824e+00,-7.388795614242553711e-01,1.614271402359008789e+00,-9.842376708984375000e-01,5.241606235504150391e-01
2.229430824518203735e-01,-9.976814389228820801e-01,1.102441549301147461e+00,-1.412965893745422363e+00,-4.017532616853713989e-02,-1.005469560623168945e+00,2.496040314435958862e-01,1.646229177713394165e-01,1.566246986389160156e+00,-5.114642977714538574e-01,-2.760978974401950836e-02,6.723222136497497559e-02,-1.617531478404998779e-01,2.651446163654327393e-01,1.425978541374206543e+00,-9.662582278251647949e-01,-3.530399501323699951e-01,1.256460428237915039e+00,-5.328480601310729980e-01,2.370306968688964844e+00,1.281097769737243652e+00,0.000000000000000000e+00,-2.675216412171721458e-03,1.278695583343505859e+00,1.256583690643310547e+00,-6.248242259025573730e-01,5.403825640678405762e-02,3.562229275703430176e-01,-5.635548233985900879e-01,2.069924920797348022e-01,-5.258696675300598145e-01,-5.360882282257080078e-01,7.413485050201416016e-01,1.671428233385086060e-01,-1.162303686141967773e+00,-2.040251731872558594e+00,-6.768349409103393555e-01,-7.373278141021728516e-01,-9.171059727668762207e-01,-2.260162234306335449e-01,1.799068301916122437e-01,-5.660217404365539551e-01,-2.592053115367889404e-01,2.697096765041351318e-01,5.617104098200798035e-02,5.160626769065856934e-01,-9.426743388175964355e-01,1.364879488945007324e+00,-7.666144371032714844e-01,-9.255975484848022461e-01,-6.507520675659179688e-01,-4.927112758159637451e-01,-4.840591847896575928e-01,-6.743264794349670410e-01,-2.625465691089630127e-01,5.072304606437683105e-01,7.577784061431884766e-01,1.222824305295944214e-01,3.299475014209747314e-01
2.012825250625610352e+00,-7.404503226280212402e-01,-2.491290569305419922e+00,1.629285812377929688e-01,9.748992323875427246e-01,5.000244975090026855e-01,1.476987838745117188e+00,1.870660901069641113e+00,-3.831326961517333984e-01,1.338469982147216797e+00,-2.919346988201141357e-01,2.727412879467010498e-01,2.943166196346282959e-01,-6.791711449623107910e-01,-9.549528360366821289e-02,6.840817928314208984e-01,1.163535356521606445e+00,5.073340535163879395e-01,-1.668634176254272461e+00,1.769104719161987305e+00,1.361418008804321289e+00,-2.675216412171721458e-03,0.000000000000000000e+00,5.506767034530639648e-01,4.457524418830871582e-01,6.481203436851501465e-02,-1.041137337684631348e+00,2.306133270263671875e+00,1.348907351493835449e+00,2.572749853134155273e+00,1.335437774658203125e+00,-1.445926189422607422e+00,-1.984539508819580078e+00,-7.834783792495727539e-01,-1.624822765588760376e-01,-1.986610531806945801e+00,-2.256877422332763672e+00,2.159601300954818726e-01,5.068838596343994141e-01,-9.054310917854309082e-01,-1.303026199340820312e+00,-3.042347431182861328e-01,-1.756926536560058594e+00,-1.083476662635803223e+00,2.078550159931182861e-01,8.345615863800048828e-02,-2.825784444808959961e+00,-8.910193443298339844e-01,-8.665384650230407715e-01,-1.177587151527404785e+00,-1.005466222763061523e+00,-9.084354043006896973e-01,4.772982299327850342e-01,6.970667839050292969e-02,4.115611910820007324e-01,-6.251315772533416748e-02,-6.110793352127075195e-01,-1.559239268302917480e+00,-3.872465491294860840e-01
5.808508768677711487e-02,-1.097649216651916504e+00,-3.962161540985107422e-01,-6.246234774589538574e-01,2.854856550693511963e-01,-1.580921411514282227e-01,-2.566373348236083984e-01,1.656293123960494995e-01,-6.991525292396545410e-01,-2.153092861175537109e+00,5.492629408836364746e-01,-3.654024302959442139e-01,2.913219630718231201e-01,-1.347949951887130737e-01,1.811126619577407837e-01,1.986145138740539551e+00,-5.780239701271057129e-01,-4.153716266155242920e-01,-1.256154924631118774e-01,5.969744324684143066e-01,-1.633598506450653076e-01,1.278695583343505859e+00,5.506767034530639648e-01,0.000000000000000000e+00,1.059260487556457520e+00,9.538594484329223633e-01,2.924754858016967773e+00,7.696318030357360840e-01,-5.984666943550109863e-01,5.684877038002014160e-01,-4.859029352664947510e-01,7.732408642768859863e-01,-6.763951778411865234e-01,3.548068702220916748e-01,2.623441517353057861e-01,1.141018390655517578e+00,-1.125938296318054199e+00,-8.756206631660461426e-01,-9.245069622993469238e-01,9.598533511161804199e-01,-6.741384863853454590e-01,3.857058882713317871e-01,-8.131009936332702637e-01,-6.786205172538757324e-01,-1.037876367568969727e+00,-1.250485479831695557e-01,-1.632297188043594360e-01,-3.053160011768341064e-01,1.497356057167053223e+00,2.308317422866821289e-01,2.412828058004379272e-02,-1.101141691207885742e+00,-8.505754470825195312e-01,-1.327559232711791992e+00,-8.737455606460571289e-01,7.878371477127075195e-01,1.101611733436584473e+00,-5.805935263633728027e-01,9.768822789192199707e-02
-9.949517846107482910e-01,2.307137101888656616e-01,8.373205065727233887e-01,-1.647960901260375977e+00,-1.862350583076477051e+00,2.426174730062484741e-01,-4.684211686253547668e-02,-3.275423496961593628e-02,5.714840292930603027e-01,3.276289999485015869e-01,-1.131943464279174805e+00,2.969231903553009033e-01,6.808605194091796875e-01,2.078805267810821533e-01,5.356193780899047852e-01,2.856426239013671875e-01,8.539521098136901855e-01,-2.750179171562194824e-01,8.370670676231384277e-01,1.715649366378784180e+00,1.344304680824279785e+00,1.256583690643310547e+00,4.457524418830871582e-01,1.059260487556457520e+00,0.000000000000000000e+00,1.552953958511352539e+00,1.787143945693969727e-01,2.119087934494018555e+00,9.715050458908081055e-01,1.053377747535705566e+00,6.974820792675018311e-02,-9.422372281551361084e-02,7.009576559066772461e-01,5.149650573730468750e-01,-1.323045492172241211e+00,1.043721437454223633e+00,6.501805782318115234e-01,-2.996283531188964844e+00,1.826089859008789062e+00,2.353961467742919922e-01,3.632954955101013184e-01,-1.140324845910072327e-01,2.855517268180847168e-01,-1.985476732254028320e+00,-7.974194884300231934e-01,-3.633667528629302979e-01,-1.298700094223022461e+00,-2.329802215099334717e-01,-1.536563873291015625e+00,-2.327404260635375977e+00,-4.033357650041580200e-02,-2.100198745727539062e+00,-2.476294279098510742e+00,-1.050014376640319824e+00,9.228976368904113770e-01,-7.538950443267822266e-01,4.401649534702301025e-02,5.179921165108680725e-02,9.029420614242553711e-01
-4.331411421298980713e-01,-1.456232190132141113e+00,1.591730862855911255e-01,-2.416532486677169800e-01,-4.635026454925537109e-01,-2.909760475158691406e-01,2.329344451427459717e-01,-6.330100893974304199e-01,3.824464082717895508e-01,-1.222444534301757812e+00,-9.117936491966247559e-01,-6.681125760078430176e-01,7.971438765525817871e-02,-8.566253781318664551e-01,3.970711678266525269e-02,-2.263425290584564209e-01,5.731227397918701172e-01,1.068245410919189453e+00,-5.494555234909057617e-01,3.495483100414276123e-01,3.397903963923454285e-02,-6.248242259025573730e-01,6.481203436851501465e-02,9.538594484329223633e-01,1.552953958511352539e+00,0.000000000000000000e+00,6.303247213363647461e-01,-1.934127062559127808e-01,3.914977312088012695e-01,5.151540786027908325e-02,-4.760796129703521729e-01,3.984757959842681885e-01,2.708730101585388184e-01,1.031114459037780762e+00,4.679696261882781982e-01,1.465890049934387207e+00,-2.796143889427185059e-01,-5.298697352409362793e-01,1.954045414924621582e+00,4.955852925777435303e-01,9.605030417442321777e-01,-2.832521796226501465e-01,5.831729769706726074e-01,-3.108966350555419922e-02,-6.083599328994750977e-01,6.211749911308288574e-01,-1.502822995185852051e+00,1.146236341446638107e-02,9.756430983543395996e-01,1.331980109214782715e+00,5.680325627326965332e-01,8.864758610725402832e-01,-1.445070147514343262e+00,3.108573853969573975e-01,2.916172146797180176e-01,7.925022840499877930e-01,1.622884631156921387e+00,7.160807251930236816e-01,-3.637548685073852539e-01
