0.000000000000000000e+00,2.042702674865722656e+00,1.614837884902954102e+00,-2.755716741085052490e-01,1.415938884019851685e-01,-1.425839513540267944e-01,-5.507731437683105469e-01,-7.635533064603805542e-02,-3.424017429351806641e-01,-1.827166676521301270e+00,3.762161433696746826e-01,-3.850464224815368652e-01,5.943046808242797852e-01,-1.180110931396484375e+00,-2.784610390663146973e-01,-3.562854826450347900e-01,-6.086912155151367188e-01,9.200495481491088867e-01,-1.307583093643188477e+00,8.725447207689285278e-02,-1.517980337142944336e+00,-3.431309461593627930e-01,1.575497150421142578e+00,1.928579807281494141e-01,-2.270739972591400146e-01,5.010527968406677246e-01,-1.026929736137390137e+00,2.436325699090957642e-01,8.255644440650939941e-01,4.222043603658676147e-02,2.839209139347076416e-01,9.581330418586730957e-01,-1.190796941518783569e-01,1.429871559143066406e+00,1.213911175727844238e+00,-5.034006237983703613e-01,-4.674602448940277100e-01,3.278707861900329590e-01,2.517687082290649414e-01,4.807366132736206055e-01,4.215135872364044189e-01,-1.123935580253601074e+00,6.664307117462158203e-01,1.422970741987228394e-01,-3.124729394912719727e+00,5.611378327012062073e-02,-3.762890696525573730e-01,-5.285118818283081055e-01,5.765110254287719727e-01,2.420814782381057739e-01,-1.956109642982482910e+00,5.622115135192871094e-01,4.067423939704895020e-01,-7.162485718727111816e-01,1.153206899762153625e-01,1.713982343673706055e+00,-3.920183777809143066e-01,-1.158438444137573242e+00,-1.338369607925415039e+00
2.042702674865722656e+00,0.000000000000000000e+00,5.512971282005310059e-01,-9.332272410392761230e-01,1.960345983505249023e+00,-9.666516184806823730e-01,8.953932523727416992e-01,-1.092978000640869141e+00,-1.305539608001708984e+00,1.446536064147949219e+00,-6.827196478843688965e-01,-3.103029429912567139e-01,9.561382532119750977e-01,7.613719105720520020e-01,-1.897590994834899902e+00,5.703516304492950439e-03,-1.132885932922363281e+00,-5.928757190704345703e-01,6.826368570327758789e-01,-5.153909921646118164e-01,-3.757755160331726074e-01,-2.825345993041992188e-01,5.343807339668273926e-01,-3.983295559883117676e-01,6.351772546768188477e-01,-1.467872858047485352e+00,-5.544499158859252930e-01,-1.140340924263000488e+00,-6.449630856513977051e-01,-5.709796547889709473e-01,7.559442520141601562e-01,-9.433802366256713867e-01,1.916438579559326172e+00,3.178003132343292236e-01,-1.479887217283248901e-01,3.687153756618499756e-01,6.864167451858520508e-01,6.605101227760314941e-01,5.064889192581176758e-01,5.831463932991027832e-01,-7.907679677009582520e-02,-1.040549397468566895e+00,-3.324590325355529785e-01,-6.682921200990676880e-02,9.236107021570205688e-02,-4.419264197349548340e-02,-1.235087990760803223e+00,-2.591953039169311523e+00,7.187831997871398926e-01,3.355747759342193604e-01,3.905509710311889648e-01,8.560774326324462891e-01,9.479650855064392090e-02,-4.865627884864807129e-01,2.939730286598205566e-01,1.569131731986999512e+00,-7.943291217088699341e-02,1.915991425514221191e+00,3.240142762660980225e-01
1.614837884902954102e+00,5.512971282005310059e-01,0.000000000000000000e+00,2.378546476364135742e+00,1.058900475502014160e+00,1.264001488685607910e+00,8.519775867462158203e-01,1.067982554435729980e+00,6.414658427238464355e-01,-2.016142159700393677e-01,1.204739212989807129e+00,-1.111738562583923340e+00,1.717760086059570312e+00,1.056010246276855469e+00,-9.406228661537170410e-01,-1.005941987037658691e+00,-4.942989945411682129e-01,7.418408989906311035e-01,-3.823645040392875671e-02,-7.995331883430480957e-01,-7.883966714143753052e-02,7.884769439697265625e-01,-1.769914746284484863e+00,-2.084296226501464844e+00,1.097553849220275879e+00,-1.359242916107177734e+00,-3.265391826629638672e+00,1.040089055895805359e-01,-7.659590244293212891e-01,-6.149955987930297852e-01,1.040082812309265137e+00,5.913062691688537598e-01,5.767809152603149414e-01,-5.374835133552551270e-01,5.469513535499572754e-01,-5.411463975906372070e-01,-2.280504226684570312e+00,-9.688674211502075195e-01,8.442379832267761230e-01,-1.155460357666015625e+00,1.540280103683471680e+00,-3.090432584285736084e-01,7.621107101440429688e-01,-4.764849841594696045e-01,-3.542576134204864502e-01,-9.851673841476440430e-01,-6.228850483894348145e-01,5.690611004829406738e-01,6.519458293914794922e-01,1.369606982916593552e-02,-1.227676749229431152e+00,-1.261072635650634766e+00,3.500407338142395020e-01,5.676810145378112793e-01,5.474587082862854004e-01,-1.948555111885070801e+00,1.254962980747222900e-01,-2.864852547645568848e-01,2.564225196838378906e-01
-2.755716741085052490e-01,-9.332272410392761230e-01,2.378546476364135742e+00,0.000000000000000000e+00,1.356366276741027832e+00,2.287948846817016602e+00,5.228284597396850586e-01,6.644635796546936035e-01,-1.588703393936157227e-01,-1.585296034812927246e+00,1.504117846488952637e+00,-5.844439268112182617e-01,-8.057728409767150879e-02,-2.073828220367431641e+00,6.326878070831298828e-01,1.798816084861755371e+00,8.519368767738342285e-01,1.104159474372863770e+00,-1.449715375900268555e+00,-3.409419655799865723e-01,-1.938017487525939941e+00,-1.925199747085571289e+00,2.722352147102355957e-01,7.625844478607177734e-01,-1.787930846214294434e+00,1.602444946765899658e-01,-1.045804142951965332e+00,-2.424737662076950073e-01,-5.007627606391906738e-01,-5.667508840560913086e-01,-2.010831385850906372e-01,7.628342509269714355e-01,1.183485239744186401e-01,5.472860336303710938e-01,9.629700183868408203e-01,4.853658378124237061e-01,-1.391847282648086548e-01,9.650456905364990234e-01,1.381554365158081055e+00,8.183053731918334961e-01,-2.667128324508666992e+00,8.231790661811828613e-01,-8.508951067924499512e-01,-2.398687601089477539e+00,-1.510405540466308594e+00,1.474111914634704590e+00,-2.412214279174804688e-01,9.397184252738952637e-01,5.564008951187133789e-01,3.633575141429901123e-01,-2.354957580566406250e+00,-5.540115237236022949e-01,-4.050366878509521484e-01,7.891315221786499023e-01,7.344580292701721191e-01,1.055226847529411316e-01,-1.008950352668762207e+00,-3.492878079414367676e-01,-7.631381154060363770e-01
1.415938884019851685e-01,1.960345983505249023e+00,1.058900475502014160e+00,1.356366276741027832e+00,0.000000000000000000e+00,8.845593929290771484e-01,3.223396778106689453e+00,2.838981389999389648e+00,-1.915567554533481598e-02,9.315543174743652344e-01,-1.415480971336364746e-01,-1.397476553916931152e+00,-1.576126813888549805e+00,-7.564136981964111328e-01,-6.629571914672851562e-01,-4.563923776149749756e-01,-1.166711568832397461e+00,-8.405606746673583984e-01,-6.364722847938537598e-01,-1.661563217639923096e-01,-1.648392438888549805e+00,3.492804467678070068e-01,3.004410564899444580e-01,-2.068316042423248291e-01,-8.611563444137573242e-01,-6.668071746826171875e-01,6.612297296524047852e-01,-1.460329890251159668e+00,-1.920255541801452637e+00,9.841171503067016602e-01,-2.431761175394058228e-01,6.101080775260925293e-01,-6.695004105567932129e-01,-6.085368990898132324e-01,5.334296822547912598e-01,8.982065916061401367e-01,-5.502042174339294434e-01,3.927071690559387207e-01,-5.390049219131469727e-01,4.712859690189361572e-01,-6.554676890373229980e-01,5.348739624023437500e-01,6.310016661882400513e-02,-2.169286273419857025e-02,3.152015209197998047e-01,8.043777942657470703e-01,1.738976091146469116e-01,8.633263707160949707e-01,-1.303606510162353516e+00,4.419334828853607178e-01,7.981610298156738281e-01,1.271005153656005859e+00,-2.687940120697021484e+00,-6.191223263740539551e-01,1.162448406219482422e+00,-2.605889320373535156e+00,-3.830267190933227539e-01,-1.093690246343612671e-01,-7.842323780059814453e-01
-1.425839513540267944e-01,-9.666516184806823730e-01,1.264001488685607910e+00,2.287948846817016602e+00,8.845593929290771484e-01,0.000000000000000000e+00,2.005755424499511719e+00,1.633157491683959961e+00,9.263522028923034668e-01,1.397321939468383789e+00,-1.489403128623962402e+00,3.111711740493774414e-01,-7.915680408477783203e-01,-1.422374367713928223e+00,2.302223920822143555e+00,-1.643505762331187725e-03,-1.107807680964469910e-01,7.274425029754638672e-01,-1.252128720283508301e+00,-5.941956043243408203e-01,3.456873595714569092e-01,-2.932082116603851318e-02,1.036028146743774414e+00,-5.427638888359069824e-01,4.635067880153656006e-01,3.644207715988159180e-01,-1.262359470129013062e-01,5.108657479286193848e-01,-8.241403102874755859e-01,-6.269659399986267090e-01,-9.928210973739624023e-01,-7.047630101442337036e-02,-1.414043784141540527e+00,-1.327540040016174316e+00,1.931896209716796875e+00,-3.334982693195343018e-01,-2.060200691223144531e+00,4.398572742938995361e-01,4.219016432762145996e-01,-4.184560775756835938e-01,-4.959786832332611084e-01,1.320743918418884277e+00,-1.208546280860900879e+00,1.433707959949970245e-02,-1.592724680900573730e+00,-9.292718172073364258e-01,-5.205897092819213867e-01,3.104979395866394043e-01,-8.828721195459365845e-02,2.640391588211059570e-01,-1.347405910491943359e+00,-1.084293603897094727e+00,-1.554162949323654175e-01,8.885744810104370117e-01,-6.366494894027709961e-01,-1.517546296119689941e+00,-1.814859956502914429e-01,-3.876160979270935059e-01,-4.498627036809921265e-02
-5.507731437683105469e-01,8.953932523727416992e-01,8.519775867462158203e-01,5.228284597396850586e-01,3.223396778106689453e+00,2.005755424499511719e+00,0.000000000000000000e+00,2.503534317016601562e+00,-3.276288509368896484e-01,7.946298122406005859e-01,1.047846198081970215e+00,2.466276101768016815e-02,7.070907354354858398e-01,-3.212701976299285889e-01,-8.382558077573776245e-02,4.250445067882537842e-01,5.106927752494812012e-01,-2.836012542247772217e-01,-5.023559927940368652e-02,-1.207540109753608704e-01,1.503419131040573120e-01,-3.323055505752563477e-01,7.514894008636474609e-01,-2.207299709320068359e+00,-1.046623468399047852e+00,3.377007246017456055e-01,-7.519204616546630859e-01,-7.465925216674804688e-01,5.383356213569641113e-01,1.799340695142745972e-01,4.178091287612915039e-01,-1.616509079933166504e+00,-3.394756615161895752e-01,2.903997004032135010e-01,4.680246487259864807e-02,-3.140220940113067627e-01,-1.575568914413452148e+00,1.344423294067382812e+00,-4.165146648883819580e-01,-1.922976016998291016e+00,6.664974242448806763e-02,-3.513227403163909912e-01,-1.685357987880706787e-01,-4.615159332752227783e-01,1.260282099246978760e-01,1.354036778211593628e-01,9.522159099578857422e-01,-1.994879692792892456e-01,-6.087491512298583984e-01,-9.738739579916000366e-02,1.240816116333007812e+00,4.061745703220367432e-01,-1.076683402061462402e+00,-6.542727351188659668e-01,5.910286903381347656e-01,-2.271657466888427734e+00,5.710895657539367676e-01,-3.691432774066925049e-01,8.908706158399581909e-02
-7.635533064603805542e-02,-1.092978000640869141e+00,1.067982554435729980e+00,6.644635796546936035e-01,2.838981389999389648e+00,1.633157491683959961e+00,2.503534317016601562e+00,0.000000000000000000e+00,7.329781651496887207e-01,-6.914834976196289062e-01,-1.198227331042289734e-01,3.627150952816009521e-01,-1.401058286428451538e-01,-7.895506620407104492e-01,9.599481225013732910e-01,-1.257067441940307617e+00,-2.526352405548095703e-01,9.565113186836242676e-01,-9.201521277427673340e-01,3.093877732753753662e-01,6.672808527946472168e-01,2.318846732378005981e-01,2.015306711196899414e+00,-2.641725838184356689e-01,6.445346474647521973e-01,-8.141444623470306396e-02,4.307926893234252930e-01,-1.581869363784790039e+00,-5.455040335655212402e-01,1.648304939270019531e+00,-2.975446283817291260e-01,5.451832339167594910e-02,-1.875108629465103149e-01,1.831817924976348877e-01,-1.274585485458374023e+00,-1.156277656555175781e+00,-7.410371303558349609e-01,1.066543459892272949e+00,5.207327008247375488e-01,-5.762707591056823730e-01,-1.158138513565063477e+00,6.493258476257324219e-01,-1.351915121078491211e+00,5.593854933977127075e-03,9.331449866294860840e-01,-1.356635332107543945e+00,5.434984564781188965e-01,5.838209986686706543e-01,9.440630674362182617e-01,-1.979054927825927734e+00,-6.982511281967163086e-02,-1.117625236511230469e+00,-1.278381824493408203e+00,-1.288410425186157227e+00,-1.856882452964782715e+00,-5.707309246063232422e-01,-4.111929833889007568e-01,-1.150775432586669922e+00,1.229302167892456055e+00
-3.424017429351806641e-01,-1.305539608001708984e+00,6.414658427238464355e-01,-1.588703393936157227e-01,-1.915567554533481598e-02,9.263522028923034668e-01,-3.276288509368896484e-01,7.329781651496887207e-01,0.000000000000000000e+00,1.548566222190856934e+00,-5.402484908699989319e-02,1.607992529869079590e+00,-1.914296150207519531e+00,1.359317541122436523e+00,1.964361071586608887e+00,-6.791819334030151367e-01,4.082095324993133545e-01,8.323120474815368652e-01,-3.705038726329803467e-01,1.458989381790161133e+00,5.636752843856811523e-01,7.555084228515625000e-01,-2.918120026588439941e-01,-3.815155029296875000e-01,3.828043043613433838e-01,-3.406522572040557861e-01,-2.731048762798309326e-01,-1.624552458524703979e-01,6.576425433158874512e-01,9.152736067771911621e-01,-1.705523729324340820e-01,-8.735955357551574707e-01,-8.450884222984313965e-01,-9.975135922431945801e-01,-1.857393026351928711e+00,-1.716700196266174316e+00,-1.405546784400939941e+00,-1.253179550170898438e+00,-1.161467075347900391e+00,-4.143135249614715576e-01,-3.148360848426818848e-01,-6.836452484130859375e-01,-8.958262801170349121e-01,-6.335679441690444946e-02,-6.174175143241882324e-01,-3.010908365249633789e-01,5.159305334091186523e-01,1.134883880615234375e+00,-1.255078554153442383e+00,-1.095612645149230957e+00,-1.433676928281784058e-01,-1.603540778160095215e+00,9.627795219421386719e-01,3.674525618553161621e-01,2.317911237478256226e-01,4.260280728340148926e-01,1.015189766883850098e+00,1.229591015726327896e-02,2.393258213996887207e-01
-1.827166676521301270e+00,1.446536064147949219e+00,-2.016142159700393677e-01,-1.585296034812927246e+00,9.315543174743652344e-01,1.397321939468383789e+00,7.946298122406005859e-01,-6.914834976196289062e-01,1.548566222190856934e+00,0.000000000000000000e+00,3.101766586303710938e+00,7.225919961929321289e-01,1.856706500053405762e+00,6.897026300430297852e-01,1.183375597000122070e+00,-1.680299162864685059e+00,-4.964263737201690674e-02,-1.445460319519042969e+00,-2.156420946121215820e+00,3.768450021743774414e-01,1.670805215835571289e+00,-9.483116269111633301e-01,9.548698067665100098e-01,-9.961445331573486328e-01,-5.930554494261741638e-02,-2.029718160629272461e+00,-1.268507480621337891e+00,8.667252957820892334e-02,9.353772401809692383e-01,-1.083193778991699219e+00,2.232559174299240112e-01,-7.595723867416381836e-01,1.006790399551391602e+00,-5.218259692192077637e-01,-1.527640819549560547e-01,-9.617631882429122925e-02,-1.922039687633514404e-02,-6.601557135581970215e-01,8.600037693977355957e-01,5.032722949981689453e-01,-1.247694730758666992e+00,1.129592955112457275e-01,-1.555558919906616211e+00,-7.709441334009170532e-02,-8.806042671203613281e-01,5.233897566795349121e-01,-1.572237849235534668e+00,-1.464167237281799316e-01,-1.975511789321899414e+00,-1.612795233726501465e+00,2.346154689788818359e+00,-1.510716199874877930e+00,-4.427618682384490967e-01,7.532988190650939941e-01,-1.456320762634277344e+00,-7.625632286071777344e-01,7.708039283752441406e-01,-8.003194928169250488e-01,-4.554057121276855469e-01
3.762161433696746826e-01,-6.827196478843688965e-01,1.204739212989807129e+00,1.504117846488952637e+00,-1.415480971336364746e-01,-1.489403128623962402e+00,1.047846198081970215e+00,-1.198227331042289734e-01,-5.402484908699989319e-02,3.101766586303710938e+00,0.000000000000000000e+00,4.357715249061584473e-01,1.630841016769409180e+00,2.044738292694091797e+00,-7.104201316833496094e-01,-2.029940187931060791e-01,-5.891056656837463379e-01,4.587235152721405029e-01,1.872437745332717896e-01,-6.233643889427185059e-01,3.084149658679962158e-01,5.802350044250488281e-01,-1.450696706771850586e+00,1.004023432731628418e+00,-1.894410252571105957e+00,-5.625048875808715820e-01,1.293358504772186279e-01,-2.015531659126281738e-01,-5.616606771945953369e-02,-5.327358245849609375e-01,7.881660461425781250e-01,4.324616193771362305e-01,7.912998199462890625e-01,1.661278247833251953e+00,-8.262342810630798340e-01,2.727230489253997803e-01,1.785220354795455933e-01,3.569793403148651123e-01,4.808762371540069580e-01,9.296273589134216309e-01,-1.072814464569091797e+00,-4.382126331329345703e-01,1.296987533569335938e-01,-1.798512458801269531e+00,-3.601629137992858887e-01,-8.018575906753540039e-01,-8.055611848831176758e-01,-1.705175042152404785e+00,-4.512589275836944580e-01,1.802615284919738770e+00,-4.920331239700317383e-01,-2.037608064711093903e-02,6.784900426864624023e-01,1.165560722351074219e+00,6.432667374610900879e-01,5.254781246185302734e-02,-8.806557059288024902e-01,4.345624446868896484e-01,-7.393611073493957520e-01
-3.850464224815368652e-01,-3.103029429912567139e-01,-1.111738562583923340e+00,-5.844439268112182617e-01,-1.397476553916931152e+00,3.111711740493774414e-01,2.466276101768016815e-02,3.627150952816009521e-01,1.607992529869079590e+00,7.225919961929321289e-01,4.357715249061584473e-01,0.000000000000000000e+00,-2.996276319026947021e-01,1.222861528396606445e+00,2.464972734451293945e+00,-5.567945837974548340e-01,2.366625070571899414e+00,-5.296509265899658203e-01,-2.413717955350875854e-01,-6.740691065788269043e-01,7.813890576362609863e-01,-4.263050556182861328e-01,5.611954927444458008e-01,8.527519702911376953e-01,2.451884597539901733e-01,-3.356482461094856262e-02,-4.870573878288269043e-01,-5.542698502540588379e-02,6.888513565063476562e-01,-4.226141422986984253e-02,-4.251267611980438232e-01,8.244124799966812134e-02,-1.782702095806598663e-02,-1.101099371910095215e+00,-6.016132831573486328e-01,-1.077671766281127930e+00,-1.029492855072021484e+00,-4.555196166038513184e-01,-7.042468786239624023e-01,-5.947992801666259766e-01,-1.841317117214202881e-01,-1.737464070320129395e-01,-1.097936749458312988e+00,1.059423908591270447e-01,3.145062327384948730e-01,1.572768688201904297e-01,8.252461999654769897e-02,-9.143720269203186035e-01,-4.427734613418579102e-01,-2.970542609691619873e-01,-1.471088826656341553e-01,6.638310551643371582e-01,-4.864477515220642090e-01,-3.899014592170715332e-01,-2.510412037372589111e-01,-6.871939897537231445e-01,2.098122388124465942e-01,-6.517496891319751740e-03,2.073753774166107178e-01
5.943046808242797852e-01,9.561382532119750977e-01,1.717760086059570312e+00,-8.057728409767150879e-02,-1.576126813888549805e+00,-7.915680408477783203e-01,7.070907354354858398e-01,-1.401058286428451538e-01,-1.914296150207519531e+00,1.856706500053405762e+00,1.630841016769409180e+00,-2.996276319026947021e-01,0.000000000000000000e+00,1.834475278854370117e+00,-6.950828433036804199e-02,-3.976984322071075439e-01,9.574728459119796753e-02,-5.443607568740844727e-01,1.719616413116455078e+00,1.304765492677688599e-01,-7.531609386205673218e-02,8.631793856620788574e-01,6.101694107055664062e-01,-4.529445469379425049e-01,1.114554643630981445e+00,3.245328962802886963e-01,9.107175469398498535e-01,-1.620051860809326172e+00,-1.077208280563354492e+00,-2.078211009502410889e-01,-1.280637234449386597e-01,8.624655008316040039e-01,1.257359623908996582e+00,-4.770180284976959229e-01,2.968304157257080078e-01,3.213651478290557861e-01,1.260702610015869141e+00,-2.614907979965209961e+00,-1.738053560256958008e+00,7.902252674102783203e-02,-2.646878063678741455e-01,-9.664082527160644531e-01,-3.227952718734741211e-01,-5.631134286522865295e-02,-7.942934632301330566e-01,-7.521872520446777344e-01,9.233614206314086914e-01,-8.346934914588928223e-01,4.792344272136688232e-01,3.729596436023712158e-01,8.049747347831726074e-01,3.091967105865478516e-02,-5.292910933494567871e-01,1.181130930781364441e-01,1.070413231849670410e+00,-3.932328522205352783e-01,-1.847758442163467407e-01,-1.156946122646331787e-01,-2.921474874019622803e-01
-1.180110931396484375e+00,7.613719105720520020e-01,1.056010246276855469e+00,-2.073828220367431641e+00,-7.564136981964111328e-01,-1.422374367713928223e+00,-3.212701976299285889e-01,-7.895506620407104492e-01,1.359317541122436523e+00,6.897026300430297852e-01,2.044738292694091797e+00,1.222861528396606445e+00,1.834475278854370117e+00,0.000000000000000000e+00,1.428503036499023438e+00,3.585670709609985352e+00,8.994868993759155273e-01,1.004146695137023926e+00,-1.662573337554931641e+00,3.877591192722320557e-01,1.861935257911682129e-01,5.748737230896949768e-02,1.165744438767433167e-01,7.288330793380737305e-01,-1.701095700263977051e+00,4.178794920444488525e-01,-2.887677848339080811e-01,-8.818774819374084473e-01,-1.418743729591369629e+00,-1.568167358636856079e-01,-1.881993561983108521e-01,-8.354125171899795532e-02,-8.523384928703308105e-01,-1.141782879829406738e+00,2.927868068218231201e-01,-8.606377243995666504e-01,-1.511168926954269409e-01,-1.501751422882080078e+00,7.563099861145019531e-01,-7.397093176841735840e-01,-2.235985755920410156e+00,-1.372595548629760742e+00,5.459895730018615723e-01,3.874830007553100586e-01,-4.151865839958190918e-02,6.474903970956802368e-02,-1.194072723388671875e+00,-3.354164958000183105e-01,-1.264955997467041016e+00,-8.699786663055419922e-01,1.882086843252182007e-01,-9.535273164510726929e-02,-1.693900227546691895e+00,-9.025370478630065918e-01,-6.474163532257080078e-01,2.402400255203247070e+00,8.956758975982666016e-01,5.076999664306640625e-01,8.931989073753356934e-01
-2.784610390663146973e-01,-1.897590994834899902e+00,-9.406228661537170410e-01,6.326878070831298828e-01,-6.629571914672851562e-01,2.302223920822143555e+00,-8.382558077573776245e-02,9.599481225013732910e-01,1.964361071586608887e+00,1.183375597000122070e+00,-7.104201316833496094e-01,2.464972734451293945e+00,-6.950828433036804199e-02,1.428503036499023438e+00,0.000000000000000000e+00,-4.059982299804687500e-02,6.913888454437255859e-01,6.107912063598632812e-01,-6.115899085998535156e-01,8.372309803962707520e-01,3.991042673587799072e-01,3.267736136913299561e-01,3.157879710197448730e-01,-5.914455652236938477e-01,8.818727135658264160e-01,6.875891089439392090e-01,-6.723280996084213257e-02,-9.934405982494354248e-02,-7.389857769012451172e-01,4.563282132148742676e-01,2.302332520484924316e-01,-2.197563648223876953e-01,-6.639006137847900391e-01,-2.449887990951538086e+00,-3.037786483764648438e-01,-1.482153892517089844e+00,-1.871672630310058594e+00,-4.762696027755737305e-01,-5.843481421470642090e-01,-2.361973673105239868e-01,2.127371914684772491e-02,-1.109679818153381348e+00,1.107683897018432617e+00,2.188038975000381470e-01,8.483118414878845215e-01,-1.088792204856872559e+00,-8.576364517211914062e-01,7.275351881980895996e-01,-1.140074968338012695e+00,2.811107039451599121e-01,-2.589085400104522705e-01,-2.861011624336242676e-01,-1.311658382415771484e+00,-7.315904498100280762e-01,-1.015998363494873047e+00,-7.525789737701416016e-01,1.609861254692077637e-01,-2.073898017406463623e-01,-9.233636856079101562e-01
-3.562854826450347900e-01,5.703516304492950439e-03,-1.005941987037658691e+00,1.798816084861755371e+00,-4.563923776149749756e-01,-1.643505762331187725e-03,4.250445067882537842e-01,-1.257067441940307617e+00,-6.791819334030151367e-01,-1.680299162864685059e+00,-2.029940187931060791e-01,-5.567945837974548340e-01,-3.976984322071075439e-01,3.585670709609985352e+00,-4.059982299804687500e-02,0.000000000000000000e+00,-1.903371959924697876e-01,1.615896582603454590e+00,-2.213467359542846680e-01,4.422014057636260986e-01,-2.904721736907958984e+00,-9.902123808860778809e-01,2.557820640504360199e-02,-8.774342387914657593e-02,-5.258017182350158691e-01,2.068279236555099487e-01,1.120579838752746582e+00,1.198169708251953125e+00,1.614889353513717651e-01,1.556541562080383301e+00,-1.104926824569702148e+00,5.913345217704772949e-01,1.070480495691299438e-01,1.951066032052040100e-02,3.318084180355072021e-01,1.666836500167846680e+00,1.334582686424255371e+00,-1.986800074577331543e+00,-1.175065636634826660e-01,1.262945055961608887e+00,-5.725080966949462891e-01,4.206413924694061279e-01,8.984903246164321899e-02,-5.563062429428100586e-01,-9.073983430862426758e-01,-1.267356276512145996e-01,-1.108690023422241211e+00,1.389501452445983887e+00,-7.048093080520629883e-01,3.111025094985961914e-01,6.646597385406494141e-01,-1.792579770088195801e+00,8.850144594907760620e-02,-1.828450202941894531e+00,1.156218051910400391e+00,-1.091321781277656555e-01,-1.056278198957443237e-01,-2.647610008716583252e-01,-8.445791006088256836e-01
-6.086912155151367188e-01,-1.132885932922363281e+00,-4.942989945411682129e-01,8.519368767738342285e-01,-1.166711568832397461e+00,-1.107807680964469910e-01,5.106927752494812012e-01,-2.526352405548095703e-01,4.082095324993133545e-01,-4.964263737201690674e-02,-5.891056656837463379e-01,2.366625070571899414e+00,9.574728459119796753e-02,8.994868993759155273e-01,6.913888454437255859e-01,-1.903371959924697876e-01,0.000000000000000000e+00,-4.612595736980438232e-01,1.092014238238334656e-01,8.364977836608886719e-01,5.066237226128578186e-02,-5.916883945465087891e-01,1.042276620864868164e+00,2.508591711521148682e-01,6.554663181304931641e-02,2.678973674774169922e-01,-1.812519878149032593e-02,6.281538605690002441e-01,3.735254704952239990e-01,6.033706665039062500e-01,-5.054903775453567505e-02,-6.611765623092651367e-01,-8.346756696701049805e-01,-4.155119061470031738e-01,-4.897664189338684082e-01,-5.590192079544067383e-01,-1.643272042274475098e+00,-6.086816191673278809e-01,2.013838663697242737e-02,-4.755401313304901123e-01,-1.112188473343849182e-01,-1.985236257314682007e-02,-1.789400540292263031e-02,2.278958857059478760e-01,-3.263770639896392822e-01,-6.941331624984741211e-01,1.246171355247497559e+00,-7.163647413253784180e-01,2.025480270385742188e-01,-6.349644064903259277e-01,-7.588330507278442383e-01,1.129262328147888184e+00,3.448770344257354736e-01,4.400356113910675049e-02,-6.706380099058151245e-02,-6.501146554946899414e-01,-4.515517354011535645e-01,-1.422241628170013428e-01,4.757170677185058594e-01
9.200495481491088867e-01,-5.928757190704345703e-01,7.418408989906311035e-01,1.104159474372863770e+00,-8.405606746673583984e-01,7.274425029754638672e-01,-2.836012542247772217e-01,9.565113186836242676e-01,8.323120474815368652e-01,-1.445460319519042969e+00,4.587235152721405029e-01,-5.296509265899658203e-01,-5.443607568740844727e-01,1.004146695137023926e+00,6.107912063598632812e-01,1.615896582603454590e+00,-4.612595736980438232e-01,0.000000000000000000e+00,1.035973310470581055e+00,1.657570123672485352e+00,9.996025562286376953e-01,1.042626500129699707e+00,-1.045249924063682556e-01,1.224102303385734558e-01,6.612054109573364258e-01,9.623245000839233398e-01,-1.459427475929260254e-01,-1.053822133690118790e-02,-1.804803870618343353e-02,6.011534333229064941e-01,1.938706487417221069e-01,1.872398257255554199e-01,-1.143345832824707031e-01,-1.164525508880615234e+00,-1.230758309364318848e+00,-3.819979429244995117e-01,8.872839808464050293e-01,2.435915768146514893e-01,-5.482746362686157227e-01,-1.694419085979461670e-01,-1.114836782217025757e-01,-4.126303672790527344e+00,-5.393822193145751953e-01,-5.080351829528808594e-01,-7.114107608795166016e-01,1.789154559373855591e-01,7.261615991592407227e-01,2.192092418670654297e+00,-1.582369655370712280e-01,-3.453665673732757568e-01,6.504772901535034180e-01,-1.335578083992004395e+00,1.092059969902038574e+00,-1.614911913871765137e+00,-9.826785326004028320e-01,7.127829194068908691e-01,-1.910980343818664551e-01,-2.156725645065307617e+00,-7.827457189559936523e-01
-1.307583093643188477e+00,6.826368570327758789e-01,-3.823645040392875671e-02,-1.449715375900268555e+00,-6.364722847938537598e-01,-1.252128720283508301e+00,-5.023559927940368652e-02,-9.201521277427673340e-01,-3.705038726329803467e-01,-2.156420946121215820e+00,1.872437745332717896e-01,-2.413717955350875854e-01,1.719616413116455078e+00,-1.662573337554931641e+00,-6.115899085998535156e-01,-2.213467359542846680e-01,1.092014238238334656e-01,1.035973310470581055e+00,0.000000000000000000e+00,2.290987782180309296e-02,3.483635783195495605e-01,-1.697457432746887207e-01,-1.905270099639892578e+00,-7.635182142257690430e-01,2.217013835906982422e+00,7.188946008682250977e-01,5.893464684486389160e-01,8.365797996520996094e-01,1.258116006851196289e+00,1.465431213378906250e+00,3.476335406303405762e-01,5.714324116706848145e-01,-8.869917392730712891e-01,-1.946840733289718628e-01,4.364337325096130371e-01,7.320691943168640137e-01,6.173895001411437988e-01,5.376858711242675781e-01,8.888661265373229980e-01,1.800623774528503418e+00,1.454458832740783691e+00,-1.449585437774658203e+00,1.168934822082519531e+00,1.421074867248535156e+00,8.012518882751464844e-01,1.652767062187194824e+00,-5.102860927581787109e-01,-1.127310752868652344e+00,-1.856594324111938477e+00,-4.973087310791015625e-01,3.050357997417449951e-01,3.797541260719299316e-01,-9.027380347251892090e-01,-6.190884113311767578e-01,-4.920472502708435059e-01,9.318935275077819824e-01,2.813602797687053680e-03,4.925777614116668701e-01,-2.795042395591735840e-01
8.725447207689285278e-02,-5.153909921646118164e-01,-7.995331883430480957e-01,-3.409419655799865723e-01,-1.661563217639923096e-01,-5.941956043243408203e-01,-1.207540109753608704e-01,3.093877732753753662e-01,1.458989381790161133e+00,3.768450021743774414e-01,-6.233643889427185059e-01,-6.740691065788269043e-01,1.304765492677688599e-01,3.877591192722320557e-01,8.372309803962707520e-01,4.422014057636260986e-01,8.364977836608886719e-01,1.657570123672485352e+00,2.290987782180309296e-02,0.000000000000000000e+00,1.520969510078430176e+00,2.365053653717041016e+00,1.002182364463806152e+00,6.131486296653747559e-01,7.479209303855895996e-01,5.460376143455505371e-01,-4.845275357365608215e-02,-2.489013969898223877e-01,-2.829093933105468750e-01,3.966543972492218018e-01,-1.903852373361587524e-01,-1.099029108881950378e-01,-9.176545143127441406e-01,-1.497057437896728516e+00,-1.175128102302551270e+00,-6.274481415748596191e-01,-5.330156087875366211e-01,-8.885727524757385254e-01,-1.025448679924011230e+00,5.450193211436271667e-02,4.794198274612426758e-01,-7.261828184127807617e-01,-1.028066754341125488e+00,-7.573848366737365723e-01,-6.308080554008483887e-01,-4.985099136829376221e-01,5.932527184486389160e-01,9.379655867815017700e-02,2.573498189449310303e-01,-7.469884753227233887e-01,-6.092799305915832520e-01,-1.282393455505371094e+00,-7.352530360221862793e-01,-6.952555179595947266e-01,2.297233790159225464e-03,7.907142490148544312e-02,1.687046408653259277e+00,-1.106220483779907227e+00,2.404930889606475830e-01
-1.517980337142944336e+00,-3.757755160331726074e-01,-7.883966714143753052e-02,-1.938017487525939941e+00,-1.648392438888549805e+00,3.456873595714569092e-01,1.503419131040573120e-01,6.672808527946472168e-01,5.636752843856811523e-01,1.670805215835571289e+00,3.084149658679962158e-01,7.813890576362609863e-01,-7.531609386205673218e-02,1.861935257911682129e-01,3.991042673587799072e-01,-2.904721736907958984e+00,5.066237226128578186e-02,9.996025562286376953e-01,3.483635783195495605e-01,1.520969510078430176e+00,0.000000000000000000e+00,6.889061927795410156e-01,1.530275464057922363e+00,-1.293104141950607300e-01,1.649617433547973633e+00,-1.002202987670898438e+00,-7.732642292976379395e-01,1.536404609680175781e+00,1.575949311256408691e+00,8.871924281120300293e-01,3.118059635162353516e-01,-1.896561980247497559e+00,3.055733628571033478e-02,1.274886250495910645e+00,-2.315248847007751465e-01,2.096847742795944214e-01,6.192650794982910156e-01,7.614906430244445801e-01,-5.292885899543762207e-01,-1.949683308601379395e+00,5.173465013504028320e-01,-2.141455650329589844e+00,-1.564298123121261597e-01,5.996218323707580566e-01,-9.943563491106033325e-02,-3.650479316711425781e-01,-3.502314984798431396e-01,-6.797361969947814941e-01,4.291449487209320068e-01,-6.142805814743041992e-01,-3.710376739501953125e+00,-2.310670167207717896e-01,-2.796401679515838623e-01,1.524186372756958008e+00,1.407790064811706543e+00,-1.243917107582092285e+00,1.815238744020462036e-01,-1.804253101348876953e+00,6.564899682998657227e-01
-3.431309461593627930e-01,-2.825345993041992188e-01,7.884769439697265625e-01,-1.925199747085571289e+00,3.492804467678070068e-01,-2.932082116603851318e-02,-3.323055505752563477e-01,2.318846732378005981e-01,7.555084228515625000e-01,-9.483116269111633301e-01,5.802350044250488281e-01,-4.263050556182861328e-01,8.631793856620788574e-01,5.748737230896949768e-02,3.267736136913299561e-01,-9.902123808860778809e-01,-5.916883945465087891e-01,1.042626500129699707e+00,-1.697457432746887207e-01,2.365053653717041016e+00,6.889061927795410156e-01,0.000000000000000000e+00,2.963460087776184082e-01,1.515169858932495117e+00,-2.824588716030120850e-01,-9.831669330596923828e-01,1.440688967704772949e-01,9.458973407745361328e-01,2.100182771682739258e-01,-3.894777894020080566e-01,-5.531398653984069824e-01,6.994297262281179428e-03,8.349020481109619141e-01,1.262799739837646484e+00,-5.811272263526916504e-01,-8.873746991157531738e-01,-1.274959683418273926e+00,-1.165616989135742188e+00,-5.811416506767272949e-01,3.145576715469360352e-01,5.256324410438537598e-01,-9.992964863777160645e-01,6.439343094825744629e-01,-4.972852766513824463e-01,-4.019320011138916016e-01,6.938200592994689941e-01,-4.530330002307891846e-01,-1.147579699754714966e-01,-8.345106244087219238e-01,-2.085350304841995239e-01,-1.596145182847976685e-01,-6.730598807334899902e-01,2.743473351001739502e-01,-5.285248905420303345e-02,-5.809859633445739746e-01,1.529127359390258789e-01,5.658981800079345703e-01,-5.221289396286010742e-02,-2.951428294181823730e-01
1.575497150421142578e+00,5.343807339668273926e-01,-1.769914746284484863e+00,2.722352147102355957e-01,3.004410564899444580e-01,1.036028146743774414e+00,7.514894008636474609e-01,2.015306711196899414e+00,-2.918120026588439941e-01,9.548698067665100098e-01,-1.450696706771850586e+00,5.611954927444458008e-01,6.101694107055664062e-01,1.165744438767433167e-01,3.157879710197448730e-01,2.557820640504360199e-02,1.042276620864868164e+00,-1.045249924063682556e-01,-1.905270099639892578e+00,1.002182364463806152e+00,1.530275464057922363e+00,2.963460087776184082e-01,0.000000000000000000e+00,1.141309738159179688e+00,1.303285121917724609e+00,-1.285171508789062500e+00,5.310657620429992676e-02,2.369375705718994141e+00,3.985613286495208740e-01,1.131283640861511230e+00,2.438247501850128174e-01,-1.079566240310668945e+00,-1.972210764884948730e+00,-2.763569593429565430e+00,2.961851656436920166e-01,-1.715306520462036133e+00,-1.596143960952758789e+00,-9.520745836198329926e-03,3.948489427566528320e-01,7.306452989578247070e-01,9.915232062339782715e-01,2.731198668479919434e-01,-2.041492700576782227e+00,-8.524786829948425293e-01,2.985242307186126709e-01,-5.677663683891296387e-01,8.809304237365722656e-01,-2.060880899429321289e+00,2.140268534421920776e-01,-1.796421647071838379e+00,-8.325296640396118164e-02,-7.516338229179382324e-01,-5.550646185874938965e-01,1.044515013694763184e+00,-4.800294637680053711e-01,4.725094735622406006e-01,2.767084240913391113e-01,-6.156530380249023438e-01,-2.343023061752319336e+00
1.928579807281494141e-01,-3.983295559883117676e-01,-2.084296226501464844e+00,7.625844478607177734e-01,-2.068316042423248291e-01,-5.427638888359069824e-01,-2.207299709320068359e+00,-2.641725838184356689e-01,-3.815155029296875000e-01,-9.961445331573486328e-01,1.004023432731628418e+00,8.527519702911376953e-01,-4.529445469379425049e-01,7.288330793380737305e-01,-5.914455652236938477e-01,-8.774342387914657593e-02,2.508591711521148682e-01,1.224102303385734558e-01,-7.635182142257690430e-01,6.131486296653747559e-01,-1.293104141950607300e-01,1.515169858932495117e+00,1.141309738159179688e+00,0.000000000000000000e+00,8.409289121627807617e-01,9.154499769210815430e-01,3.103033781051635742e+00,7.217406630516052246e-01,-4.653512537479400635e-01,8.107115626335144043e-01,-9.928920269012451172e-01,-1.098580002784729004e+00,3.839495182037353516e-01,7.407335638999938965e-01,-6.812423467636108398e-02,1.108186960220336914e+00,-1.320944190025329590e+00,-1.427891731262207031e+00,-3.847510516643524170e-01,1.119287610054016113e+00,5.650977492332458496e-01,-9.018279314041137695e-01,-6.325959563255310059e-01,-4.474631976336240768e-03,-6.620485186576843262e-01,-2.517562508583068848e-01,-9.617369174957275391e-01,-8.278436213731765747e-02,1.312619328498840332e+00,1.944520324468612671e-01,8.026266098022460938e-01,-4.882181584835052490e-01,2.176747769117355347e-01,-1.156648159027099609e+00,4.776496887207031250e-01,-6.341784447431564331e-02,5.836042165756225586e-01,-1.984284520149230957e+00,4.934101104736328125e-01
-2.270739972591400146e-01,6.351772546768188477e-01,1.097553849220275879e+00,-1.787930846214294434e+00,-8.611563444137573242e-01,4.635067880153656006e-01,-1.046623468399047852e+00,6.445346474647521973e-01,3.828043043613433838e-01,-5.930554494261741638e-02,-1.894410252571105957e+00,2.451884597539901733e-01,1.114554643630981445e+00,-1.701095700263977051e+00,8.818727135658264160e-01,-5.258017182350158691e-01,6.554663181304931641e-02,6.612054109573364258e-01,2.217013835906982422e+00,7.479209303855895996e-01,1.649617433547973633e+00,-2.824588716030120850e-01,1.303285121917724609e+00,8.409289121627807617e-01,0.000000000000000000e+00,1.724309206008911133e+00,2.990179955959320068e-01,2.299365997314453125e+00,1.091491341590881348e+00,1.596082329750061035e+00,-1.071302652359008789e+00,-5.449147429317235947e-03,1.864541023969650269e-01,-1.978330850601196289e+00,-4.256857931613922119e-01,7.365025877952575684e-01,-2.266271561384201050e-01,-2.147586345672607422e+00,-2.455228120088577271e-01,1.042039155960083008e+00,-4.349566996097564697e-02,1.437931656837463379e+00,1.478869765996932983e-01,-1.556389570236206055e+00,-1.659555912017822266e+00,6.032132506370544434e-01,-1.232994794845581055e+00,-2.597380578517913818e-01,-1.011561512947082520e+00,-1.165575981140136719e+00,-9.519940018653869629e-01,-1.426635622978210449e+00,-1.046250939369201660e+00,8.179768919944763184e-02,1.433412313461303711e+00,-7.123516499996185303e-02,-8.979533612728118896e-02,-7.010192275047302246e-01,9.252098202705383301e-01
5.010527968406677246e-01,-1.467872858047485352e+00,-1.359242916107177734e+00,1.602444946765899658e-01,-6.668071746826171875e-01,3.644207715988159180e-01,3.377007246017456055e-01,-8.141444623470306396e-02,-3.406522572040557861e-01,-2.029718160629272461e+00,-5.625048875808715820e-01,-3.356482461094856262e-02,3.245328962802886963e-01,4.178794920444488525e-01,6.875891089439392090e-01,2.068279236555099487e-01,2.678973674774169922e-01,9.623245000839233398e-01,7.188946008682250977e-01,5.460376143455505371e-01,-1.002202987670898438e+00,-9.831669330596923828e-01,-1.285171508789062500e+00,9.154499769210815430e-01,1.724309206008911133e+00,0.000000000000000000e+00,1.028329849243164062e+00,-7.523494958877563477e-01,-1.061311922967433929e-02,9.618649482727050781e-01,-7.418680787086486816e-01,2.520168423652648926e-01,7.519930601119995117e-01,7.250989079475402832e-01,-1.079761862754821777e+00,1.235489010810852051e+00,8.442882895469665527e-01,-1.063363552093505859e+00,1.981733322143554688e+00,6.787500977516174316e-01,7.058081626892089844e-01,4.823433756828308105e-01,1.565508961677551270e+00,-3.515451848506927490e-01,-3.867235481739044189e-01,-2.089773416519165039e-01,-2.520118236541748047e+00,-1.120636332780122757e-02,1.011474251747131348e+00,3.305456042289733887e-01,9.844528883695602417e-02,-1.486678868532180786e-01,-2.050021290779113770e-01,-3.803750574588775635e-01,-2.498778887093067169e-02,1.435101866722106934e+00,8.637797236442565918e-01,2.178132720291614532e-02,4.089477658271789551e-01
