0.000000000000000000e+00,2.624098062515258789e+00,1.475821018218994141e+00,1.590320765972137451e-01,8.763826489448547363e-01,-4.649652838706970215e-01,-5.348897576332092285e-01,-1.099360734224319458e-02,-2.144853621721267700e-01,-7.425154447555541992e-01,-6.469322443008422852e-01,-1.406441181898117065e-01,-3.830367326736450195e-01,7.233889400959014893e-02,-1.017218753695487976e-01,-4.730725288391113281e-01,2.043334692716598511e-01,-6.635493040084838867e-01,-1.955038011074066162e-01,-4.065206050872802734e-01,4.221191406250000000e-01,-1.191959619522094727e+00,7.424070835113525391e-01,1.428318172693252563e-01,-1.639541745185852051e+00,-1.320021748542785645e-01,-9.704539775848388672e-01,1.095829382538795471e-01,5.368422269821166992e-01,-4.937641322612762451e-02,1.025844097137451172e+00,9.692192077636718750e-01,-1.664634793996810913e-01,8.809100985527038574e-01,1.015208840370178223e+00,-1.910151958465576172e+00,-5.890640616416931152e-01,1.097654461860656738e+00,-3.491690456867218018e-01,1.335373222827911377e-01,-5.160550475120544434e-01,-9.389646053314208984e-01,6.081901192665100098e-01,-1.092759147286415100e-01,-5.393145978450775146e-02,-2.687894403934478760e-01,-1.234342336654663086e+00,-1.260554790496826172e+00,5.118341445922851562e-01,-1.536224782466888428e-01,-3.069959282875061035e-01,-1.702956408262252808e-01,-1.482161283493041992e+00,-5.536669492721557617e-01,-1.851285248994827271e-01,1.341727614402770996e+00,-2.195807993412017822e-01,0.000000000000000000e+00,0.000000000000000000e+00
2.624098062515258789e+00,0.000000000000000000e+00,1.589246630668640137e+00,1.572222232818603516e+00,1.655030488967895508e+00,5.627851486206054688e-01,7.564505338668823242e-01,-2.461644113063812256e-01,-8.938604593276977539e-01,-2.573262453079223633e-01,1.765849590301513672e-01,5.847785472869873047e-01,3.861521556973457336e-02,1.626413166522979736e-01,-2.015303373336791992e+00,-3.283372223377227783e-01,-1.269649744033813477e+00,-1.589059829711914062e+00,-2.067364603281021118e-01,-2.778467833995819092e-01,-7.700030803680419922e-01,-2.501706361770629883e+00,-1.773512959480285645e+00,-5.163772702217102051e-01,-4.213363826274871826e-01,-3.730093538761138916e-01,-2.991890311241149902e-01,6.620835661888122559e-01,-1.007931903004646301e-01,-8.305646181106567383e-01,1.891773939132690430e-01,-8.932492136955261230e-01,2.380254030227661133e+00,1.019232034683227539e+00,9.627421498298645020e-01,-1.374317288398742676e+00,-3.558414578437805176e-01,1.389068484306335449e+00,-5.540049076080322266e-01,8.379518389701843262e-01,-8.740875124931335449e-01,2.625034451484680176e-01,-9.189222007989883423e-02,5.130128189921379089e-02,4.512103199958801270e-01,-1.943768739700317383e+00,8.544557541608810425e-02,-2.367520093917846680e+00,-1.000973805785179138e-01,3.008149564266204834e-01,4.046698808670043945e-01,-1.474877595901489258e+00,-6.741712689399719238e-01,-9.850615859031677246e-01,1.000546097755432129e+00,1.272305488586425781e+00,3.532768487930297852e-01,0.000000000000000000e+00,0.000000000000000000e+00
1.475821018218994141e+00,1.589246630668640137e+00,0.000000000000000000e+00,1.780714869499206543e+00,4.973249137401580811e-01,9.383096694946289062e-01,3.710759580135345459e-01,5.729085206985473633e-01,-4.535738527774810791e-01,1.022651139646768570e-02,8.824096322059631348e-01,-4.472232162952423096e-01,9.948047250509262085e-02,7.490890026092529297e-01,-4.697408378124237061e-01,6.360294222831726074e-01,2.295986562967300415e-01,-1.061710357666015625e+00,1.128998920321464539e-01,-8.315513134002685547e-01,-2.564042210578918457e-01,-1.820865392684936523e+00,-1.301241755485534668e+00,-6.116682291030883789e-01,-2.208131849765777588e-01,-2.417823672294616699e-01,-1.090660810470581055e+00,-9.928951263427734375e-01,7.217825204133987427e-02,1.861655735410749912e-03,7.036811709403991699e-01,2.278006970882415771e-01,1.012490749359130859e+00,-3.973696231842041016e-01,7.171723246574401855e-02,-1.506767235696315765e-02,-2.791095972061157227e+00,4.713296890258789062e-01,6.544073820114135742e-01,7.526825666427612305e-01,9.875549077987670898e-01,-1.505303382873535156e-01,3.397904336452484131e-01,-2.259152680635452271e-01,-2.747931182384490967e-01,-9.396057128906250000e-01,1.201801672577857971e-01,2.134430855512619019e-01,8.402041792869567871e-01,-1.430257260799407959e-01,-7.809671759605407715e-01,-1.307884693145751953e+00,6.612442731857299805e-01,-5.667707920074462891e-01,6.083022952079772949e-01,-3.056784532964229584e-02,-1.432153582572937012e-01,0.000000000000000000e+00,0.000000000000000000e+00
1.590320765972137451e-01,1.572222232818603516e+00,1.780714869499206543e+00,0.000000000000000000e+00,2.699204921722412109e+00,2.060869455337524414e+00,2.298434257507324219e+00,1.463239550590515137e+00,-2.035064846277236938e-01,1.933365315198898315e-01,5.583346486091613770e-01,-1.052096843719482422e+00,-1.009487986564636230e+00,-2.480674088001251221e-01,2.094735801219940186e-01,9.723342061042785645e-01,-9.924302697181701660e-01,-2.001871615648269653e-01,-1.079131960868835449e+00,-6.974022984504699707e-01,-1.003079771995544434e+00,-1.170498132705688477e+00,-1.545831084251403809e+00,2.431939356029033661e-02,-3.928782641887664795e-01,1.175167202949523926e+00,-5.835775136947631836e-01,-4.168393015861511230e-01,-8.764653205871582031e-01,-8.926503658294677734e-01,-1.016965508460998535e+00,-1.755583733320236206e-01,1.101546049118041992e+00,1.048702001571655273e+00,1.235410332679748535e+00,-3.053548038005828857e-01,-1.346394866704940796e-01,-2.199087440967559814e-01,1.859084516763687134e-01,1.136736392974853516e+00,-1.315299034118652344e+00,-8.908334374427795410e-02,-1.555625647306442261e-01,-1.219255208969116211e+00,-4.388878345489501953e-01,1.893223524093627930e-01,-2.030231356620788574e-01,1.111494526267051697e-01,-3.493929207324981689e-01,1.377430409193038940e-01,-1.360387921333312988e+00,-1.577115178108215332e+00,-8.056387901306152344e-01,6.450383067131042480e-01,-1.144155487418174744e-01,-7.645283341407775879e-01,-3.126887604594230652e-02,0.000000000000000000e+00,0.000000000000000000e+00
8.763826489448547363e-01,1.655030488967895508e+00,4.973249137401580811e-01,2.699204921722412109e+00,0.000000000000000000e+00,9.579632878303527832e-01,2.820770978927612305e+00,2.105039834976196289e+00,6.186714172363281250e-01,-4.631744325160980225e-01,-3.279142379760742188e-01,-1.554069042205810547e+00,-3.089630901813507080e-01,6.442022919654846191e-01,-5.552054643630981445e-01,-3.354568779468536377e-01,6.762358546257019043e-01,-1.446116805076599121e+00,-8.963086009025573730e-01,-2.165927439928054810e-01,-3.598646447062492371e-02,-1.689126729965209961e+00,2.227437645196914673e-01,-7.880839705467224121e-01,1.126194819808006287e-01,4.975672960281372070e-01,1.723364233970642090e+00,2.632477283477783203e-01,-8.495941758155822754e-01,5.466851592063903809e-01,2.390267103910446167e-01,-4.618256166577339172e-02,-1.152952834963798523e-01,5.530847311019897461e-01,3.272555172443389893e-01,-1.138447880744934082e+00,-3.368437290191650391e-01,1.107592508196830750e-01,3.479433059692382812e-01,-1.249767899513244629e+00,5.965283140540122986e-02,3.219038844108581543e-01,-1.156925678253173828e+00,4.218567907810211182e-01,2.164530009031295776e-01,6.291607767343521118e-02,4.433240592479705811e-01,-3.269114196300506592e-01,-3.986775875091552734e-01,5.226570963859558105e-01,-1.959648132324218750e-01,-2.899031043052673340e-01,-2.115275144577026367e+00,-9.813097715377807617e-01,6.273594498634338379e-01,-3.057943344116210938e+00,-7.426699399948120117e-01,0.000000000000000000e+00,0.000000000000000000e+00
-4.649652838706970215e-01,5.627851486206054688e-01,9.383096694946289062e-01,2.060869455337524414e+00,9.579632878303527832e-01,0.000000000000000000e+00,2.719055414199829102e+00,1.870992541313171387e+00,9.763849377632141113e-01,3.855913411825895309e-03,1.857877224683761597e-01,-5.426424741744995117e-01,1.385662108659744263e-01,6.842129230499267578e-01,2.677505731582641602e+00,1.057959422469139099e-01,5.360636860132217407e-02,1.060624241828918457e+00,5.189209580421447754e-01,-4.376953542232513428e-01,-8.893129825592041016e-01,6.680815815925598145e-01,9.402150511741638184e-01,-9.563502073287963867e-01,1.005661487579345703e+00,1.275901943445205688e-01,-1.285909771919250488e+00,3.647077083587646484e-02,2.855600230395793915e-02,-1.408700704574584961e+00,-1.952228307723999023e+00,-6.022410988807678223e-01,-2.967693328857421875e+00,-5.270724296569824219e-01,9.757528305053710938e-01,-4.692546427249908447e-01,8.940876126289367676e-01,9.565683603286743164e-01,8.294619917869567871e-01,-8.592508435249328613e-01,-2.165029048919677734e-01,-2.776400148868560791e-01,-1.143000483512878418e+00,-8.159717321395874023e-01,-1.403832912445068359e+00,-1.779043227434158325e-01,-1.309503912925720215e-01,8.155254721641540527e-01,-8.420724868774414062e-01,6.205036044120788574e-01,-2.933567047119140625e+00,-3.482284843921661377e-01,-1.211842298507690430e+00,6.226418614387512207e-01,-2.083891868591308594e+00,-1.679364562034606934e+00,-1.167493462562561035e+00,0.000000000000000000e+00,0.000000000000000000e+00
-5.348897576332092285e-01,7.564505338668823242e-01,3.710759580135345459e-01,2.298434257507324219e+00,2.820770978927612305e+00,2.719055414199829102e+00,0.000000000000000000e+00,2.627646446228027344e+00,-4.281119108200073242e-01,1.776277661323547363e+00,1.386220574378967285e+00,-1.091689229011535645e+00,3.633337020874023438e-01,4.811522066593170166e-01,2.345477044582366943e-01,-2.029470950365066528e-01,-2.385984808206558228e-01,4.620499312877655029e-01,5.727844834327697754e-01,-3.844302594661712646e-01,1.695494502782821655e-01,-5.792030692100524902e-01,-2.230802550911903381e-02,-1.148525595664978027e+00,3.928454816341400146e-01,-3.464699685573577881e-01,2.886070311069488525e-01,1.383993923664093018e-01,-1.515318393707275391e+00,1.561732888221740723e-01,-7.080646157264709473e-01,-1.438578963279724121e+00,7.974749803543090820e-02,-9.024286866188049316e-01,6.319934129714965820e-01,-6.541697774082422256e-03,-3.874026238918304443e-01,-6.549316048622131348e-01,-1.832710266113281250e+00,2.483392655849456787e-01,1.325812578201293945e+00,-1.568639636039733887e+00,4.217888414859771729e-01,1.888100057840347290e-01,4.652352333068847656e-01,-4.322040379047393799e-01,-1.240153074264526367e+00,3.992398381233215332e-01,-2.888983488082885742e-01,3.401958346366882324e-01,6.367257237434387207e-01,-1.084149956703186035e+00,-8.911889195442199707e-01,-2.868242561817169189e-02,-1.218583703041076660e+00,-3.074417591094970703e+00,-3.429928421974182129e-01,0.000000000000000000e+00,0.000000000000000000e+00
-1.099360734224319458e-02,-2.461644113063812256e-01,5.729085206985473633e-01,1.463239550590515137e+00,2.105039834976196289e+00,1.870992541313171387e+00,2.627646446228027344e+00,0.000000000000000000e+00,-6.601116657257080078e-01,-9.644793272018432617e-01,1.795575261116027832e+00,-2.639753818511962891e-01,4.393331706523895264e-01,1.200030803680419922e+00,1.224794149398803711e+00,-2.949609756469726562e-01,1.479039639234542847e-01,6.493409872055053711e-01,2.292712032794952393e-01,-9.842830896377563477e-01,-1.105737447738647461e+00,1.017142757773399353e-01,2.582791820168495178e-02,-1.011197045445442200e-01,1.112667918205261230e+00,-7.741802334785461426e-01,-6.254426836967468262e-01,-1.400548219680786133e+00,-1.835818767547607422e+00,1.511936783790588379e+00,3.556860387325286865e-01,9.766482710838317871e-01,3.381241261959075928e-01,3.613584637641906738e-01,-2.211921453475952148e+00,-7.609024643898010254e-02,-6.179337501525878906e-01,-1.087107181549072266e+00,8.755319118499755859e-01,-7.055646777153015137e-01,-2.403917014598846436e-01,8.470585942268371582e-01,-3.481700122356414795e-01,9.944868087768554688e-01,-2.059346735477447510e-01,1.605586558580398560e-01,1.319361180067062378e-01,-6.719645857810974121e-01,-1.228179454803466797e+00,-3.966125249862670898e-01,6.576264500617980957e-01,6.327214837074279785e-01,8.195182681083679199e-02,-7.727168798446655273e-01,-1.463997125625610352e+00,-9.860174059867858887e-01,-5.109358429908752441e-01,0.000000000000000000e+00,0.000000000000000000e+00
-2.144853621721267700e-01,-8.938604593276977539e-01,-4.535738527774810791e-01,-2.035064846277236938e-01,6.186714172363281250e-01,9.763849377632141113e-01,-4.281119108200073242e-01,-6.601116657257080078e-01,0.000000000000000000e+00,6.405222415924072266e-01,-1.200375318527221680e+00,1.234717369079589844e+00,-1.173765659332275391e+00,9.363372921943664551e-01,6.671324372291564941e-01,7.036744952201843262e-01,-4.258139431476593018e-01,1.300087809562683105e+00,-7.458727955818176270e-01,1.047327041625976562e+00,-1.048302292823791504e+00,1.227159023284912109e+00,1.274579286575317383e+00,-5.737754106521606445e-01,4.844059646129608154e-01,-5.788242816925048828e-02,-6.371083259582519531e-01,1.640909016132354736e-01,6.497173905372619629e-01,1.080991744995117188e+00,-1.253711819648742676e+00,-6.596729755401611328e-01,-1.506082296371459961e+00,1.609564572572708130e-01,-2.311528205871582031e+00,-9.054039120674133301e-01,-1.520371079444885254e+00,-1.417163014411926270e+00,-3.462641537189483643e-01,3.805653154850006104e-01,-9.279476851224899292e-02,-1.306271553039550781e+00,3.027963936328887939e-01,-1.101458549499511719e+00,-1.070970535278320312e+00,1.821761131286621094e+00,-1.121979117393493652e+00,4.446334540843963623e-01,-1.696969270706176758e+00,-5.502373576164245605e-01,-3.538329303264617920e-01,2.126457214355468750e+00,3.364074230194091797e-01,-6.337048411369323730e-01,4.615908265113830566e-01,6.735063791275024414e-01,7.594761848449707031e-01,0.000000000000000000e+00,0.000000000000000000e+00
-7.425154447555541992e-01,-2.573262453079223633e-01,1.022651139646768570e-02,1.933365315198898315e-01,-4.631744325160980225e-01,3.855913411825895309e-03,1.776277661323547363e+00,-9.644793272018432617e-01,6.405222415924072266e-01,0.000000000000000000e+00,2.794999599456787109e+00,5.404599905014038086e-01,8.463927507400512695e-01,-1.598155617713928223e+00,1.497335314750671387e+00,-2.243176698684692383e+00,3.969328403472900391e-01,1.021468639373779297e+00,-2.008255243301391602e+00,6.688510626554489136e-02,1.050098776817321777e+00,-2.406635582447052002e-01,4.851782917976379395e-01,-7.170444726943969727e-01,-2.461119890213012695e+00,-1.591792225837707520e+00,-7.858801484107971191e-01,8.090749979019165039e-01,6.005952358245849609e-01,-1.414135936647653580e-02,4.408198297023773193e-01,-2.631193995475769043e-01,5.560618638992309570e-01,6.790347695350646973e-01,-1.323986530303955078e+00,-7.633819580078125000e-01,-1.423204660415649414e+00,-1.360244452953338623e-01,2.122591733932495117e-01,-4.559735357761383057e-01,1.334525823593139648e+00,-5.096017718315124512e-01,-1.658036589622497559e+00,-7.703604698181152344e-01,5.429960489273071289e-01,1.373867750167846680e+00,-1.976853162050247192e-01,-6.478723883628845215e-02,1.829279959201812744e-01,-7.747729420661926270e-01,1.106362462043762207e+00,-1.946350574493408203e+00,2.348723262548446655e-01,-8.129000067710876465e-01,-3.659633994102478027e-01,-2.198897302150726318e-01,5.905231833457946777e-01,0.000000000000000000e+00,0.000000000000000000e+00
-6.469322443008422852e-01,1.765849590301513672e-01,8.824096322059631348e-01,5.583346486091613770e-01,-3.279142379760742188e-01,1.857877224683761597e-01,1.386220574378967285e+00,1.795575261116027832e+00,-1.200375318527221680e+00,2.794999599456787109e+00,0.000000000000000000e+00,-2.479029595851898193e-01,1.817232131958007812e+00,1.092580914497375488e+00,5.095528364181518555e-01,1.955304145812988281e-01,6.393458694219589233e-02,-1.292451024055480957e-01,8.078644871711730957e-01,-5.416401028633117676e-01,-2.670413851737976074e-01,-1.545226573944091797e-01,6.804444193840026855e-01,6.065204739570617676e-01,4.790861904621124268e-01,-5.774821043014526367e-01,-1.126816868782043457e+00,9.679707139730453491e-02,-7.093982696533203125e-01,-1.373730778694152832e+00,-8.279216289520263672e-01,-3.052649497985839844e-01,-6.349020451307296753e-02,1.357094764709472656e+00,-1.584304690361022949e+00,3.491139039397239685e-02,9.319119453430175781e-01,-4.846968352794647217e-01,4.526161849498748779e-01,1.241644024848937988e-01,-1.585213899612426758e+00,-1.699800968170166016e+00,9.792680144309997559e-01,-1.459796667098999023e+00,1.726192533969879150e-01,6.818683743476867676e-01,5.686723813414573669e-02,-2.178588658571243286e-01,8.409180045127868652e-01,1.100460529327392578e+00,2.340890765190124512e-01,5.707902312278747559e-01,1.665623486042022705e-01,1.490105509757995605e+00,5.121810734272003174e-02,-1.889022141695022583e-01,-7.620811462402343750e-01,0.000000000000000000e+00,0.000000000000000000e+00
-1.406441181898117065e-01,5.847785472869873047e-01,-4.472232162952423096e-01,-1.052096843719482422e+00,-1.554069042205810547e+00,-5.426424741744995117e-01,-1.091689229011535645e+00,-2.639753818511962891e-01,1.234717369079589844e+00,5.404599905014038086e-01,-2.479029595851898193e-01,0.000000000000000000e+00,3.297464223578572273e-03,5.973291397094726562e-01,1.928635954856872559e+00,1.631574630737304688e-01,2.113224506378173828e+00,1.189240142703056335e-01,-4.399524629116058350e-01,3.508572280406951904e-01,1.799247264862060547e-01,-3.920584321022033691e-01,5.618051290512084961e-01,7.166005969047546387e-01,6.625583767890930176e-02,-4.530339539051055908e-01,-2.224148660898208618e-01,3.837415575981140137e-01,1.131232738494873047e+00,-1.563980877399444580e-01,-6.408734321594238281e-01,-1.290616542100906372e-01,-3.867557644844055176e-02,-7.844443321228027344e-01,-3.512545526027679443e-01,-1.648380458354949951e-01,-6.390255689620971680e-01,4.198796451091766357e-01,-1.215232491493225098e+00,-8.221921324729919434e-01,9.780608117580413818e-02,-1.663394421339035034e-01,-3.633413016796112061e-01,2.019680291414260864e-01,-3.229632973670959473e-01,-9.828221201896667480e-01,5.574083328247070312e-02,-2.404092848300933838e-01,-7.194812297821044922e-01,-1.242361739277839661e-01,4.575290977954864502e-01,-7.138701081275939941e-01,-4.899429380893707275e-01,8.478779345750808716e-02,-1.453964039683341980e-02,-3.927817940711975098e-01,5.614871382713317871e-01,0.000000000000000000e+00,0.000000000000000000e+00
-3.830367326736450195e-01,3.861521556973457336e-02,9.948047250509262085e-02,-1.009487986564636230e+00,-3.089630901813507080e-01,1.385662108659744263e-01,3.633337020874023438e-01,4.393331706523895264e-01,-1.173765659332275391e+00,8.463927507400512695e-01,1.817232131958007812e+00,3.297464223578572273e-03,0.000000000000000000e+00,2.091736316680908203e+00,2.765848159790039062e+00,3.307882249355316162e-01,2.421093434095382690e-01,2.033710956573486328e+00,5.524469614028930664e-01,-1.451687514781951904e-01,-1.223524689674377441e+00,1.676663637161254883e+00,7.581425309181213379e-01,-1.753982007503509521e-01,7.011270523071289062e-02,2.339051365852355957e-01,-1.614973783493041992e+00,2.762047052383422852e-01,-8.437416553497314453e-01,4.925721585750579834e-01,2.120766639709472656e-01,2.639582455158233643e-01,6.796906590461730957e-01,-1.838197112083435059e+00,-3.071632087230682373e-01,-4.582239687442779541e-01,1.076472401618957520e+00,-1.105276942253112793e+00,2.401569187641143799e-01,-1.891645602881908417e-02,-4.658702015876770020e-02,-1.393549799919128418e+00,-7.779567837715148926e-01,-5.364914610981941223e-02,-1.481988668441772461e+00,1.582300424575805664e+00,1.020779967308044434e+00,-1.242709159851074219e+00,-1.636531800031661987e-01,9.108933806419372559e-01,-1.193644523620605469e+00,2.051927745342254639e-01,-7.753175683319568634e-03,1.572360098361968994e-01,5.365342274308204651e-02,-1.552572369575500488e+00,-4.126735031604766846e-01,0.000000000000000000e+00,0.000000000000000000e+00
7.233889400959014893e-02,1.626413166522979736e-01,7.490890026092529297e-01,-2.480674088001251221e-01,6.442022919654846191e-01,6.842129230499267578e-01,4.811522066593170166e-01,1.200030803680419922e+00,9.363372921943664551e-01,-1.598155617713928223e+00,1.092580914497375488e+00,5.973291397094726562e-01,2.091736316680908203e+00,0.000000000000000000e+00,1.909294486045837402e+00,2.078967094421386719e+00,5.313489586114883423e-02,3.624620437622070312e-01,-3.910807892680168152e-02,-1.775469183921813965e-01,-4.405974149703979492e-01,7.437440752983093262e-01,-5.896078348159790039e-01,-1.300880551338195801e+00,-6.739174574613571167e-02,1.517636775970458984e-01,4.887485504150390625e-01,-1.325735092163085938e+00,-3.163583874702453613e-01,3.079916238784790039e-01,1.138704061508178711e+00,-3.766799271106719971e-01,-2.144509077072143555e+00,4.036204516887664795e-01,-4.109986424446105957e-01,-3.164058923721313477e-01,1.686450093984603882e-01,-1.392491906881332397e-01,8.587228059768676758e-01,-4.465739801526069641e-02,-2.752489149570465088e-01,-1.009596347808837891e+00,7.117775082588195801e-01,-3.950531482696533203e-01,3.679177463054656982e-01,-2.045836210250854492e+00,-1.570270776748657227e+00,4.138408005237579346e-01,5.802158713340759277e-01,-7.905121892690658569e-02,-1.081107735633850098e+00,-8.451755642890930176e-01,-1.091732531785964966e-01,-5.085423588752746582e-01,-1.247000396251678467e-01,4.206900000572204590e-01,-2.830077894032001495e-02,0.000000000000000000e+00,0.000000000000000000e+00
-1.017218753695487976e-01,-2.015303373336791992e+00,-4.697408378124237061e-01,2.094735801219940186e-01,-5.552054643630981445e-01,2.677505731582641602e+00,2.345477044582366943e-01,1.224794149398803711e+00,6.671324372291564941e-01,1.497335314750671387e+00,5.095528364181518555e-01,1.928635954856872559e+00,2.765848159790039062e+00,1.909294486045837402e+00,0.000000000000000000e+00,1.887923717498779297e+00,2.219110727310180664e-02,1.253970384597778320e+00,1.115502953529357910e+00,-2.371379584074020386e-01,-1.141924500465393066e+00,9.400216341018676758e-01,3.606488704681396484e-01,-1.311114192008972168e+00,1.197451472282409668e+00,-8.417835235595703125e-01,-7.816734313964843750e-01,-1.260890841484069824e+00,-1.426864266395568848e+00,-5.011375546455383301e-01,2.508173584938049316e-01,-1.121270935982465744e-02,-5.714251995086669922e+00,-2.917419672012329102e+00,-1.690828800201416016e+00,4.185778796672821045e-01,-9.135112166404724121e-01,-6.098806858062744141e-01,4.243776500225067139e-01,-7.055580019950866699e-01,-6.068850159645080566e-01,-1.838525533676147461e+00,4.176230430603027344e-01,3.452489674091339111e-01,4.167242944240570068e-01,-2.231040224432945251e-02,-2.369026184082031250e+00,-6.433030366897583008e-01,-2.161600351333618164e+00,2.543876171112060547e-01,-1.381871342658996582e+00,1.718646168708801270e+00,-8.321035504341125488e-01,7.237601280212402344e-01,-7.684883475303649902e-01,-5.373003482818603516e-01,-3.005079329013824463e-01,0.000000000000000000e+00,0.000000000000000000e+00
-4.730725288391113281e-01,-3.283372223377227783e-01,6.360294222831726074e-01,9.723342061042785645e-01,-3.354568779468536377e-01,1.057959422469139099e-01,-2.029470950365066528e-01,-2.949609756469726562e-01,7.036744952201843262e-01,-2.243176698684692383e+00,1.955304145812988281e-01,1.631574630737304688e-01,3.307882249355316162e-01,2.078967094421386719e+00,1.887923717498779297e+00,0.000000000000000000e+00,1.581307530403137207e+00,2.730171203613281250e+00,5.665521621704101562e-01,-2.599616646766662598e-01,3.078965544700622559e-01,9.304937720298767090e-01,-8.970514535903930664e-01,-1.226625367999076843e-01,2.260773479938507080e-01,2.045112252235412598e-01,-9.257942438125610352e-01,3.918982669711112976e-02,2.877415344119071960e-02,4.345561563968658447e-01,-1.219476222991943359e+00,5.710515975952148438e-01,-1.333943128585815430e+00,-1.740650460124015808e-02,-1.512285172939300537e-01,8.470585942268371582e-01,1.137121796607971191e+00,-2.087829589843750000e+00,4.961319565773010254e-01,8.076463341712951660e-01,8.611001074314117432e-02,1.810425817966461182e-01,-7.825379967689514160e-01,-6.264326721429824829e-02,-2.123024225234985352e+00,1.078565955162048340e+00,-7.011336684226989746e-01,-1.037289619445800781e+00,2.106755599379539490e-02,-2.313590794801712036e-01,-5.404890179634094238e-01,-1.581704974174499512e+00,3.207466006278991699e-01,1.142834186553955078e+00,1.203184723854064941e-01,1.054699048399925232e-01,2.534456364810466766e-02,0.000000000000000000e+00,0.000000000000000000e+00
2.043334692716598511e-01,-1.269649744033813477e+00,2.295986562967300415e-01,-9.924302697181701660e-01,6.762358546257019043e-01,5.360636860132217407e-02,-2.385984808206558228e-01,1.479039639234542847e-01,-4.258139431476593018e-01,3.969328403472900391e-01,6.393458694219589233e-02,2.113224506378173828e+00,2.421093434095382690e-01,5.313489586114883423e-02,2.219110727310180664e-02,1.581307530403137207e+00,0.000000000000000000e+00,-1.213583797216415405e-01,3.223226070404052734e-01,2.661293148994445801e-01,2.053343951702117920e-01,1.090842366218566895e+00,-3.752921223640441895e-01,-2.517427206039428711e-01,6.891244053840637207e-01,1.900518983602523804e-01,-8.911361694335937500e-01,-1.522052139043807983e-01,-2.120220065116882324e-01,7.456337809562683105e-01,3.428345620632171631e-01,2.805762887001037598e-01,-3.773913979530334473e-01,-2.166092395782470703e+00,-7.555332779884338379e-01,4.426529705524444580e-01,-1.625271081924438477e+00,-1.525372385978698730e+00,-7.321416139602661133e-01,-5.657860040664672852e-01,9.588772058486938477e-01,2.344621568918228149e-01,3.222603499889373779e-01,-8.527714014053344727e-01,-1.216364622116088867e+00,-4.889253675937652588e-01,1.125785112380981445e+00,-2.062150835990905762e-01,3.345006108283996582e-01,5.625080317258834839e-02,-4.241400361061096191e-01,1.159492582082748413e-01,2.066024346277117729e-03,4.452080428600311279e-01,-2.208640426397323608e-01,1.950475275516510010e-01,-6.436281651258468628e-02,0.000000000000000000e+00,0.000000000000000000e+00
-6.635493040084838867e-01,-1.589059829711914062e+00,-1.061710357666015625e+00,-2.001871615648269653e-01,-1.446116805076599121e+00,1.060624241828918457e+00,4.620499312877655029e-01,6.493409872055053711e-01,1.300087809562683105e+00,1.021468639373779297e+00,-1.292451024055480957e-01,1.189240142703056335e-01,2.033710956573486328e+00,3.624620437622070312e-01,1.253970384597778320e+00,2.730171203613281250e+00,-1.213583797216415405e-01,0.000000000000000000e+00,3.449664831161499023e+00,8.061144948005676270e-01,-1.557716820389032364e-02,1.940883278846740723e+00,2.449586242437362671e-01,1.062902331352233887e+00,1.020826101303100586e+00,1.299019336700439453e+00,-1.229086756706237793e+00,-1.806807518005371094e+00,-1.597366690635681152e+00,-8.954198099672794342e-03,-1.683237105607986450e-01,9.353192150592803955e-02,-1.840491175651550293e+00,-1.542330741882324219e+00,3.560401201248168945e-01,-4.765335023403167725e-01,2.715869247913360596e-01,-1.900561094284057617e+00,-8.741688132286071777e-01,-7.297405600547790527e-01,-6.406519412994384766e-01,-6.487773060798645020e-01,-6.607594490051269531e-01,-7.913472056388854980e-01,-1.630151748657226562e+00,2.067171335220336914e+00,-1.607566118240356445e+00,6.702355146408081055e-01,-3.820172846317291260e-01,1.024894952774047852e+00,-1.210541486740112305e+00,-1.051489949226379395e+00,1.241420656442642212e-01,-4.356802105903625488e-01,-4.006647169589996338e-01,-5.681514739990234375e-01,-3.320396244525909424e-01,0.000000000000000000e+00,0.000000000000000000e+00
-1.955038011074066162e-01,-2.067364603281021118e-01,1.128998920321464539e-01,-1.079131960868835449e+00,-8.963086009025573730e-01,5.189209580421447754e-01,5.727844834327697754e-01,2.292712032794952393e-01,-7.458727955818176270e-01,-2.008255243301391602e+00,8.078644871711730957e-01,-4.399524629116058350e-01,5.524469614028930664e-01,-3.910807892680168152e-02,1.115502953529357910e+00,5.665521621704101562e-01,3.223226070404052734e-01,3.449664831161499023e+00,0.000000000000000000e+00,-2.316299974918365479e-01,5.551783442497253418e-01,1.355502128601074219e+00,-3.791499435901641846e-01,-1.693820595741271973e+00,7.927972674369812012e-01,-4.237084835767745972e-02,3.906112015247344971e-01,-6.768095493316650391e-01,9.264853000640869141e-01,5.164314508438110352e-01,-5.022031664848327637e-01,-1.947889775037765503e-01,2.379716038703918457e-01,-1.312871336936950684e+00,9.592327475547790527e-01,1.383494377136230469e+00,7.933153510093688965e-01,2.642229795455932617e-01,1.497166156768798828e+00,1.176575422286987305e+00,3.549122810363769531e-01,-5.337623953819274902e-01,6.015776395797729492e-01,6.606872081756591797e-01,-8.886224031448364258e-01,1.773296713829040527e+00,-1.112349033355712891e+00,-1.193142175674438477e+00,3.254546821117401123e-01,-2.562290191650390625e+00,3.505207300186157227e-01,-1.533127427101135254e+00,-4.783975183963775635e-01,-1.638779789209365845e-01,-1.215203523635864258e+00,2.095904946327209473e-01,-3.341441452503204346e-01,0.000000000000000000e+00,0.000000000000000000e+00
-4.065206050872802734e-01,-2.778467833995819092e-01,-8.315513134002685547e-01,-6.974022984504699707e-01,-2.165927439928054810e-01,-4.376953542232513428e-01,-3.844302594661712646e-01,-9.842830896377563477e-01,1.047327041625976562e+00,6.688510626554489136e-02,-5.416401028633117676e-01,3.508572280406951904e-01,-1.451687514781951904e-01,-1.775469183921813965e-01,-2.371379584074020386e-01,-2.599616646766662598e-01,2.661293148994445801e-01,8.061144948005676270e-01,-2.316299974918365479e-01,0.000000000000000000e+00,1.700235366821289062e+00,3.039134740829467773e+00,1.021781414747238159e-01,5.020605325698852539e-01,5.849111080169677734e-01,-7.538208365440368652e-02,7.592337727546691895e-01,1.644844412803649902e-01,2.311580479145050049e-01,-4.890427589416503906e-01,5.527648925781250000e-01,1.812764108180999756e-01,4.499755501747131348e-01,-5.916348695755004883e-01,4.672000110149383545e-01,-3.570785820484161377e-01,-1.040075302124023438e+00,-6.314087659120559692e-02,-1.465878725051879883e+00,-7.806934118270874023e-01,1.306509673595428467e-01,-7.613920420408248901e-02,-7.552580833435058594e-01,2.182699888944625854e-01,-3.000473976135253906e-01,-1.341695785522460938e+00,4.043210148811340332e-01,-5.267582535743713379e-01,-1.968497782945632935e-02,-5.098987817764282227e-01,-1.226430460810661316e-01,-1.477411270141601562e+00,-1.392387270927429199e+00,-2.309935986995697021e-01,-6.028357148170471191e-01,5.492012500762939453e-01,7.602266073226928711e-01,0.000000000000000000e+00,0.000000000000000000e+00
4.221191406250000000e-01,-7.700030803680419922e-01,-2.564042210578918457e-01,-1.003079771995544434e+00,-3.598646447062492371e-02,-8.893129825592041016e-01,1.695494502782821655e-01,-1.105737447738647461e+00,-1.048302292823791504e+00,1.050098776817321777e+00,-2.670413851737976074e-01,1.799247264862060547e-01,-1.223524689674377441e+00,-4.405974149703979492e-01,-1.141924500465393066e+00,3.078965544700622559e-01,2.053343951702117920e-01,-1.557716820389032364e-02,5.551783442497253418e-01,1.700235366821289062e+00,0.000000000000000000e+00,-5.389780998229980469e-01,1.282447934150695801e+00,8.791986703872680664e-01,1.039620399475097656e+00,-1.486886382102966309e+00,6.572785377502441406e-01,1.093105077743530273e+00,9.474910050630569458e-02,8.385986685752868652e-01,1.583450555801391602e+00,-4.996922612190246582e-01,8.770361542701721191e-02,2.044137954711914062e+00,3.188901841640472412e-01,1.117621779441833496e+00,1.280842900276184082e+00,4.791313409805297852e-01,-1.631660223007202148e+00,-2.217903584241867065e-01,4.547820240259170532e-02,8.731878399848937988e-01,-5.531213432550430298e-02,-1.726742506027221680e+00,2.485132217407226562e-01,-1.632030904293060303e-01,-2.872852683067321777e-01,-2.250645309686660767e-01,-7.446718215942382812e-02,-5.350180864334106445e-01,-1.048381686210632324e+00,-8.264687061309814453e-01,-1.216838479042053223e+00,-1.144539952278137207e+00,8.458495140075683594e-01,1.957956105470657349e-01,-4.536655843257904053e-01,0.000000000000000000e+00,0.000000000000000000e+00
-1.191959619522094727e+00,-2.501706361770629883e+00,-1.820865392684936523e+00,-1.170498132705688477e+00,-1.689126729965209961e+00,6.680815815925598145e-01,-5.792030692100524902e-01,1.017142757773399353e-01,1.227159023284912109e+00,-2.406635582447052002e-01,-1.545226573944091797e-01,-3.920584321022033691e-01,1.676663637161254883e+00,7.437440752983093262e-01,9.400216341018676758e-01,9.304937720298767090e-01,1.090842366218566895e+00,1.940883278846740723e+00,1.355502128601074219e+00,3.039134740829467773e+00,-5.389780998229980469e-01,0.000000000000000000e+00,1.841081976890563965e+00,-1.069063305854797363e+00,2.376460283994674683e-01,-9.500499367713928223e-01,-1.792275428771972656e+00,-1.078591123223304749e-02,-4.165222868323326111e-02,9.542109966278076172e-01,5.433458685874938965e-01,1.828202009201049805e+00,-1.544600129127502441e+00,2.285929769277572632e-01,-2.999456405639648438e+00,3.655869886279106140e-02,-1.081258416175842285e+00,-1.705735802650451660e+00,6.353783011436462402e-01,-3.552982211112976074e-01,3.399368226528167725e-01,8.801111578941345215e-02,-6.690758466720581055e-01,5.513994097709655762e-01,-9.724601507186889648e-01,1.603804349899291992e+00,-5.141054987907409668e-01,-1.461877375841140747e-01,2.739680372178554535e-02,4.177199900150299072e-01,1.196839809417724609e-01,1.348531246185302734e+00,3.321313560009002686e-01,-8.586382120847702026e-02,-3.105332374572753906e+00,-2.222612142562866211e+00,-8.324875831604003906e-01,0.000000000000000000e+00,0.000000000000000000e+00
7.424070835113525391e-01,-1.773512959480285645e+00,-1.301241755485534668e+00,-1.545831084251403809e+00,2.227437645196914673e-01,9.402150511741638184e-01,-2.230802550911903381e-02,2.582791820168495178e-02,1.274579286575317383e+00,4.851782917976379395e-01,6.804444193840026855e-01,5.618051290512084961e-01,7.581425309181213379e-01,-5.896078348159790039e-01,3.606488704681396484e-01,-8.970514535903930664e-01,-3.752921223640441895e-01,2.449586242437362671e-01,-3.791499435901641846e-01,1.021781414747238159e-01,1.282447934150695801e+00,1.841081976890563965e+00,0.000000000000000000e+00,1.235087156295776367e+00,6.718210577964782715e-01,8.720139265060424805e-01,-2.006919085979461670e-01,2.016263961791992188e+00,1.224660515785217285e+00,1.471702814102172852e+00,8.807537555694580078e-01,5.664837360382080078e-01,-1.270362138748168945e+00,-2.451638936996459961e+00,6.636638641357421875e-01,-4.595533013343811035e-01,1.908798366785049438e-01,4.327111542224884033e-01,2.162628918886184692e-01,7.247068881988525391e-01,3.579027354717254639e-01,1.081773161888122559e+00,-2.301220893859863281e+00,2.961106598377227783e-01,2.855348289012908936e-01,2.635880187153816223e-02,-5.733414888381958008e-01,-6.104192137718200684e-01,-1.073300838470458984e+00,-8.775964975357055664e-01,-1.607497185468673706e-01,-3.150433003902435303e-01,1.015365198254585266e-01,-8.847650885581970215e-01,-1.324323534965515137e+00,-3.147757053375244141e-01,-3.397243618965148926e-01,0.000000000000000000e+00,0.000000000000000000e+00
1.428318172693252563e-01,-5.163772702217102051e-01,-6.116682291030883789e-01,2.431939356029033661e-02,-7.880839705467224121e-01,-9.563502073287963867e-01,-1.148525595664978027e+00,-1.011197045445442200e-01,-5.737754106521606445e-01,-7.170444726943969727e-01,6.065204739570617676e-01,7.166005969047546387e-01,-1.753982007503509521e-01,-1.300880551338195801e+00,-1.311114192008972168e+00,-1.226625367999076843e-01,-2.517427206039428711e-01,1.062902331352233887e+00,-1.693820595741271973e+00,5.020605325698852539e-01,8.791986703872680664e-01,-1.069063305854797363e+00,1.235087156295776367e+00,0.000000000000000000e+00,5.078332424163818359e-01,1.126247525215148926e+00,3.137725830078125000e+00,-1.325693726539611816e+00,-8.219659328460693359e-02,1.513307452201843262e+00,6.459745764732360840e-01,2.674739599227905273e+00,1.046633571386337280e-01,1.159316778182983398e+00,-2.387976273894309998e-02,5.686405301094055176e-01,-4.977849870920181274e-02,-1.748644560575485229e-01,-1.483010530471801758e+00,-7.036117911338806152e-01,7.327295541763305664e-01,-4.697746038436889648e-01,3.370846807956695557e-01,8.153381943702697754e-01,-1.439161539077758789e+00,-1.952970504760742188e+00,-7.935586571693420410e-02,-4.662718176841735840e-01,9.581923484802246094e-01,-1.505020618438720703e+00,-2.600538730621337891e-01,-1.453472137451171875e+00,5.309972539544105530e-02,-9.798131585121154785e-01,-8.486374616622924805e-01,7.116543650627136230e-01,6.215392351150512695e-01,0.000000000000000000e+00,0.000000000000000000e+00
-1.639541745185852051e+00,-4.213363826274871826e-01,-2.208131849765777588e-01,-3.928782641887664795e-01,1.126194819808006287e-01,1.005661487579345703e+00,3.928454816341400146e-01,1.112667918205261230e+00,4.844059646129608154e-01,-2.461119890213012695e+00,4.790861904621124268e-01,6.625583767890930176e-02,7.011270523071289062e-02,-6.739174574613571167e-02,1.197451472282409668e+00,2.260773479938507080e-01,6.891244053840637207e-01,1.020826101303100586e+00,7.927972674369812012e-01,5.849111080169677734e-01,1.039620399475097656e+00,2.376460283994674683e-01,6.718210577964782715e-01,5.078332424163818359e-01,0.000000000000000000e+00,2.201144456863403320e+00,3.439143896102905273e-01,8.511602282524108887e-01,-2.842919826507568359e-01,9.309010505676269531e-01,-2.846032977104187012e-01,-4.151064455509185791e-01,-8.232082724571228027e-01,5.807210803031921387e-01,-5.204114317893981934e-01,5.648540258407592773e-01,8.168662339448928833e-02,-1.294130206108093262e+00,4.333252012729644775e-01,-1.921255290508270264e-01,3.233634680509567261e-02,9.782033562660217285e-01,3.290539383888244629e-01,1.733048439025878906e+00,5.455074459314346313e-02,-5.613673850893974304e-02,2.625566720962524414e-02,-1.751630783081054688e+00,3.133707940578460693e-01,3.830913901329040527e-01,-4.914557337760925293e-01,-1.090098500251770020e+00,1.618319153785705566e-01,-3.502536416053771973e-01,-5.576745048165321350e-02,-8.247576951980590820e-01,-3.402352929115295410e-01,0.000000000000000000e+00,0.000000000000000000e+00
-1.320021748542785645e-01,-3.730093538761138916e-01,-2.417823672294616699e-01,1.175167202949523926e+00,4.975672960281372070e-01,1.275901943445205688e-01,-3.464699685573577881e-01,-7.741802334785461426e-01,-5.788242816925048828e-02,-1.591792225837707520e+00,-5.774821043014526367e-01,-4.530339539051055908e-01,2.339051365852355957e-01,1.517636775970458984e-01,-8.417835235595703125e-01,2.045112252235412598e-01,1.900518983602523804e-01,1.299019336700439453e+00,-4.237084835767745972e-02,-7.538208365440368652e-02,-1.486886382102966309e+00,-9.500499367713928223e-01,8.720139265060424805e-01,1.126247525215148926e+00,2.201144456863403320e+00,0.000000000000000000e+00,2.383989572525024414e+00,5.385488867759704590e-01,7.539924383163452148e-01,3.377519845962524414e-01,-1.005739927291870117e+00,7.851002216339111328e-01,1.580834239721298218e-01,9.441831149160861969e-03,-1.193664431571960449e+00,6.971328258514404297e-01,9.078326225280761719e-01,-2.012641906738281250e+00,1.005814552307128906e+00,7.319082617759704590e-01,3.127961754798889160e-01,3.350918591022491455e-01,8.342732191085815430e-01,1.507660746574401855e-01,5.801997184753417969e-01,-9.849693775177001953e-01,8.093392848968505859e-01,3.638569638133049011e-02,6.043727397918701172e-01,3.893065750598907471e-01,-9.191997647285461426e-01,-5.849828720092773438e-01,1.083150029182434082e+00,3.203910887241363525e-01,-6.173049807548522949e-01,4.498415291309356689e-01,-1.356684565544128418e-01,0.000000000000000000e+00,0.000000000000000000e+00
