0.000000000000000000e+00,2.548977375030517578e+00,1.537297010421752930e+00,1.690251529216766357e-01,8.409416079521179199e-01,-5.853171944618225098e-01,-5.463683009147644043e-01,3.741960972547531128e-02,-2.220053225755691528e-01,-6.934075355529785156e-01,-6.278198957443237305e-01,-4.399105906486511230e-01,-4.457156062126159668e-01,1.188411340117454529e-01,-3.457294404506683350e-01,-3.398581743240356445e-01,4.185515642166137695e-01,-4.503662586212158203e-01,-1.016008947044610977e-02,-6.887577772140502930e-01,3.672358393669128418e-01,-1.395587563514709473e+00,5.875453352928161621e-01,4.000606015324592590e-02,-1.641547560691833496e+00,-7.524856925010681152e-02,-1.085136413574218750e+00,1.335162818431854248e-01,4.959353804588317871e-01,5.100490152835845947e-02,1.117097139358520508e+00,6.673007011413574219e-01,-8.907842636108398438e-02,7.950498461723327637e-01,1.123683333396911621e+00,-1.715462565422058105e+00,-7.627429962158203125e-01,1.172828078269958496e+00,-1.690042316913604736e-01,1.777305006980895996e-01,-7.452176213264465332e-01,-8.787522315979003906e-01,6.370980739593505859e-01,-1.423955708742141724e-01,5.735441297292709351e-02,-3.073943555355072021e-01,-1.207091093063354492e+00,-1.239274978637695312e+00,5.841711163520812988e-01,-2.744841575622558594e-01,-2.164374440908432007e-01,-1.340707987546920776e-01,-1.404894590377807617e+00,-3.357951641082763672e-01,-1.249443367123603821e-01,1.319605827331542969e+00,-1.737677752971649170e-01,0.000000000000000000e+00,0.000000000000000000e+00
2.548977375030517578e+00,0.000000000000000000e+00,1.433026790618896484e+00,1.595954418182373047e+00,1.789289951324462891e+00,5.939785242080688477e-01,7.189856767654418945e-01,-1.609445214271545410e-01,-1.115130543708801270e+00,-7.220786809921264648e-02,2.438600212335586548e-01,6.095914244651794434e-01,1.221259608864784241e-01,1.409321129322052002e-01,-1.706822872161865234e+00,-3.308842778205871582e-01,-1.731814384460449219e+00,-1.404328227043151855e+00,-1.390850245952606201e-01,-7.704487442970275879e-01,-9.275094270706176758e-01,-2.417447328567504883e+00,-1.565256237983703613e+00,-2.655512392520904541e-01,-2.531460523605346680e-01,-1.950104087591171265e-01,-5.457087159156799316e-01,5.682229995727539062e-01,-1.518646925687789917e-01,-1.146008014678955078e+00,3.133332133293151855e-01,-9.939196705818176270e-01,2.355745792388916016e+00,1.063333153724670410e+00,1.044108033180236816e+00,-1.327243924140930176e+00,-2.868840992450714111e-01,1.365962266921997070e+00,-6.336035728454589844e-01,6.776124835014343262e-01,-6.619232892990112305e-01,2.777554690837860107e-01,-1.299040615558624268e-01,5.481940507888793945e-02,4.547191262245178223e-01,-1.926000595092773438e+00,1.455918997526168823e-01,-2.124100208282470703e+00,1.684484072029590607e-02,4.556158781051635742e-01,3.783968389034271240e-01,-1.583246707916259766e+00,-6.621792316436767578e-01,-9.850308299064636230e-01,8.249703645706176758e-01,1.256401062011718750e+00,3.020239770412445068e-01,0.000000000000000000e+00,0.000000000000000000e+00
1.537297010421752930e+00,1.433026790618896484e+00,0.000000000000000000e+00,1.835629463195800781e+00,7.792295217514038086e-01,1.111999273300170898e+00,4.405584037303924561e-01,7.649401426315307617e-01,-4.366383850574493408e-01,-5.064089223742485046e-02,7.949565649032592773e-01,-1.606332510709762573e-01,-1.507203429937362671e-01,8.608118891716003418e-01,-4.465255737304687500e-01,6.592901945114135742e-01,-3.678034245967864990e-01,-1.275254249572753906e+00,1.104976162314414978e-01,-4.304615259170532227e-01,-5.731766223907470703e-01,-1.705128312110900879e+00,-1.471483588218688965e+00,-4.950538873672485352e-01,-4.473107159137725830e-01,-2.731122374534606934e-01,-1.121840596199035645e+00,-1.228746533393859863e+00,1.161735951900482178e-01,-1.340699288994073868e-02,7.576738595962524414e-01,1.142449826002120972e-01,1.040835857391357422e+00,-3.430444598197937012e-01,1.101087555289268494e-01,-6.235380843281745911e-02,-2.529868841171264648e+00,5.049812197685241699e-01,5.806696414947509766e-01,5.239207148551940918e-01,6.705541014671325684e-01,2.179715238526114263e-06,-6.469133496284484863e-02,-2.481697499752044678e-01,-2.187802046537399292e-01,-1.000528573989868164e+00,4.217561781406402588e-01,3.800978958606719971e-01,8.253605365753173828e-01,-7.456631958484649658e-02,-4.274103641510009766e-01,-1.189148545265197754e+00,5.249634981155395508e-01,-5.255066752433776855e-01,6.522484421730041504e-01,-9.965440630912780762e-02,-1.550457626581192017e-01,0.000000000000000000e+00,0.000000000000000000e+00
1.690251529216766357e-01,1.595954418182373047e+00,1.835629463195800781e+00,0.000000000000000000e+00,2.769057273864746094e+00,1.932072281837463379e+00,2.237983465194702148e+00,1.494103789329528809e+00,-3.013290762901306152e-01,-3.200463056564331055e-01,6.251183748245239258e-01,-8.535259366035461426e-01,-8.277238011360168457e-01,-1.126712337136268616e-01,1.935909837484359741e-01,7.318220138549804688e-01,-9.216995835304260254e-01,2.937602438032627106e-02,-1.252742171287536621e+00,-7.372438311576843262e-01,-1.028571486473083496e+00,-1.274066686630249023e+00,-1.784835457801818848e+00,1.515904814004898071e-01,-5.442932248115539551e-01,1.142139077186584473e+00,-5.398222208023071289e-01,-4.815645217895507812e-01,-7.714117169380187988e-01,-7.656481266021728516e-01,-7.037764787673950195e-01,-1.016087383031845093e-01,1.103671789169311523e+00,9.370430707931518555e-01,1.213369965553283691e+00,-2.026110738515853882e-01,-1.771480888128280640e-01,-7.098460942506790161e-02,2.033508718013763428e-01,1.154402971267700195e+00,-1.628544688224792480e+00,-1.699493527412414551e-01,1.903711110353469849e-01,-9.750673174858093262e-01,-5.068138837814331055e-01,2.416541427373886108e-01,-1.414530575275421143e-01,-8.161900192499160767e-02,-2.225084006786346436e-01,1.857836842536926270e-01,-1.116015553474426270e+00,-1.614877462387084961e+00,-7.556585073471069336e-01,5.812799334526062012e-01,-2.665312290191650391e-01,-9.991283416748046875e-01,-1.281075328588485718e-01,0.000000000000000000e+00,0.000000000000000000e+00
8.409416079521179199e-01,1.789289951324462891e+00,7.792295217514038086e-01,2.769057273864746094e+00,0.000000000000000000e+00,9.619833827018737793e-01,2.958442211151123047e+00,2.071299791336059570e+00,7.797613143920898438e-01,-9.990978240966796875e-01,-6.112484335899353027e-01,-8.093762397766113281e-01,-5.933141708374023438e-02,8.271570801734924316e-01,-6.736933439970016479e-02,-2.160446643829345703e-01,6.623030304908752441e-01,-8.442207574844360352e-01,-1.329273700714111328e+00,-2.375170439481735229e-01,-3.869082033634185791e-02,-1.584919452667236328e+00,-2.322133630514144897e-01,-9.548247456550598145e-01,-9.757321327924728394e-02,7.152020931243896484e-01,1.684168815612792969e+00,3.850292786955833435e-02,-8.117443323135375977e-01,4.011740088462829590e-01,2.473301142454147339e-01,-3.599045574665069580e-01,1.283612549304962158e-01,6.748874187469482422e-01,2.523792088031768799e-01,-1.345537900924682617e+00,-4.321198463439941406e-01,2.724308371543884277e-01,3.199277222156524658e-01,-8.534557819366455078e-01,-4.689090698957443237e-02,4.695974290370941162e-01,-1.444413661956787109e+00,6.006842255592346191e-01,8.266221731901168823e-02,-4.548721611499786377e-01,3.042424917221069336e-01,-4.316799938678741455e-01,-7.612167596817016602e-01,1.965885311365127563e-01,-8.647453784942626953e-02,-7.036382704973220825e-02,-2.166999578475952148e+00,-1.269228219985961914e+00,6.051077246665954590e-01,-3.200219392776489258e+00,-8.673213720321655273e-01,0.000000000000000000e+00,0.000000000000000000e+00
-5.853171944618225098e-01,5.939785242080688477e-01,1.111999273300170898e+00,1.932072281837463379e+00,9.619833827018737793e-01,0.000000000000000000e+00,2.744688034057617188e+00,1.966703534126281738e+00,7.649139761924743652e-01,2.846586108207702637e-01,7.156615704298019409e-02,-1.653117984533309937e-01,2.445932775735855103e-01,7.050093412399291992e-01,2.621392726898193359e+00,3.413303494453430176e-01,-2.387311495840549469e-02,1.099466681480407715e+00,4.339974522590637207e-01,-5.392253994941711426e-01,-9.387663602828979492e-01,2.599842548370361328e-01,1.016076922416687012e+00,-1.051036953926086426e+00,7.810238599777221680e-01,4.535987675189971924e-01,-9.166561961174011230e-01,1.202618703246116638e-01,-5.086147692054510117e-03,-1.354147315025329590e+00,-1.624732375144958496e+00,-1.202774286270141602e+00,-2.984302520751953125e+00,-4.348039627075195312e-01,9.572372436523437500e-01,-5.118494853377342224e-02,7.145115733146667480e-01,8.807815313339233398e-01,4.764552712440490723e-01,-7.548947334289550781e-01,2.049041390419006348e-01,-1.941176056861877441e-01,-9.572455286979675293e-01,-1.154463529586791992e+00,-1.235695838928222656e+00,-4.895902425050735474e-02,-2.064896672964096069e-01,5.594200491905212402e-01,-9.062005281448364258e-01,4.153085649013519287e-01,-3.236156463623046875e+00,-2.977944612503051758e-01,-1.094953417778015137e+00,9.381176829338073730e-01,-1.890795588493347168e+00,-1.666507482528686523e+00,-1.284888982772827148e+00,0.000000000000000000e+00,0.000000000000000000e+00
-5.463683009147644043e-01,7.189856767654418945e-01,4.405584037303924561e-01,2.237983465194702148e+00,2.958442211151123047e+00,2.744688034057617188e+00,0.000000000000000000e+00,2.500124692916870117e+00,-4.403011798858642578e-01,1.434346914291381836e+00,1.072189331054687500e+00,-1.339458227157592773e+00,8.085436187684535980e-03,6.958461999893188477e-01,1.067925393581390381e-01,3.149313628673553467e-01,-1.275622606277465820e+00,4.564890563488006592e-01,5.912338495254516602e-01,-3.509080037474632263e-02,2.267196029424667358e-01,-7.207228541374206543e-01,2.281708568334579468e-01,-1.231187820434570312e+00,-1.950322091579437256e-02,-3.353601098060607910e-01,6.362589448690414429e-02,9.112692624330520630e-02,-1.163179397583007812e+00,-1.860125549137592316e-02,-9.920791387557983398e-01,-1.672217488288879395e+00,2.180334329605102539e-01,-7.956331372261047363e-01,5.366367697715759277e-01,-2.396461814641952515e-01,-4.604870975017547607e-01,-5.488030910491943359e-01,-1.430367588996887207e+00,2.925199866294860840e-01,1.240712285041809082e+00,-1.760293841361999512e+00,5.257987976074218750e-01,5.039916038513183594e-01,6.772122979164123535e-01,-1.122383400797843933e-01,-4.092310965061187744e-01,3.627177178859710693e-01,-1.026597991585731506e-01,3.725220859050750732e-01,5.716948509216308594e-01,-1.034862995147705078e+00,-1.109315991401672363e+00,5.907303094863891602e-01,-1.356197476387023926e+00,-2.915460586547851562e+00,-2.634887993335723877e-01,0.000000000000000000e+00,0.000000000000000000e+00
3.741960972547531128e-02,-1.609445214271545410e-01,7.649401426315307617e-01,1.494103789329528809e+00,2.071299791336059570e+00,1.966703534126281738e+00,2.500124692916870117e+00,0.000000000000000000e+00,-5.861289501190185547e-01,-9.852409362792968750e-01,1.798313498497009277e+00,6.612122803926467896e-02,3.055315613746643066e-01,1.184523582458496094e+00,1.001568794250488281e+00,-6.017379164695739746e-01,4.307222068309783936e-01,8.624854683876037598e-01,6.641156505793333054e-03,-7.743002772331237793e-01,-9.783961772918701172e-01,3.904811739921569824e-01,-4.854531213641166687e-02,-1.211041137576103210e-01,1.155333757400512695e+00,-1.002798557281494141e+00,-4.009978771209716797e-01,-1.499256134033203125e+00,-1.771199464797973633e+00,1.363581061363220215e+00,3.891733586788177490e-01,5.792554020881652832e-01,3.782978951930999756e-01,4.148608818650245667e-02,-2.423347949981689453e+00,6.734317541122436523e-02,-6.317852735519409180e-01,-1.124217391014099121e+00,7.743839621543884277e-01,-1.006686329841613770e+00,3.938876464962959290e-02,1.121773481369018555e+00,-3.152417540550231934e-01,9.961329698562622070e-01,-6.990669965744018555e-01,2.256223410367965698e-01,2.179314345121383667e-01,-6.289973855018615723e-01,-1.144225001335144043e+00,-5.258859992027282715e-01,5.122514367103576660e-01,6.453443765640258789e-01,6.632411479949951172e-01,-1.305173873901367188e+00,-1.470383644104003906e+00,-7.069414258003234863e-01,-3.796436488628387451e-01,0.000000000000000000e+00,0.000000000000000000e+00
-2.220053225755691528e-01,-1.115130543708801270e+00,-4.366383850574493408e-01,-3.013290762901306152e-01,7.797613143920898438e-01,7.649139761924743652e-01,-4.403011798858642578e-01,-5.861289501190185547e-01,0.000000000000000000e+00,5.201162695884704590e-01,-6.705859303474426270e-01,1.141630768775939941e+00,-7.199826240539550781e-01,1.132134079933166504e+00,4.159001410007476807e-01,1.025926232337951660e+00,4.716969430446624756e-01,1.264446735382080078e+00,-1.315757751464843750e+00,1.256779432296752930e+00,-7.228245735168457031e-01,1.006590843200683594e+00,1.086031436920166016e+00,-5.116005539894104004e-01,7.233738303184509277e-01,-3.822828233242034912e-01,-5.494103431701660156e-01,2.334679961204528809e-01,8.181300163269042969e-01,1.019689202308654785e+00,-2.232649803161621094e+00,-4.093235135078430176e-01,-1.744538903236389160e+00,4.616942256689071655e-02,-2.276223659515380859e+00,-1.068098425865173340e+00,-1.583677887916564941e+00,-1.616248011589050293e+00,-7.870141267776489258e-01,1.381826251745223999e-01,-5.658636689186096191e-01,-9.483644962310791016e-01,6.091375946998596191e-01,-7.484737038612365723e-01,-6.739078164100646973e-01,1.848093867301940918e+00,-2.039556741714477539e+00,6.251096725463867188e-01,-1.341317057609558105e+00,-1.783530265092849731e-01,-3.493905067443847656e-01,2.158438682556152344e+00,2.309800833463668823e-01,-4.065142869949340820e-01,2.437523305416107178e-01,4.457164704799652100e-01,6.239038705825805664e-01,0.000000000000000000e+00,0.000000000000000000e+00
-6.934075355529785156e-01,-7.220786809921264648e-02,-5.064089223742485046e-02,-3.200463056564331055e-01,-9.990978240966796875e-01,2.846586108207702637e-01,1.434346914291381836e+00,-9.852409362792968750e-01,5.201162695884704590e-01,0.000000000000000000e+00,2.770995378494262695e+00,5.472851395606994629e-01,4.980056583881378174e-01,-2.543796777725219727e+00,1.438655734062194824e+00,-1.513868570327758789e+00,3.837253749370574951e-01,9.478026032447814941e-01,-1.237712979316711426e+00,-3.860807716846466064e-01,1.152749419212341309e+00,-1.297344714403152466e-01,9.030944108963012695e-01,-4.603371322154998779e-01,-1.910350322723388672e+00,-1.179913878440856934e+00,-1.078462958335876465e+00,8.831892609596252441e-01,3.324044048786163330e-01,6.514620184898376465e-01,2.276900112628936768e-01,9.351894259452819824e-02,7.077156305313110352e-01,8.383268117904663086e-01,-1.568042278289794922e+00,-7.848518490791320801e-01,-1.623421072959899902e+00,-5.009073019027709961e-02,3.905068933963775635e-01,-1.039228558540344238e+00,9.467658996582031250e-01,-4.206013679504394531e-01,-1.818141341209411621e+00,-5.653501749038696289e-01,5.650772452354431152e-01,1.385938405990600586e+00,-3.130232691764831543e-01,1.881613135337829590e-01,1.176004409790039062e-01,-2.517544925212860107e-01,7.734501957893371582e-01,-1.941090345382690430e+00,3.336228728294372559e-01,-1.285910844802856445e+00,-3.616941273212432861e-01,9.766345471143722534e-02,7.496228814125061035e-01,0.000000000000000000e+00,0.000000000000000000e+00
-6.278198957443237305e-01,2.438600212335586548e-01,7.949565649032592773e-01,6.251183748245239258e-01,-6.112484335899353027e-01,7.156615704298019409e-02,1.072189331054687500e+00,1.798313498497009277e+00,-6.705859303474426270e-01,2.770995378494262695e+00,0.000000000000000000e+00,-4.116619229316711426e-01,1.870273351669311523e+00,9.497177004814147949e-01,4.426055848598480225e-01,3.419171273708343506e-01,-8.557998575270175934e-03,-5.614166259765625000e-01,1.132202148437500000e+00,-6.563920974731445312e-01,-4.378115236759185791e-01,-3.621989488601684570e-02,5.804194211959838867e-01,6.230951547622680664e-01,4.020659327507019043e-01,-4.172533154487609863e-01,-1.162751674652099609e+00,4.599722474813461304e-02,-6.610034704208374023e-01,-1.176030158996582031e+00,-9.249639511108398438e-01,-4.813064336776733398e-01,-1.047340184450149536e-01,1.355781197547912598e+00,-1.552401065826416016e+00,1.646461039781570435e-01,9.645414948463439941e-01,-6.209987401962280273e-01,2.434864044189453125e-01,2.983507215976715088e-01,-1.463191032409667969e+00,-1.525310754776000977e+00,9.475035071372985840e-01,-1.386731028556823730e+00,5.014378428459167480e-01,9.340015053749084473e-01,1.614218652248382568e-01,-4.731233417987823486e-01,8.096461296081542969e-01,9.900162220001220703e-01,3.457303047180175781e-01,6.841821074485778809e-01,1.722498238086700439e-02,1.446029663085937500e+00,5.408179014921188354e-02,-1.518084574490785599e-02,-5.512190461158752441e-01,0.000000000000000000e+00,0.000000000000000000e+00
-4.399105906486511230e-01,6.095914244651794434e-01,-1.606332510709762573e-01,-8.535259366035461426e-01,-8.093762397766113281e-01,-1.653117984533309937e-01,-1.339458227157592773e+00,6.612122803926467896e-02,1.141630768775939941e+00,5.472851395606994629e-01,-4.116619229316711426e-01,0.000000000000000000e+00,-5.081112384796142578e-01,4.125015437602996826e-01,1.827154278755187988e+00,3.497902452945709229e-01,2.124728918075561523e+00,-1.813244223594665527e-01,-1.050757527351379395e+00,7.560726404190063477e-01,3.265126347541809082e-01,-4.380953311920166016e-01,9.928768873214721680e-01,2.337504923343658447e-01,-7.899026572704315186e-02,-2.171101123094558716e-01,-4.290603995323181152e-01,4.509273171424865723e-01,9.444506168365478516e-01,-2.895725667476654053e-01,-2.925365567207336426e-01,7.689599879086017609e-03,-1.841828972101211548e-01,-8.824577331542968750e-01,-5.433533191680908203e-01,-1.124275401234626770e-01,-8.957448601722717285e-01,1.429309099912643433e-01,-6.229774951934814453e-01,-6.929014325141906738e-01,3.763099908828735352e-01,-1.033603549003601074e-01,-5.221673846244812012e-01,-1.663911938667297363e-01,-1.842387020587921143e-01,-8.034155964851379395e-01,2.971954643726348877e-02,-2.090499550104141235e-01,-9.011902660131454468e-02,-4.485671222209930420e-01,9.433215260505676270e-01,-9.588079452514648438e-01,-7.415409088134765625e-01,-1.704397946596145630e-01,-1.078941673040390015e-01,-2.331807166337966919e-01,4.748985171318054199e-01,0.000000000000000000e+00,0.000000000000000000e+00
-4.457156062126159668e-01,1.221259608864784241e-01,-1.507203429937362671e-01,-8.277238011360168457e-01,-5.933141708374023438e-02,2.445932775735855103e-01,8.085436187684535980e-03,3.055315613746643066e-01,-7.199826240539550781e-01,4.980056583881378174e-01,1.870273351669311523e+00,-5.081112384796142578e-01,0.000000000000000000e+00,2.206958293914794922e+00,2.804495096206665039e+00,7.502697706222534180e-01,9.330489672720432281e-03,2.120845556259155273e+00,5.881478190422058105e-01,-6.203081607818603516e-01,-1.092414498329162598e+00,1.687442779541015625e+00,8.927682638168334961e-01,-3.680013492703437805e-02,1.642010062932968140e-01,2.555328309535980225e-01,-1.557839035987854004e+00,3.313716650009155273e-01,-8.580798506736755371e-01,3.337471187114715576e-01,3.258369117975234985e-02,3.388720750808715820e-01,6.670386791229248047e-01,-1.694606661796569824e+00,-4.579778015613555908e-01,-7.561877369880676270e-01,1.257753729820251465e+00,-1.130083918571472168e+00,3.782050311565399170e-01,-5.663502216339111328e-01,2.719609141349792480e-01,-1.654321551322937012e+00,-5.347199440002441406e-01,-3.882818520069122314e-01,-8.191139101982116699e-01,1.500680804252624512e+00,7.248421311378479004e-01,-1.308561205863952637e+00,1.432029455900192261e-01,7.427380084991455078e-01,-1.103801727294921875e+00,1.963042914867401123e-01,5.777597054839134216e-02,2.542890906333923340e-01,8.332179859280586243e-03,-1.532386541366577148e+00,-3.246119320392608643e-01,0.000000000000000000e+00,0.000000000000000000e+00
1.188411340117454529e-01,1.409321129322052002e-01,8.608118891716003418e-01,-1.126712337136268616e-01,8.271570801734924316e-01,7.050093412399291992e-01,6.958461999893188477e-01,1.184523582458496094e+00,1.132134079933166504e+00,-2.543796777725219727e+00,9.497177004814147949e-01,4.125015437602996826e-01,2.206958293914794922e+00,0.000000000000000000e+00,1.982077121734619141e+00,2.014613151550292969e+00,7.441679239273071289e-01,5.885231494903564453e-02,1.115600094199180603e-01,5.746601819992065430e-01,-8.320143222808837891e-01,1.636041998863220215e-01,-4.096609354019165039e-01,-1.262833833694458008e+00,-2.113268971443176270e-01,-1.326993256807327271e-01,6.821711063385009766e-01,-1.279018998146057129e+00,-1.250210553407669067e-01,1.589574813842773438e-01,8.095842003822326660e-01,-2.982059717178344727e-01,-2.034664392471313477e+00,1.766419559717178345e-01,-4.643870592117309570e-01,-7.745291590690612793e-01,2.068889886140823364e-01,-1.323422938585281372e-01,7.144038677215576172e-01,1.989439278841018677e-01,2.188865840435028076e-01,-1.004356622695922852e+00,5.034994482994079590e-01,-3.721301555633544922e-01,3.313306868076324463e-01,-2.158777713775634766e+00,-1.508233547210693359e+00,2.452201545238494873e-01,2.107444703578948975e-01,-6.544943898916244507e-02,-1.482714295387268066e+00,-1.025185108184814453e+00,8.190062642097473145e-02,-2.402647882699966431e-01,3.973512053489685059e-01,4.175414741039276123e-01,-5.260132625699043274e-02,0.000000000000000000e+00,0.000000000000000000e+00
-3.457294404506683350e-01,-1.706822872161865234e+00,-4.465255737304687500e-01,1.935909837484359741e-01,-6.736933439970016479e-02,2.621392726898193359e+00,1.067925393581390381e-01,1.001568794250488281e+00,4.159001410007476807e-01,1.438655734062194824e+00,4.426055848598480225e-01,1.827154278755187988e+00,2.804495096206665039e+00,1.982077121734619141e+00,0.000000000000000000e+00,1.552405953407287598e+00,1.347704976797103882e-01,8.882505893707275391e-01,1.198208689689636230e+00,1.706010848283767700e-01,-1.079126477241516113e+00,1.084916234016418457e+00,2.937214374542236328e-01,-7.789487242698669434e-01,1.170872926712036133e+00,-7.226379513740539551e-01,-1.134725809097290039e+00,-1.327828049659729004e+00,-1.184741139411926270e+00,-1.532143652439117432e-01,-6.400821357965469360e-02,-2.866146862506866455e-01,-5.332106113433837891e+00,-4.095255374908447266e+00,-1.451316833496093750e+00,4.000653922557830811e-01,-1.284874677658081055e+00,-3.155761361122131348e-01,2.671385109424591064e-01,-3.909323811531066895e-01,-4.553621411323547363e-01,-1.428767204284667969e+00,2.675439417362213135e-01,2.763918340206146240e-01,6.483301520347595215e-02,-1.117413640022277832e-01,-5.800139904022216797e-01,-5.988175272941589355e-01,-1.520225524902343750e+00,6.109742075204849243e-02,-1.010344266891479492e+00,1.622407913208007812e+00,-4.002785682678222656e-01,2.349410504102706909e-01,-6.507858633995056152e-01,-5.448181033134460449e-01,-1.697998195886611938e-01,0.000000000000000000e+00,0.000000000000000000e+00
-3.398581743240356445e-01,-3.308842778205871582e-01,6.592901945114135742e-01,7.318220138549804688e-01,-2.160446643829345703e-01,3.413303494453430176e-01,3.149313628673553467e-01,-6.017379164695739746e-01,1.025926232337951660e+00,-1.513868570327758789e+00,3.419171273708343506e-01,3.497902452945709229e-01,7.502697706222534180e-01,2.014613151550292969e+00,1.552405953407287598e+00,0.000000000000000000e+00,1.335667610168457031e+00,2.814257621765136719e+00,6.595683693885803223e-01,-9.627977013587951660e-02,1.255162954330444336e-01,4.055713415145874023e-01,-3.063284754753112793e-01,-7.205960154533386230e-01,-4.118545949459075928e-01,3.606683313846588135e-01,-7.835392355918884277e-01,-5.051228776574134827e-02,-2.103564888238906860e-01,3.618706762790679932e-01,-8.300373554229736328e-01,4.497716128826141357e-01,-1.284030675888061523e+00,-1.093249320983886719e-01,-6.022597104310989380e-02,7.241860032081604004e-01,1.097836732864379883e+00,-2.123464345932006836e+00,6.315293908119201660e-01,5.743445158004760742e-01,3.860214948654174805e-01,-5.149577558040618896e-02,-3.320948779582977295e-01,6.266315579414367676e-01,-2.382847309112548828e+00,1.341916918754577637e+00,-1.222023367881774902e+00,-1.024144887924194336e+00,-1.846728920936584473e-01,4.555430635809898376e-02,-4.970417916774749756e-01,-1.027440667152404785e+00,-8.080858737230300903e-02,9.723352789878845215e-01,-6.860043853521347046e-02,-3.851221203804016113e-01,-6.376887857913970947e-02,0.000000000000000000e+00,0.000000000000000000e+00
4.185515642166137695e-01,-1.731814384460449219e+00,-3.678034245967864990e-01,-9.216995835304260254e-01,6.623030304908752441e-01,-2.387311495840549469e-02,-1.275622606277465820e+00,4.307222068309783936e-01,4.716969430446624756e-01,3.837253749370574951e-01,-8.557998575270175934e-03,2.124728918075561523e+00,9.330489672720432281e-03,7.441679239273071289e-01,1.347704976797103882e-01,1.335667610168457031e+00,0.000000000000000000e+00,2.466714084148406982e-01,-4.932905137538909912e-01,1.735406994819641113e+00,2.585682868957519531e-01,1.640812993049621582e+00,-5.237768888473510742e-01,3.127922117710113525e-01,7.541536092758178711e-01,-1.389878094196319580e-01,-1.380891084671020508e+00,1.612841188907623291e-01,-2.945597469806671143e-01,9.157660007476806641e-01,3.736917078495025635e-01,-9.025286138057708740e-02,-7.711253166198730469e-01,-2.553279876708984375e+00,-9.371960759162902832e-01,5.916724205017089844e-01,-8.370006680488586426e-01,-1.446601271629333496e+00,-9.733453392982482910e-01,-1.288037374615669250e-02,1.056635737419128418e+00,4.985440671443939209e-01,-1.010454967617988586e-01,-1.680072546005249023e+00,-8.944200277328491211e-01,-8.096975684165954590e-01,5.195735096931457520e-01,1.737965494394302368e-01,9.088977426290512085e-02,-1.848267763853073120e-01,-6.943217515945434570e-01,3.712787628173828125e-01,-1.477873176336288452e-01,1.708308309316635132e-01,-2.450383752584457397e-01,1.538037657737731934e-01,-1.892790645360946655e-01,0.000000000000000000e+00,0.000000000000000000e+00
-4.503662586212158203e-01,-1.404328227043151855e+00,-1.275254249572753906e+00,2.937602438032627106e-02,-8.442207574844360352e-01,1.099466681480407715e+00,4.564890563488006592e-01,8.624854683876037598e-01,1.264446735382080078e+00,9.478026032447814941e-01,-5.614166259765625000e-01,-1.813244223594665527e-01,2.120845556259155273e+00,5.885231494903564453e-02,8.882505893707275391e-01,2.814257621765136719e+00,2.466714084148406982e-01,0.000000000000000000e+00,3.523753166198730469e+00,8.362290263175964355e-01,-2.057825587689876556e-02,1.923685550689697266e+00,-1.996135413646697998e-01,9.193390011787414551e-01,6.986654400825500488e-01,1.398310899734497070e+00,-9.404752254486083984e-01,-1.299222826957702637e+00,-1.899314999580383301e+00,-7.956135272979736328e-02,-1.703539043664932251e-01,1.231988221406936646e-01,-1.781259298324584961e+00,-2.072654485702514648e+00,2.372445724904537201e-02,-7.149270176887512207e-01,-1.483810693025588989e-01,-1.918523073196411133e+00,-9.629480838775634766e-01,-1.077649116516113281e+00,-4.268309772014617920e-01,-4.947783946990966797e-01,-6.410660743713378906e-01,-8.724964223802089691e-03,-1.442481160163879395e+00,1.628612637519836426e+00,-8.234214782714843750e-01,8.221947550773620605e-01,-3.064287453889846802e-02,1.016838908195495605e+00,-9.796826839447021484e-01,-6.997025609016418457e-01,1.252521127462387085e-01,-3.822318315505981445e-01,-4.310958087444305420e-01,-3.202198147773742676e-01,-4.672171771526336670e-01,0.000000000000000000e+00,0.000000000000000000e+00
-1.016008947044610977e-02,-1.390850245952606201e-01,1.104976162314414978e-01,-1.252742171287536621e+00,-1.329273700714111328e+00,4.339974522590637207e-01,5.912338495254516602e-01,6.641156505793333054e-03,-1.315757751464843750e+00,-1.237712979316711426e+00,1.132202148437500000e+00,-1.050757527351379395e+00,5.881478190422058105e-01,1.115600094199180603e-01,1.198208689689636230e+00,6.595683693885803223e-01,-4.932905137538909912e-01,3.523753166198730469e+00,0.000000000000000000e+00,-6.062341928482055664e-01,6.955580711364746094e-01,1.060138583183288574e+00,-4.801952242851257324e-01,-2.055382013320922852e+00,9.905175566673278809e-01,1.030041947960853577e-01,3.610824942588806152e-01,-3.132970333099365234e-01,9.975288510322570801e-01,2.163227945566177368e-01,-4.893500208854675293e-01,-4.209043383598327637e-01,2.795598208904266357e-01,-1.278287053108215332e+00,9.690260291099548340e-01,1.211973667144775391e+00,1.113901257514953613e+00,2.046791911125183105e-01,1.307807803153991699e+00,1.106086969375610352e+00,5.959150195121765137e-01,-2.852628231048583984e-01,7.733494639396667480e-01,5.784493684768676758e-01,-6.056692004203796387e-01,1.684348821640014648e+00,-9.314132928848266602e-01,-1.067498207092285156e+00,-3.693087399005889893e-01,-1.616645216941833496e+00,2.977892160415649414e-01,-1.492003798484802246e+00,-3.009663820266723633e-01,-2.388597428798675537e-01,-8.412022590637207031e-01,2.827888727188110352e-01,-1.405013948678970337e-01,0.000000000000000000e+00,0.000000000000000000e+00
-6.887577772140502930e-01,-7.704487442970275879e-01,-4.304615259170532227e-01,-7.372438311576843262e-01,-2.375170439481735229e-01,-5.392253994941711426e-01,-3.509080037474632263e-02,-7.743002772331237793e-01,1.256779432296752930e+00,-3.860807716846466064e-01,-6.563920974731445312e-01,7.560726404190063477e-01,-6.203081607818603516e-01,5.746601819992065430e-01,1.706010848283767700e-01,-9.627977013587951660e-02,1.735406994819641113e+00,8.362290263175964355e-01,-6.062341928482055664e-01,0.000000000000000000e+00,9.978436231613159180e-01,3.244065999984741211e+00,2.222001738846302032e-02,1.347656995058059692e-01,6.121198534965515137e-01,-3.975940346717834473e-01,-2.138300798833370209e-03,2.919100821018218994e-01,1.467100977897644043e-01,-4.534967541694641113e-01,3.487588167190551758e-01,4.943023324012756348e-01,-8.952090889215469360e-02,1.460278481245040894e-01,3.562914729118347168e-01,-1.871324926614761353e-01,-5.895005464553833008e-01,-2.773748934268951416e-01,-6.256192922592163086e-01,-9.834561944007873535e-01,1.294502466917037964e-01,4.867783933877944946e-02,-4.153273105621337891e-01,7.292891293764114380e-02,-7.157134413719177246e-01,-9.470654129981994629e-01,6.275095045566558838e-02,-3.582279384136199951e-01,2.728109955787658691e-01,-9.137301445007324219e-01,-2.035348415374755859e-01,-2.069738149642944336e+00,-1.743609428405761719e+00,8.304279297590255737e-03,-1.132001996040344238e+00,3.349599242210388184e-01,4.984542429447174072e-01,0.000000000000000000e+00,0.000000000000000000e+00
3.672358393669128418e-01,-9.275094270706176758e-01,-5.731766223907470703e-01,-1.028571486473083496e+00,-3.869082033634185791e-02,-9.387663602828979492e-01,2.267196029424667358e-01,-9.783961772918701172e-01,-7.228245735168457031e-01,1.152749419212341309e+00,-4.378115236759185791e-01,3.265126347541809082e-01,-1.092414498329162598e+00,-8.320143222808837891e-01,-1.079126477241516113e+00,1.255162954330444336e-01,2.585682868957519531e-01,-2.057825587689876556e-02,6.955580711364746094e-01,9.978436231613159180e-01,0.000000000000000000e+00,-6.943814754486083984e-01,1.235221624374389648e+00,7.531618475914001465e-01,9.283634424209594727e-01,-1.705487966537475586e+00,6.944516301155090332e-01,1.159032225608825684e+00,-4.693232476711273193e-02,9.661357402801513672e-01,1.781095147132873535e+00,-5.669387578964233398e-01,-1.577446907758712769e-01,2.219554424285888672e+00,2.667744755744934082e-01,7.057490944862365723e-01,1.268064260482788086e+00,5.445517301559448242e-01,-1.442319869995117188e+00,-9.694414585828781128e-02,-1.719699501991271973e-01,1.087634325027465820e+00,-4.611070156097412109e-01,-1.986783266067504883e+00,3.440894186496734619e-01,1.738331764936447144e-01,-3.383035957813262939e-01,3.868410587310791016e-01,5.858028680086135864e-02,-6.072730422019958496e-01,-8.833030462265014648e-01,-2.714586853981018066e-01,-1.086252450942993164e+00,-1.051203966140747070e+00,8.798922300338745117e-01,4.423540532588958740e-01,-6.703749299049377441e-01,0.000000000000000000e+00,0.000000000000000000e+00
-1.395587563514709473e+00,-2.417447328567504883e+00,-1.705128312110900879e+00,-1.274066686630249023e+00,-1.584919452667236328e+00,2.599842548370361328e-01,-7.207228541374206543e-01,3.904811739921569824e-01,1.006590843200683594e+00,-1.297344714403152466e-01,-3.621989488601684570e-02,-4.380953311920166016e-01,1.687442779541015625e+00,1.636041998863220215e-01,1.084916234016418457e+00,4.055713415145874023e-01,1.640812993049621582e+00,1.923685550689697266e+00,1.060138583183288574e+00,3.244065999984741211e+00,-6.943814754486083984e-01,0.000000000000000000e+00,1.707538843154907227e+00,-9.717628955841064453e-01,8.476725816726684570e-01,-5.747560858726501465e-01,-1.228689908981323242e+00,4.764029383659362793e-02,-1.182103250175714493e-02,8.999700546264648438e-01,4.152475595474243164e-01,2.297552585601806641e+00,-1.448750853538513184e+00,-2.363404333591461182e-01,-3.406498670578002930e+00,1.683699339628219604e-01,-1.552007079124450684e+00,-2.185877323150634766e+00,1.109309077262878418e+00,-3.766203820705413818e-01,4.157942235469818115e-01,-2.637603878974914551e-01,-2.594519555568695068e-01,5.950679779052734375e-01,-9.582569003105163574e-01,1.558694005012512207e+00,-6.753185391426086426e-01,6.406919956207275391e-01,-6.119559407234191895e-01,5.492485761642456055e-01,-1.172172427177429199e-01,1.147351980209350586e+00,3.490304052829742432e-01,-8.791358768939971924e-02,-3.320713520050048828e+00,-2.422897815704345703e+00,-8.140085935592651367e-01,0.000000000000000000e+00,0.000000000000000000e+00
5.875453352928161621e-01,-1.565256237983703613e+00,-1.471483588218688965e+00,-1.784835457801818848e+00,-2.322133630514144897e-01,1.016076922416687012e+00,2.281708568334579468e-01,-4.854531213641166687e-02,1.086031436920166016e+00,9.030944108963012695e-01,5.804194211959838867e-01,9.928768873214721680e-01,8.927682638168334961e-01,-4.096609354019165039e-01,2.937214374542236328e-01,-3.063284754753112793e-01,-5.237768888473510742e-01,-1.996135413646697998e-01,-4.801952242851257324e-01,2.222001738846302032e-02,1.235221624374389648e+00,1.707538843154907227e+00,0.000000000000000000e+00,1.214226126670837402e+00,8.635770678520202637e-01,5.636870265007019043e-01,1.402067095041275024e-01,1.943727135658264160e+00,1.192588925361633301e+00,1.564659833908081055e+00,1.072633981704711914e+00,9.904465079307556152e-01,-1.293020606040954590e+00,-2.779024600982666016e+00,5.742725729942321777e-01,-4.833575487136840820e-01,2.382328659296035767e-01,3.603008389472961426e-01,2.363744378089904785e-01,5.434139370918273926e-01,6.698744744062423706e-02,8.521448969841003418e-01,-2.463686466217041016e+00,3.973455429077148438e-01,6.607297062873840332e-01,4.390225708484649658e-01,-4.642366468906402588e-01,-8.466044664382934570e-01,-1.096323132514953613e+00,-9.969525337219238281e-01,-1.285452246665954590e-01,-3.679983019828796387e-01,-2.674393057823181152e-01,-1.111587643623352051e+00,-1.160403728485107422e+00,-5.848568677902221680e-02,-3.060595095157623291e-01,0.000000000000000000e+00,0.000000000000000000e+00
4.000606015324592590e-02,-2.655512392520904541e-01,-4.950538873672485352e-01,1.515904814004898071e-01,-9.548247456550598145e-01,-1.051036953926086426e+00,-1.231187820434570312e+00,-1.211041137576103210e-01,-5.116005539894104004e-01,-4.603371322154998779e-01,6.230951547622680664e-01,2.337504923343658447e-01,-3.680013492703437805e-02,-1.262833833694458008e+00,-7.789487242698669434e-01,-7.205960154533386230e-01,3.127922117710113525e-01,9.193390011787414551e-01,-2.055382013320922852e+00,1.347656995058059692e-01,7.531618475914001465e-01,-9.717628955841064453e-01,1.214226126670837402e+00,0.000000000000000000e+00,9.143880009651184082e-01,1.322989106178283691e+00,3.218416929244995117e+00,-1.665406227111816406e+00,-4.647850617766380310e-02,1.439479231834411621e+00,5.155798196792602539e-01,2.897754669189453125e+00,1.578022390604019165e-01,9.785374402999877930e-01,-3.381043672561645508e-02,5.306560397148132324e-01,2.455837279558181763e-01,-3.850811421871185303e-01,-1.772070646286010742e+00,-7.468956112861633301e-01,6.911363005638122559e-01,-3.554797470569610596e-01,4.773153662681579590e-01,3.308058083057403564e-01,-1.780330896377563477e+00,-1.912283420562744141e+00,-2.676733955740928650e-02,-6.121098399162292480e-01,9.723365902900695801e-01,-1.644386887550354004e+00,-4.402536749839782715e-01,-1.848203539848327637e+00,1.573362201452255249e-01,-9.735633134841918945e-01,-4.385299682617187500e-01,9.151635169982910156e-01,7.328686714172363281e-01,0.000000000000000000e+00,0.000000000000000000e+00
-1.641547560691833496e+00,-2.531460523605346680e-01,-4.473107159137725830e-01,-5.442932248115539551e-01,-9.757321327924728394e-02,7.810238599777221680e-01,-1.950322091579437256e-02,1.155333757400512695e+00,7.233738303184509277e-01,-1.910350322723388672e+00,4.020659327507019043e-01,-7.899026572704315186e-02,1.642010062932968140e-01,-2.113268971443176270e-01,1.170872926712036133e+00,-4.118545949459075928e-01,7.541536092758178711e-01,6.986654400825500488e-01,9.905175566673278809e-01,6.121198534965515137e-01,9.283634424209594727e-01,8.476725816726684570e-01,8.635770678520202637e-01,9.143880009651184082e-01,0.000000000000000000e+00,2.186113357543945312e+00,6.113059520721435547e-01,5.893387794494628906e-01,-2.344772070646286011e-01,9.058552384376525879e-01,-6.668446958065032959e-02,-2.694184780120849609e-01,-7.225778102874755859e-01,5.684418678283691406e-01,-5.087560415267944336e-01,4.358458518981933594e-01,-6.587840616703033447e-02,-1.239601492881774902e+00,2.904475033283233643e-01,-6.588677763938903809e-01,-2.125684618949890137e-01,1.009419679641723633e+00,1.467733085155487061e-01,1.732442498207092285e+00,-1.538416892290115356e-01,-5.539284348487854004e-01,2.093873769044876099e-01,-1.611635327339172363e+00,5.869799256324768066e-01,5.681545734405517578e-01,-3.109717071056365967e-01,-5.380134582519531250e-01,-2.264750450849533081e-01,-4.059153050184249878e-02,-9.924854338169097900e-02,-5.803583860397338867e-01,-2.788605690002441406e-01,0.000000000000000000e+00,0.000000000000000000e+00
-7.524856925010681152e-02,-1.950104087591171265e-01,-2.731122374534606934e-01,1.142139077186584473e+00,7.152020931243896484e-01,4.535987675189971924e-01,-3.353601098060607910e-01,-1.002798557281494141e+00,-3.822828233242034912e-01,-1.179913878440856934e+00,-4.172533154487609863e-01,-2.171101123094558716e-01,2.555328309535980225e-01,-1.326993256807327271e-01,-7.226379513740539551e-01,3.606683313846588135e-01,-1.389878094196319580e-01,1.398310899734497070e+00,1.030041947960853577e-01,-3.975940346717834473e-01,-1.705487966537475586e+00,-5.747560858726501465e-01,5.636870265007019043e-01,1.322989106178283691e+00,2.186113357543945312e+00,0.000000000000000000e+00,2.363624095916748047e+00,4.951275587081909180e-01,9.186645746231079102e-01,3.897466063499450684e-01,-7.698920369148254395e-01,1.040677666664123535e+00,3.084706962108612061e-01,4.920053295791149139e-03,-1.018443703651428223e+00,5.472964644432067871e-01,7.644989490509033203e-01,-1.666718959808349609e+00,9.637415409088134766e-01,6.799922585487365723e-01,-4.402676224708557129e-02,4.723665416240692139e-01,9.470710754394531250e-01,4.860983043909072876e-02,3.538030982017517090e-01,-1.422082901000976562e+00,9.230122566223144531e-01,9.833524376153945923e-02,4.587917327880859375e-01,2.687563002109527588e-01,-7.030314207077026367e-01,-8.541550040245056152e-01,8.544427752494812012e-01,2.712856233119964600e-01,-7.892413735389709473e-01,3.041186928749084473e-01,-1.649913750588893890e-02,0.000000000000000000e+00,0.000000000000000000e+00
