0.000000000000000000e+00,1.884066700935363770e+00,1.384874463081359863e+00,-3.693787753582000732e-01,-1.810859739780426025e-01,-1.081716492772102356e-01,-7.687379717826843262e-01,3.308885693550109863e-01,-1.435415893793106079e-01,-1.509862065315246582e+00,7.687068581581115723e-01,-3.898163735866546631e-01,7.554262876510620117e-01,-1.490190863609313965e+00,-3.736885190010070801e-01,-4.082333147525787354e-01,-5.965338945388793945e-01,1.407532691955566406e+00,-1.241334676742553711e+00,9.953458607196807861e-02,-2.114350795745849609e+00,-2.364128232002258301e-01,1.234998822212219238e+00,2.206504493951797485e-01,-1.883938759565353394e-01,4.611313939094543457e-01,-7.311722636222839355e-01,-1.442734152078628540e-01,6.669629812240600586e-01,-8.716263808310031891e-03,2.791618108749389648e-01,8.825948834419250488e-01,-3.866612315177917480e-01,1.527963638305664062e+00,1.161998629570007324e+00,4.524853825569152832e-01,-3.095967173576354980e-01,-4.820983409881591797e-01,2.229187935590744019e-01,5.448140501976013184e-01,6.579572558403015137e-01,-4.408012032508850098e-01,5.978394150733947754e-01,5.960690379142761230e-01,-2.470892190933227539e+00,2.061288207769393921e-01,-2.028867155313491821e-01,-4.541279077529907227e-01,4.215694963932037354e-01,8.717387169599533081e-02,-1.939826250076293945e+00,3.851031064987182617e-01,1.994980126619338989e-01,-7.057106494903564453e-01,2.144078910350799561e-01,1.537394165992736816e+00,-6.587694287300109863e-01,-1.227711558341979980e+00,-1.200685858726501465e+00
1.884066700935363770e+00,0.000000000000000000e+00,9.220755696296691895e-01,-5.509958267211914062e-01,2.082984924316406250e+00,-3.941664397716522217e-01,1.105719089508056641e+00,-9.817492961883544922e-01,-1.306382656097412109e+00,1.585669994354248047e+00,-7.250086069107055664e-01,-6.476975679397583008e-01,6.069275140762329102e-01,1.993485391139984131e-01,-1.713525533676147461e+00,-3.230164349079132080e-01,-1.407926082611083984e+00,-3.940581381320953369e-01,6.314199566841125488e-01,-1.439062058925628662e-01,-5.098775625228881836e-01,-3.693623542785644531e-01,2.378087937831878662e-01,-5.884362459182739258e-01,3.874774575233459473e-01,-1.719412088394165039e+00,-9.067990779876708984e-01,-9.743258953094482422e-01,-7.953890562057495117e-01,-1.050488710403442383e+00,1.984928697347640991e-01,-4.738068878650665283e-01,1.818036913871765137e+00,5.945872068405151367e-01,-8.808821439743041992e-01,7.051778435707092285e-01,7.304672002792358398e-01,7.300164699554443359e-01,6.218906641006469727e-01,3.147281706333160400e-01,-8.440439403057098389e-02,-1.494608283042907715e+00,-1.010054424405097961e-01,-2.331681363284587860e-02,5.802991390228271484e-01,3.147359192371368408e-01,-1.704063534736633301e+00,-2.811690330505371094e+00,6.988652944564819336e-01,7.356041073799133301e-01,1.455714553594589233e-01,1.043971896171569824e+00,7.214050889015197754e-01,-8.342012763023376465e-01,5.570068359375000000e-01,1.901039004325866699e+00,-2.361029200255870819e-02,1.874648809432983398e+00,4.357979297637939453e-01
1.384874463081359863e+00,9.220755696296691895e-01,0.000000000000000000e+00,2.210739850997924805e+00,1.256284832954406738e+00,1.065098404884338379e+00,2.719227373600006104e-01,6.202688813209533691e-01,9.326932430267333984e-01,-9.479798674583435059e-01,7.356023788452148438e-01,-9.427651762962341309e-01,9.535173773765563965e-01,1.085520505905151367e+00,-5.379286408424377441e-01,-1.149383544921875000e+00,4.040378928184509277e-01,1.076402187347412109e+00,8.843016624450683594e-02,-1.304107427597045898e+00,-6.841340065002441406e-01,1.009828567504882812e+00,-2.491880893707275391e+00,-1.315675735473632812e+00,1.207056283950805664e+00,-7.280511260032653809e-01,-2.439108133316040039e+00,-8.868833184242248535e-01,-1.442445278167724609e+00,-5.729060173034667969e-01,1.406471610069274902e+00,3.901464343070983887e-01,7.736651897430419922e-01,-7.539093494415283203e-01,2.363347709178924561e-01,-1.357650905847549438e-01,-9.454090595245361328e-01,-5.157716274261474609e-01,5.096750855445861816e-01,-7.694905400276184082e-01,1.488723754882812500e+00,-4.511761069297790527e-01,1.461196541786193848e+00,2.308254688978195190e-01,-3.922952339053153992e-02,-1.886284351348876953e+00,-6.374813318252563477e-01,5.390132665634155273e-01,9.727741479873657227e-01,1.630682200193405151e-01,-8.025964498519897461e-01,-1.435582637786865234e+00,-5.745637789368629456e-02,9.126986265182495117e-01,6.215424537658691406e-01,-2.325534105300903320e+00,-2.986334264278411865e-01,-4.810436666011810303e-01,3.171502947807312012e-01
-3.693787753582000732e-01,-5.509958267211914062e-01,2.210739850997924805e+00,0.000000000000000000e+00,8.424385786056518555e-01,2.458596467971801758e+00,-1.501689255237579346e-01,3.982820510864257812e-01,1.589263826608657837e-01,-1.067818999290466309e+00,1.689889669418334961e+00,-4.694539308547973633e-01,1.428774297237396240e-01,-2.074510097503662109e+00,2.778490781784057617e-01,1.906167268753051758e+00,1.011292219161987305e+00,1.411370635032653809e+00,-1.362412452697753906e+00,-1.263007760047912598e+00,-2.037681579589843750e+00,-1.543917775154113770e+00,5.608888864517211914e-01,4.702937602996826172e-01,-2.301541328430175781e+00,8.527832031250000000e-01,-1.582041382789611816e+00,-5.088761448860168457e-01,-3.454749882221221924e-01,-4.107810258865356445e-01,-1.071250289678573608e-01,7.232298851013183594e-01,-1.072517558932304382e-01,-1.044324159622192383e+00,1.266049981117248535e+00,4.079023897647857666e-01,5.942848324775695801e-01,6.450951099395751953e-01,1.354715466499328613e+00,1.128483772277832031e+00,-2.677672863006591797e+00,7.987933158874511719e-01,-4.489060342311859131e-01,-1.738463163375854492e+00,-1.580791473388671875e+00,1.071000337600708008e+00,-3.061875700950622559e-01,6.519324183464050293e-01,4.462402462959289551e-01,3.005933165550231934e-01,-2.050601005554199219e+00,-7.571819424629211426e-01,1.835778206586837769e-01,1.308478116989135742e+00,9.140061736106872559e-01,4.753163456916809082e-01,-1.160053133964538574e+00,-6.023864746093750000e-01,-1.202952146530151367e+00
-1.810859739780426025e-01,2.082984924316406250e+00,1.256284832954406738e+00,8.424385786056518555e-01,0.000000000000000000e+00,9.256514906883239746e-01,3.383896589279174805e+00,2.866406202316284180e+00,2.785814702510833740e-01,7.815773487091064453e-01,-2.248130179941654205e-02,-1.315878272056579590e+00,-1.195928215980529785e+00,-8.891940116882324219e-01,-6.314809918403625488e-01,-3.781433999538421631e-01,-1.261924624443054199e+00,-1.165041089057922363e+00,7.520427554845809937e-02,-8.921898603439331055e-01,-2.090868949890136719e+00,-3.550097718834877014e-02,5.459490418434143066e-01,-4.323539435863494873e-01,-1.430628299713134766e+00,-8.722067475318908691e-01,5.945512056350708008e-01,-1.341372966766357422e+00,-2.180537462234497070e+00,7.462025284767150879e-01,-1.376691013574600220e-01,6.041816473007202148e-01,-2.986149787902832031e-01,-8.066334724426269531e-01,6.098645925521850586e-01,1.412559598684310913e-01,-8.128913044929504395e-01,8.599724769592285156e-01,-8.532725572586059570e-01,9.240064024925231934e-02,-4.546123445034027100e-01,9.775469899177551270e-01,2.492810040712356567e-01,-3.419031202793121338e-01,1.251151412725448608e-01,4.915041029453277588e-01,7.277824282646179199e-01,7.176463007926940918e-01,-9.252784848213195801e-01,4.246799945831298828e-01,8.440778851509094238e-01,1.464694738388061523e+00,-1.712474703788757324e+00,-8.710028529167175293e-01,8.011941313743591309e-01,-2.004198074340820312e+00,-3.721344172954559326e-01,2.112714797258377075e-01,-7.531489729881286621e-01
-1.081716492772102356e-01,-3.941664397716522217e-01,1.065098404884338379e+00,2.458596467971801758e+00,9.256514906883239746e-01,0.000000000000000000e+00,1.988497138023376465e+00,1.104164361953735352e+00,1.219056963920593262e+00,1.645488619804382324e+00,-1.624865889549255371e+00,3.940463438630104065e-02,-1.618619561195373535e+00,-9.034786224365234375e-01,2.082424402236938477e+00,-7.796626538038253784e-02,-7.170912623405456543e-01,1.247050166130065918e+00,-1.249149441719055176e+00,-1.427937150001525879e+00,3.722067177295684814e-01,-4.954561293125152588e-01,1.125346779823303223e+00,-2.221345528960227966e-02,4.203506410121917725e-01,-1.192017644643783569e-01,3.906492888927459717e-01,4.286144673824310303e-01,-7.299425005912780762e-01,-1.055657267570495605e+00,-9.857632517814636230e-01,-2.006995826959609985e-01,-1.262081623077392578e+00,-1.003090739250183105e+00,2.002859592437744141e+00,-3.333156108856201172e-01,-1.976839661598205566e+00,7.099187374114990234e-02,-3.248668834567070007e-02,-4.280084967613220215e-01,-1.549979209899902344e+00,1.000124454498291016e+00,-1.427440285682678223e+00,1.289525534957647324e-02,-1.319468855857849121e+00,-6.120808124542236328e-01,3.275252133607864380e-02,6.697238087654113770e-01,1.499065458774566650e-01,3.637208640575408936e-01,-9.116093516349792480e-01,-3.295902311801910400e-01,-1.150288209319114685e-01,9.278080463409423828e-01,-1.048035144805908203e+00,-8.880200982093811035e-01,-3.297592699527740479e-01,-2.561998069286346436e-01,-2.863778471946716309e-01
-7.687379717826843262e-01,1.105719089508056641e+00,2.719227373600006104e-01,-1.501689255237579346e-01,3.383896589279174805e+00,1.988497138023376465e+00,0.000000000000000000e+00,2.551527976989746094e+00,-5.325405672192573547e-02,6.839997768402099609e-01,4.788072705268859863e-01,1.258276700973510742e-01,4.926535487174987793e-01,2.760498821735382080e-01,-2.832811772823333740e-01,6.484982371330261230e-02,4.343403279781341553e-01,-4.817573428153991699e-01,-1.079657226800918579e-01,-1.223439276218414307e-01,1.499350666999816895e-01,-3.072583973407745361e-01,9.892706274986267090e-01,-2.211509466171264648e+00,-6.527169942855834961e-01,3.512864112854003906e-01,-7.118904590606689453e-01,-8.480636477470397949e-01,6.047956347465515137e-01,8.765231370925903320e-01,6.984658241271972656e-01,-1.882914423942565918e+00,-1.539055407047271729e-01,3.338982462882995605e-01,2.979813702404499054e-02,-4.885217845439910889e-01,-1.342160105705261230e+00,1.188653707504272461e+00,-2.001860737800598145e-01,-1.881037950515747070e+00,-7.255961298942565918e-01,-6.488438695669174194e-02,-3.410367965698242188e-01,-2.128434330224990845e-01,2.952294647693634033e-01,-2.861508727073669434e-01,2.893929779529571533e-01,-3.847972452640533447e-01,-4.408847391605377197e-01,-8.553654700517654419e-02,1.370628476142883301e+00,2.538643591105937958e-02,-1.501051664352416992e+00,-3.246698975563049316e-01,6.780316829681396484e-01,-2.208025455474853516e+00,1.108858942985534668e+00,-3.321569561958312988e-01,3.318539634346961975e-02
3.308885693550109863e-01,-9.817492961883544922e-01,6.202688813209533691e-01,3.982820510864257812e-01,2.866406202316284180e+00,1.104164361953735352e+00,2.551527976989746094e+00,0.000000000000000000e+00,1.129222750663757324e+00,-7.561702132225036621e-01,-2.257715165615081787e-01,5.881655216217041016e-01,-1.471805572509765625e-02,-1.320284485816955566e+00,1.311081767082214355e+00,-7.037971615791320801e-01,-2.564933001995086670e-01,9.804731607437133789e-01,-8.743313550949096680e-01,6.950777024030685425e-03,4.605524837970733643e-01,3.362374305725097656e-01,1.680953264236450195e+00,2.750047147274017334e-01,6.248519420623779297e-01,-2.405987232923507690e-01,6.969655752182006836e-01,-1.705259323120117188e+00,-5.000824332237243652e-01,1.259401082992553711e+00,-6.538753509521484375e-01,-8.144738674163818359e-01,-1.238303408026695251e-01,-3.644967377185821533e-01,-5.323971509933471680e-01,-1.783183455467224121e+00,-2.751322984695434570e-01,1.021115064620971680e+00,4.188846945762634277e-01,-3.685766756534576416e-01,-9.669871926307678223e-01,1.005564928054809570e+00,-1.206137537956237793e+00,2.150227874517440796e-01,1.039807319641113281e+00,-1.097320199012756348e+00,4.503950476646423340e-02,3.505727350711822510e-01,1.152545094490051270e+00,-1.448738455772399902e+00,-2.263697087764739990e-01,-6.460487246513366699e-01,-1.562624812126159668e+00,-1.061352014541625977e+00,-1.601468086242675781e+00,-4.122956395149230957e-01,-3.156293332576751709e-01,-1.154134273529052734e+00,9.917394518852233887e-01
-1.435415893793106079e-01,-1.306382656097412109e+00,9.326932430267333984e-01,1.589263826608657837e-01,2.785814702510833740e-01,1.219056963920593262e+00,-5.325405672192573547e-02,1.129222750663757324e+00,0.000000000000000000e+00,1.536003708839416504e+00,3.927186131477355957e-02,1.638806819915771484e+00,-2.158044338226318359e+00,1.160628914833068848e+00,2.186319828033447266e+00,-8.838223814964294434e-01,4.198653697967529297e-01,1.073134422302246094e+00,-6.432352066040039062e-01,1.527317881584167480e+00,7.720241546630859375e-01,8.537981510162353516e-01,-1.124164223670959473e+00,-6.341997981071472168e-01,2.018680274486541748e-01,-2.438235431909561157e-01,4.131354764103889465e-02,-1.767549216747283936e-01,5.810747742652893066e-01,6.041007041931152344e-01,-1.005964726209640503e-01,-7.209540605545043945e-01,-8.555504083633422852e-01,-1.274885296821594238e+00,-1.714679837226867676e+00,-1.443216204643249512e+00,-1.614030957221984863e+00,-1.157066226005554199e+00,-1.267248749732971191e+00,-8.073897361755371094e-01,-1.027546286582946777e+00,-1.038053393363952637e+00,-9.807989001274108887e-01,2.608024701476097107e-02,-6.730500459671020508e-01,2.282864041626453400e-02,2.389006316661834717e-01,1.005541324615478516e+00,-9.770259857177734375e-01,-9.007370471954345703e-01,-1.062996014952659607e-01,-1.594376206398010254e+00,5.137267708778381348e-01,6.057613492012023926e-01,3.828272819519042969e-01,-2.903022170066833496e-01,1.235033869743347168e+00,-1.908269673585891724e-01,4.820225834846496582e-01
-1.509862065315246582e+00,1.585669994354248047e+00,-9.479798674583435059e-01,-1.067818999290466309e+00,7.815773487091064453e-01,1.645488619804382324e+00,6.839997768402099609e-01,-7.561702132225036621e-01,1.536003708839416504e+00,0.000000000000000000e+00,2.813040494918823242e+00,7.295274734497070312e-01,2.173962593078613281e+00,3.744707405567169189e-01,5.620985031127929688e-01,-1.772512435913085938e+00,-3.875232338905334473e-01,-8.798550963401794434e-01,-1.520437479019165039e+00,3.206712007522583008e-01,1.591269969940185547e+00,-8.617511987686157227e-01,4.738382697105407715e-01,-9.380550980567932129e-01,-7.245227694511413574e-01,-2.810903549194335938e+00,-8.636742234230041504e-01,-2.704513072967529297e-01,8.171923756599426270e-01,-1.695893406867980957e+00,3.611722886562347412e-01,-8.597901463508605957e-01,1.044458627700805664e+00,1.536826193332672119e-01,-7.568899393081665039e-01,-2.694110274314880371e-01,9.801217913627624512e-02,-1.220209240913391113e+00,-1.191689372062683105e-01,6.094470024108886719e-01,-1.080755114555358887e+00,1.271496247500181198e-02,-7.800229787826538086e-01,2.458203136920928955e-01,-9.887216985225677490e-02,4.925829768180847168e-01,-7.608033418655395508e-01,5.875774025917053223e-01,-1.588704109191894531e+00,-1.331230163574218750e+00,2.511880159378051758e+00,-4.669557511806488037e-01,-1.180384993553161621e+00,7.656649351119995117e-01,-7.975678443908691406e-01,-8.947387337684631348e-01,5.813207030296325684e-01,-9.634320139884948730e-01,5.115736275911331177e-02
7.687068581581115723e-01,-7.250086069107055664e-01,7.356023788452148438e-01,1.689889669418334961e+00,-2.248130179941654205e-02,-1.624865889549255371e+00,4.788072705268859863e-01,-2.257715165615081787e-01,3.927186131477355957e-02,2.813040494918823242e+00,0.000000000000000000e+00,3.046285808086395264e-01,1.390039682388305664e+00,1.604359388351440430e+00,-1.218127250671386719e+00,-3.352887332439422607e-01,-5.630475282669067383e-01,3.471647202968597412e-01,-1.615982204675674438e-01,-7.782773375511169434e-01,-1.367601603269577026e-01,5.927503108978271484e-01,-6.864827275276184082e-01,5.548242926597595215e-01,-1.995288610458374023e+00,-2.302039563655853271e-01,-2.934596501290798187e-02,-4.857597947120666504e-01,-2.938170731067657471e-01,-5.350903272628784180e-01,8.446343541145324707e-01,6.887899041175842285e-01,5.923159718513488770e-01,1.304131507873535156e+00,5.980853736400604248e-02,5.415756702423095703e-01,3.931667506694793701e-01,7.125030159950256348e-01,7.451815605163574219e-01,8.312264084815979004e-01,-2.864417731761932373e-01,2.764608561992645264e-01,7.480803132057189941e-01,-1.587846517562866211e+00,-4.643515944480895996e-01,-9.352340698242187500e-01,-3.376524150371551514e-01,-1.436699151992797852e+00,1.973137706518173218e-01,1.888900041580200195e+00,-5.781068801879882812e-01,1.114428415894508362e-01,8.551212549209594727e-01,1.144192218780517578e+00,4.378471076488494873e-01,4.851160943508148193e-01,-7.737340331077575684e-01,3.061844110488891602e-01,-1.539033532142639160e+00
-3.898163735866546631e-01,-6.476975679397583008e-01,-9.427651762962341309e-01,-4.694539308547973633e-01,-1.315878272056579590e+00,3.940463438630104065e-02,1.258276700973510742e-01,5.881655216217041016e-01,1.638806819915771484e+00,7.295274734497070312e-01,3.046285808086395264e-01,0.000000000000000000e+00,-4.571243226528167725e-01,1.298483729362487793e+00,2.655197381973266602e+00,5.170975998044013977e-02,1.885821223258972168e+00,-5.039644613862037659e-02,-2.539879083633422852e-01,-5.651888251304626465e-01,4.900683760643005371e-01,-3.056325912475585938e-01,2.948579192161560059e-01,5.084484815597534180e-01,2.127717137336730957e-01,4.314959794282913208e-02,-4.456745982170104980e-01,2.730260789394378662e-01,4.197173118591308594e-01,1.273120641708374023e-01,-4.132668077945709229e-01,5.706552267074584961e-01,-1.808538436889648438e-01,-1.212695717811584473e+00,-3.683874309062957764e-01,-1.468348383903503418e+00,-3.133313059806823730e-01,-2.502032220363616943e-01,-5.350560545921325684e-01,-4.169556200504302979e-01,-2.120698392391204834e-01,-1.024968862533569336e+00,-8.565823435783386230e-01,-2.126052528619766235e-01,4.984361529350280762e-01,6.188783645629882812e-01,-1.590945720672607422e-01,-5.852488875389099121e-01,-5.367720127105712891e-01,-3.485984504222869873e-01,-2.330385334789752960e-02,2.803774774074554443e-01,-1.467410624027252197e-01,-2.747621834278106689e-01,-4.077445566654205322e-01,-6.666991710662841797e-01,6.273930519819259644e-02,-1.779633909463882446e-01,-1.428831964731216431e-01
7.554262876510620117e-01,6.069275140762329102e-01,9.535173773765563965e-01,1.428774297237396240e-01,-1.195928215980529785e+00,-1.618619561195373535e+00,4.926535487174987793e-01,-1.471805572509765625e-02,-2.158044338226318359e+00,2.173962593078613281e+00,1.390039682388305664e+00,-4.571243226528167725e-01,0.000000000000000000e+00,2.012895345687866211e+00,-2.874227166175842285e-01,-7.801157236099243164e-01,-1.166716217994689941e+00,-7.081394195556640625e-01,1.697282791137695312e+00,-4.127184450626373291e-01,6.836458444595336914e-01,5.228015780448913574e-01,2.490701824426651001e-01,1.137405633926391602e-01,1.208816051483154297e+00,8.126424551010131836e-01,1.175924897193908691e+00,-2.931802906095981598e-02,-4.245232939720153809e-01,-2.328913509845733643e-01,-1.030552506446838379e+00,8.856172561645507812e-01,1.100254416465759277e+00,-9.700103998184204102e-01,6.100474596023559570e-01,3.429356217384338379e-01,1.329193472862243652e+00,-1.892723321914672852e+00,-1.176708579063415527e+00,-6.326664704829454422e-03,-1.419705003499984741e-01,-9.663965106010437012e-01,4.096793755888938904e-02,2.865362465381622314e-01,-1.326912641525268555e+00,-1.875825673341751099e-01,3.243168070912361145e-02,-7.191557288169860840e-01,5.405126214027404785e-01,2.044667303562164307e-01,6.597141027450561523e-01,-1.085791811347007751e-01,-1.488319933414459229e-01,-5.171549320220947266e-01,1.204138755798339844e+00,-7.422159612178802490e-02,3.780247569084167480e-01,2.518814206123352051e-01,-6.030266880989074707e-01
-1.490190863609313965e+00,1.993485391139984131e-01,1.085520505905151367e+00,-2.074510097503662109e+00,-8.891940116882324219e-01,-9.034786224365234375e-01,2.760498821735382080e-01,-1.320284485816955566e+00,1.160628914833068848e+00,3.744707405567169189e-01,1.604359388351440430e+00,1.298483729362487793e+00,2.012895345687866211e+00,0.000000000000000000e+00,1.434190034866333008e+00,3.578277587890625000e+00,1.098016023635864258e+00,1.059250116348266602e+00,-1.994147539138793945e+00,2.663549780845642090e-01,4.903621375560760498e-01,1.597221344709396362e-01,5.082877278327941895e-01,4.182890951633453369e-01,-1.270090818405151367e+00,-3.544447124004364014e-01,-1.297920942306518555e-01,-5.793778300285339355e-01,-1.221767663955688477e+00,-1.263446509838104248e-01,-5.138690397143363953e-02,7.160187512636184692e-02,-1.190980792045593262e+00,-5.281265974044799805e-01,-1.974404901266098022e-01,-3.366083800792694092e-01,-1.804255694150924683e-01,-1.343104481697082520e+00,1.065101861953735352e+00,-3.171367570757865906e-02,-2.780649900436401367e+00,-2.046244621276855469e+00,1.031687259674072266e+00,-5.829073488712310791e-02,2.939031831920146942e-02,5.326373577117919922e-01,-1.286004900932312012e+00,-1.224516481161117554e-01,-5.942903161048889160e-01,-6.415557861328125000e-01,-5.154444649815559387e-02,-5.510177016258239746e-01,-1.222765326499938965e+00,-3.227967023849487305e-01,-9.870331287384033203e-01,2.156292200088500977e+00,8.847457170486450195e-01,5.502052307128906250e-01,1.745191067457199097e-01
-3.736885190010070801e-01,-1.713525533676147461e+00,-5.379286408424377441e-01,2.778490781784057617e-01,-6.314809918403625488e-01,2.082424402236938477e+00,-2.832811772823333740e-01,1.311081767082214355e+00,2.186319828033447266e+00,5.620985031127929688e-01,-1.218127250671386719e+00,2.655197381973266602e+00,-2.874227166175842285e-01,1.434190034866333008e+00,0.000000000000000000e+00,5.772883445024490356e-02,8.421332836151123047e-01,9.990784525871276855e-01,-7.315798103809356689e-02,9.959040284156799316e-01,2.602131962776184082e-01,4.793254137039184570e-01,-4.407755658030509949e-02,-2.779415249824523926e-01,9.548652172088623047e-01,1.570036411285400391e-01,-8.090250492095947266e-01,1.352867037057876587e-01,-5.081578493118286133e-01,3.302465975284576416e-01,9.854758381843566895e-01,2.944020032882690430e-01,-1.222161650657653809e+00,-1.999373435974121094e+00,-1.316733658313751221e-01,-1.835559964179992676e+00,-1.552406311035156250e+00,-5.593797564506530762e-01,-7.607238888740539551e-01,-5.451449751853942871e-01,-1.214361265301704407e-01,-1.783284902572631836e+00,3.658089041709899902e-01,-4.855696856975555420e-01,7.933562994003295898e-01,-1.275662064552307129e+00,3.387750685214996338e-01,5.853968858718872070e-01,-9.097350239753723145e-01,-4.171301424503326416e-02,-7.878132909536361694e-02,-1.082350969314575195e+00,-1.040283679962158203e+00,3.808181285858154297e-01,-5.646056532859802246e-01,-8.855832815170288086e-01,1.880623847246170044e-01,-5.314464569091796875e-01,-7.576816678047180176e-01
-4.082333147525787354e-01,-3.230164349079132080e-01,-1.149383544921875000e+00,1.906167268753051758e+00,-3.781433999538421631e-01,-7.796626538038253784e-02,6.484982371330261230e-02,-7.037971615791320801e-01,-8.838223814964294434e-01,-1.772512435913085938e+00,-3.352887332439422607e-01,5.170975998044013977e-02,-7.801157236099243164e-01,3.578277587890625000e+00,5.772883445024490356e-02,0.000000000000000000e+00,-2.710676491260528564e-01,1.167742609977722168e+00,-6.199725270271301270e-01,-1.635129004716873169e-01,-4.079860210418701172e+00,-8.360105156898498535e-01,3.839424550533294678e-01,1.123648047447204590e+00,-8.283377289772033691e-01,2.058750838041305542e-01,8.446158766746520996e-01,3.615348637104034424e-01,3.203552663326263428e-01,1.820258617401123047e+00,-2.246335506439208984e+00,-3.902322351932525635e-01,-2.619824409484863281e-01,4.824361801147460938e-01,7.103487253189086914e-01,1.755910158157348633e+00,1.014701724052429199e+00,-2.351485013961791992e+00,7.505713105201721191e-01,1.589801192283630371e+00,-1.041591241955757141e-01,8.043115139007568359e-01,6.136867217719554901e-03,-7.287461161613464355e-01,-5.375268459320068359e-01,1.038057431578636169e-01,-1.495978087186813354e-01,1.232465505599975586e+00,-3.237240910530090332e-01,5.506196618080139160e-01,6.498792171478271484e-01,-1.201783776283264160e+00,-1.101675406098365784e-01,-2.382349729537963867e+00,8.403511047363281250e-01,2.914038598537445068e-01,-1.924245506525039673e-01,-3.457143306732177734e-01,-8.070971369743347168e-01
-5.965338945388793945e-01,-1.407926082611083984e+00,4.040378928184509277e-01,1.011292219161987305e+00,-1.261924624443054199e+00,-7.170912623405456543e-01,4.343403279781341553e-01,-2.564933001995086670e-01,4.198653697967529297e-01,-3.875232338905334473e-01,-5.630475282669067383e-01,1.885821223258972168e+00,-1.166716217994689941e+00,1.098016023635864258e+00,8.421332836151123047e-01,-2.710676491260528564e-01,0.000000000000000000e+00,-2.893872261047363281e-01,-2.974180281162261963e-01,8.638928532600402832e-01,-1.587682664394378662e-01,-4.786324501037597656e-01,1.026445508003234863e+00,-7.249383628368377686e-02,2.144260257482528687e-01,7.379776239395141602e-01,5.623110532760620117e-01,7.225185036659240723e-01,2.321776747703552246e-01,8.652914166450500488e-01,3.419759869575500488e-01,-1.434332877397537231e-01,-9.878337383270263672e-01,1.967985183000564575e-02,-9.577735662460327148e-01,-3.773957490921020508e-01,-9.649878144264221191e-01,-4.419886767864227295e-01,5.168208479881286621e-01,-4.840164780616760254e-01,-3.496896922588348389e-01,-7.448667287826538086e-01,2.887000441551208496e-01,3.930348455905914307e-01,4.726292192935943604e-02,-2.565661668777465820e-01,5.581194162368774414e-01,-6.193296909332275391e-01,-1.738250106573104858e-01,-6.453272700309753418e-01,-4.254665374755859375e-01,8.345949649810791016e-01,9.445493817329406738e-01,4.454798996448516846e-01,8.517596125602722168e-02,-5.003649592399597168e-01,-5.367282032966613770e-01,-8.063846230506896973e-01,-2.534902393817901611e-01
1.407532691955566406e+00,-3.940581381320953369e-01,1.076402187347412109e+00,1.411370635032653809e+00,-1.165041089057922363e+00,1.247050166130065918e+00,-4.817573428153991699e-01,9.804731607437133789e-01,1.073134422302246094e+00,-8.798550963401794434e-01,3.471647202968597412e-01,-5.039644613862037659e-02,-7.081394195556640625e-01,1.059250116348266602e+00,9.990784525871276855e-01,1.167742609977722168e+00,-2.893872261047363281e-01,0.000000000000000000e+00,2.812179028987884521e-01,1.085972070693969727e+00,9.198469519615173340e-01,6.855797767639160156e-01,4.894200861454010010e-01,1.421600133180618286e-01,2.337352186441421509e-01,9.969581365585327148e-01,4.479688704013824463e-01,6.965240836143493652e-01,-3.537177741527557373e-01,2.440646141767501831e-01,-1.499540805816650391e-01,7.834684252738952637e-01,-1.317283660173416138e-01,-1.424520492553710938e+00,-1.298912286758422852e+00,-1.498325318098068237e-01,4.652133285999298096e-01,-7.015088945627212524e-02,-1.638266205787658691e+00,5.701572820544242859e-02,-6.885727643966674805e-01,-1.981726527214050293e+00,-7.516009211540222168e-01,-2.591936588287353516e-01,-1.396094083786010742e+00,6.202956438064575195e-01,3.150230646133422852e-01,1.790593266487121582e+00,-4.295789897441864014e-01,4.304165244102478027e-01,-1.573287993669509888e-01,-8.663457632064819336e-01,3.441469967365264893e-01,-1.065246462821960449e+00,-1.558028697967529297e+00,1.019557476043701172e+00,-3.399524390697479248e-01,-1.769350051879882812e+00,-1.880050748586654663e-01
-1.241334676742553711e+00,6.314199566841125488e-01,8.843016624450683594e-02,-1.362412452697753906e+00,7.520427554845809937e-02,-1.249149441719055176e+00,-1.079657226800918579e-01,-8.743313550949096680e-01,-6.432352066040039062e-01,-1.520437479019165039e+00,-1.615982204675674438e-01,-2.539879083633422852e-01,1.697282791137695312e+00,-1.994147539138793945e+00,-7.315798103809356689e-02,-6.199725270271301270e-01,-2.974180281162261963e-01,2.812179028987884521e-01,0.000000000000000000e+00,9.688347578048706055e-02,9.421704411506652832e-01,-6.418052315711975098e-01,-1.708248615264892578e+00,-7.113049030303955078e-01,2.003087043762207031e+00,1.020922064781188965e+00,3.549415171146392822e-01,1.140292644500732422e+00,8.129805922508239746e-01,1.461394071578979492e+00,5.487505197525024414e-01,3.412862122058868408e-02,-7.625164389610290527e-01,3.774568140506744385e-01,3.299390077590942383e-01,1.630866527557373047e-01,-3.057385683059692383e-01,1.262100338935852051e+00,9.399222731590270996e-01,2.021702051162719727e+00,1.806260824203491211e+00,-2.042942762374877930e+00,1.151387810707092285e+00,8.781676292419433594e-01,9.008793234825134277e-01,1.384062290191650391e+00,-4.615959525108337402e-01,-1.889669418334960938e+00,-1.454923748970031738e+00,-4.176157414913177490e-01,1.000847935676574707e+00,3.053929507732391357e-01,-1.178160429000854492e+00,-1.239950805902481079e-01,8.427450060844421387e-02,7.315394878387451172e-01,1.258772015571594238e-01,3.920507431030273438e-01,-7.905752956867218018e-02
9.953458607196807861e-02,-1.439062058925628662e-01,-1.304107427597045898e+00,-1.263007760047912598e+00,-8.921898603439331055e-01,-1.427937150001525879e+00,-1.223439276218414307e-01,6.950777024030685425e-03,1.527317881584167480e+00,3.206712007522583008e-01,-7.782773375511169434e-01,-5.651888251304626465e-01,-4.127184450626373291e-01,2.663549780845642090e-01,9.959040284156799316e-01,-1.635129004716873169e-01,8.638928532600402832e-01,1.085972070693969727e+00,9.688347578048706055e-02,0.000000000000000000e+00,1.765085577964782715e+00,2.402895689010620117e+00,1.061895251274108887e+00,3.727663159370422363e-01,1.269316673278808594e+00,6.234170794486999512e-01,3.488297164440155029e-01,6.363356858491897583e-02,-3.322240412235260010e-01,4.326142966747283936e-01,-3.176721632480621338e-01,1.941718906164169312e-02,-1.073635578155517578e+00,-1.048947572708129883e+00,-1.131572008132934570e+00,-5.354042649269104004e-01,-4.554933607578277588e-01,-3.886107802391052246e-01,-1.013601779937744141e+00,1.046259850263595581e-01,9.612912535667419434e-01,-7.457048296928405762e-01,-5.362244844436645508e-01,-9.617131948471069336e-01,-3.403032422065734863e-01,-3.096197731792926788e-02,-8.372958749532699585e-02,-1.024472061544656754e-02,4.363094568252563477e-01,-9.908249974250793457e-01,-7.350733131170272827e-02,-7.523762583732604980e-01,-2.707479596138000488e-01,-3.563415110111236572e-01,-1.342654377222061157e-01,2.278134971857070923e-01,1.271167397499084473e+00,-1.128822684288024902e+00,3.272063732147216797e-01
-2.114350795745849609e+00,-5.098775625228881836e-01,-6.841340065002441406e-01,-2.037681579589843750e+00,-2.090868949890136719e+00,3.722067177295684814e-01,1.499350666999816895e-01,4.605524837970733643e-01,7.720241546630859375e-01,1.591269969940185547e+00,-1.367601603269577026e-01,4.900683760643005371e-01,6.836458444595336914e-01,4.903621375560760498e-01,2.602131962776184082e-01,-4.079860210418701172e+00,-1.587682664394378662e-01,9.198469519615173340e-01,9.421704411506652832e-01,1.765085577964782715e+00,0.000000000000000000e+00,1.048540353775024414e+00,5.587674379348754883e-01,4.724391549825668335e-02,1.731047630310058594e+00,-1.338100075721740723e+00,-1.369083642959594727e+00,1.172866940498352051e+00,1.665371537208557129e+00,1.225188136100769043e+00,3.522630333900451660e-01,-1.837871789932250977e+00,-6.414785981178283691e-01,1.526252269744873047e+00,5.117173194885253906e-01,7.450064420700073242e-01,7.561543583869934082e-01,1.114206671714782715e+00,-1.309406161308288574e+00,-8.533877730369567871e-01,-6.956073641777038574e-01,-9.109492301940917969e-01,5.210130810737609863e-01,6.689476370811462402e-01,-3.540694415569305420e-01,-4.971680641174316406e-01,-9.424581527709960938e-01,-1.488206148147583008e+00,-2.068736106157302856e-01,-5.431280136108398438e-01,-2.450934410095214844e+00,3.229743838310241699e-01,-4.372981786727905273e-01,1.477201104164123535e+00,1.308701038360595703e+00,-1.121927022933959961e+00,8.856304883956909180e-01,-1.079377055168151855e+00,6.258032470941543579e-02
-2.364128232002258301e-01,-3.693623542785644531e-01,1.009828567504882812e+00,-1.543917775154113770e+00,-3.550097718834877014e-02,-4.954561293125152588e-01,-3.072583973407745361e-01,3.362374305725097656e-01,8.537981510162353516e-01,-8.617511987686157227e-01,5.927503108978271484e-01,-3.056325912475585938e-01,5.228015780448913574e-01,1.597221344709396362e-01,4.793254137039184570e-01,-8.360105156898498535e-01,-4.786324501037597656e-01,6.855797767639160156e-01,-6.418052315711975098e-01,2.402895689010620117e+00,1.048540353775024414e+00,0.000000000000000000e+00,-7.772952318191528320e-02,1.606190562248229980e+00,-2.922312915325164795e-01,-1.259987235069274902e+00,2.872018218040466309e-01,1.373992443084716797e+00,3.989937305450439453e-01,4.005898721516132355e-03,-4.060856401920318604e-01,-3.718349039554595947e-01,9.952957630157470703e-01,1.072084307670593262e+00,-5.063497424125671387e-01,-8.231475353240966797e-01,-1.177722454071044922e+00,-4.793262779712677002e-01,2.305293977260589600e-01,3.221849501132965088e-01,5.073156952857971191e-01,-5.270868539810180664e-01,2.031318098306655884e-02,-2.264578342437744141e-01,-1.041766926646232605e-01,9.357052445411682129e-01,-4.476333260536193848e-01,1.777848303318023682e-01,-1.710145592689514160e+00,-6.450476050376892090e-01,-1.989845037460327148e-01,-7.997555136680603027e-01,-6.314288973808288574e-01,8.012459427118301392e-02,-8.361018300056457520e-01,2.070230841636657715e-01,4.175529479980468750e-01,-3.321451246738433838e-01,-2.746227979660034180e-01
1.234998822212219238e+00,2.378087937831878662e-01,-2.491880893707275391e+00,5.608888864517211914e-01,5.459490418434143066e-01,1.125346779823303223e+00,9.892706274986267090e-01,1.680953264236450195e+00,-1.124164223670959473e+00,4.738382697105407715e-01,-6.864827275276184082e-01,2.948579192161560059e-01,2.490701824426651001e-01,5.082877278327941895e-01,-4.407755658030509949e-02,3.839424550533294678e-01,1.026445508003234863e+00,4.894200861454010010e-01,-1.708248615264892578e+00,1.061895251274108887e+00,5.587674379348754883e-01,-7.772952318191528320e-02,0.000000000000000000e+00,5.419068932533264160e-01,9.947537183761596680e-01,-4.162200391292572021e-01,4.371469616889953613e-01,2.831362485885620117e+00,9.261428117752075195e-01,1.371927380561828613e+00,1.357938945293426514e-01,-5.222586989402770996e-01,-1.959996700286865234e+00,-1.968218088150024414e+00,1.500404719263315201e-02,-1.461310029029846191e+00,-1.636537313461303711e+00,2.501009702682495117e-01,6.688330173492431641e-01,1.801246106624603271e-01,6.487813591957092285e-01,3.121928274631500244e-01,-2.543965101242065430e+00,-6.071950793266296387e-01,1.179460510611534119e-01,-3.596927821636199951e-01,1.173079967498779297e+00,-1.622843384742736816e+00,5.366780757904052734e-01,-1.589504003524780273e+00,1.283180713653564453e-01,-1.253623604774475098e+00,-4.738523960113525391e-01,3.015325032174587250e-02,-2.942646443843841553e-01,5.123503804206848145e-01,3.180485963821411133e-01,-9.215536713600158691e-01,-1.787819743156433105e+00
2.206504493951797485e-01,-5.884362459182739258e-01,-1.315675735473632812e+00,4.702937602996826172e-01,-4.323539435863494873e-01,-2.221345528960227966e-02,-2.211509466171264648e+00,2.750047147274017334e-01,-6.341997981071472168e-01,-9.380550980567932129e-01,5.548242926597595215e-01,5.084484815597534180e-01,1.137405633926391602e-01,4.182890951633453369e-01,-2.779415249824523926e-01,1.123648047447204590e+00,-7.249383628368377686e-02,1.421600133180618286e-01,-7.113049030303955078e-01,3.727663159370422363e-01,4.724391549825668335e-02,1.606190562248229980e+00,5.419068932533264160e-01,0.000000000000000000e+00,6.242433786392211914e-01,5.830666422843933105e-01,2.921832084655761719e+00,6.272524595260620117e-01,-3.509045243263244629e-01,1.110327124595642090e+00,-2.204478502273559570e+00,-1.971579492092132568e-01,4.201876521110534668e-01,5.811508297920227051e-01,-1.101191565394401550e-01,9.969972968101501465e-01,-6.807942390441894531e-01,-2.595085620880126953e+00,-3.937545716762542725e-01,1.024313092231750488e+00,-3.030413687229156494e-01,-9.275131225585937500e-01,-8.122375011444091797e-01,2.597705423831939697e-01,-1.161326169967651367e+00,8.287939429283142090e-02,-3.632410243153572083e-02,-1.286029070615768433e-01,1.454105854034423828e+00,2.180396616458892822e-01,1.111841559410095215e+00,-7.756089568138122559e-01,3.565189242362976074e-02,-5.596585273742675781e-01,3.341859579086303711e-01,-1.147258430719375610e-01,8.481699228286743164e-01,-1.651213407516479492e+00,7.666401267051696777e-01
-1.883938759565353394e-01,3.874774575233459473e-01,1.207056283950805664e+00,-2.301541328430175781e+00,-1.430628299713134766e+00,4.203506410121917725e-01,-6.527169942855834961e-01,6.248519420623779297e-01,2.018680274486541748e-01,-7.245227694511413574e-01,-1.995288610458374023e+00,2.127717137336730957e-01,1.208816051483154297e+00,-1.270090818405151367e+00,9.548652172088623047e-01,-8.283377289772033691e-01,2.144260257482528687e-01,2.337352186441421509e-01,2.003087043762207031e+00,1.269316673278808594e+00,1.731047630310058594e+00,-2.922312915325164795e-01,9.947537183761596680e-01,6.242433786392211914e-01,0.000000000000000000e+00,1.412767529487609863e+00,2.899871468544006348e-01,2.213080883026123047e+00,1.188902616500854492e+00,1.943565011024475098e+00,-1.075325250625610352e+00,1.040977835655212402e-01,4.419414401054382324e-01,-1.292189955711364746e+00,5.232724919915199280e-02,4.352711737155914307e-01,2.513186633586883545e-01,-2.635938644409179688e+00,-1.278411298990249634e-01,1.084759593009948730e+00,-4.234187901020050049e-01,1.214998960494995117e+00,4.407675266265869141e-01,-1.525110960006713867e+00,-1.415234208106994629e+00,6.154035329818725586e-01,-2.001770496368408203e+00,-4.788029491901397705e-01,-1.008802413940429688e+00,-1.367226004600524902e+00,-6.408323049545288086e-01,-1.861969828605651855e+00,-1.107233047485351562e+00,3.932508528232574463e-01,1.470515847206115723e+00,1.840867251157760620e-01,-7.542891800403594971e-02,-4.749531745910644531e-01,1.271041750907897949e+00
4.611313939094543457e-01,-1.719412088394165039e+00,-7.280511260032653809e-01,8.527832031250000000e-01,-8.722067475318908691e-01,-1.192017644643783569e-01,3.512864112854003906e-01,-2.405987232923507690e-01,-2.438235431909561157e-01,-2.810903549194335938e+00,-2.302039563655853271e-01,4.314959794282913208e-02,8.126424551010131836e-01,-3.544447124004364014e-01,1.570036411285400391e-01,2.058750838041305542e-01,7.379776239395141602e-01,9.969581365585327148e-01,1.020922064781188965e+00,6.234170794486999512e-01,-1.338100075721740723e+00,-1.259987235069274902e+00,-4.162200391292572021e-01,5.830666422843933105e-01,1.412767529487609863e+00,0.000000000000000000e+00,7.377621531486511230e-01,-6.219090819358825684e-01,-7.424319535493850708e-02,5.398885011672973633e-01,-6.526870131492614746e-01,5.478769913315773010e-02,4.723821282386779785e-01,8.446660041809082031e-01,-6.162033677101135254e-01,1.279587030410766602e+00,5.860918760299682617e-01,-2.409544140100479126e-01,2.034294843673706055e+00,8.034647703170776367e-01,7.996227741241455078e-01,1.234262108802795410e+00,9.883449673652648926e-01,-1.057321071624755859e+00,-4.115275442600250244e-01,-3.628899455070495605e-01,-2.729860067367553711e+00,6.181741952896118164e-01,1.292590498924255371e+00,5.284816622734069824e-01,-3.724970221519470215e-01,1.199119910597801208e-02,-2.808780372142791748e-01,-3.157197684049606323e-02,-4.070104360580444336e-01,1.615455150604248047e+00,7.803723216056823730e-01,-5.313741508871316910e-03,2.213125824928283691e-01
