0.000000000000000000e+00,2.269216299057006836e+00,1.366107225418090820e+00,5.351347327232360840e-01,-1.793448626995086670e-01,-3.881114721298217773e-01,-1.555782198905944824e+00,-2.512357831001281738e-01,-4.779027029871940613e-02,-1.395203709602355957e+00,4.897232353687286377e-01,-3.970828354358673096e-01,-4.311656653881072998e-01,-1.310903429985046387e+00,-4.983395636081695557e-01,3.962457478046417236e-01,1.724036782979965210e-01,5.929972529411315918e-01,-1.251173019409179688e+00,-1.759826391935348511e-01,-1.557946205139160156e+00,3.735804557800292969e-02,1.924348115921020508e+00,-3.694170713424682617e-01,-1.001140400767326355e-01,-5.671775341033935547e-01,-5.526627898216247559e-01,6.061206012964248657e-02,8.223922252655029297e-01,-3.946271836757659912e-01,2.077748775482177734e-01,6.614352464675903320e-01,-1.327893018722534180e+00,1.024283051490783691e+00,1.069428682327270508e+00,5.932883620262145996e-01,5.405031442642211914e-01,-1.345513939857482910e+00,6.727181077003479004e-01,-3.036763668060302734e-01,7.619485855102539062e-01,2.912800312042236328e-01,5.616796612739562988e-01,6.691861748695373535e-01,-3.572632968425750732e-01,2.811079025268554688e-01,-1.239333987236022949e+00,-7.505904436111450195e-01,-3.006255626678466797e-01,4.736975431442260742e-01,-1.532358527183532715e+00,-4.952656850218772888e-02,6.363397836685180664e-01,1.142219424247741699e+00,-2.406523078680038452e-01,1.527269601821899414e+00,-4.390617012977600098e-01,-1.658274769783020020e+00,-7.218434810638427734e-01
2.269216299057006836e+00,0.000000000000000000e+00,1.608308315277099609e+00,-8.452677726745605469e-01,2.172029256820678711e+00,-1.234729409217834473e+00,8.961722254753112793e-01,-5.101478099822998047e-01,-2.247750997543334961e+00,1.860458016395568848e+00,1.391908526420593262e-01,-8.024632334709167480e-01,7.600426077842712402e-01,4.571781456470489502e-01,-1.979137420654296875e+00,-8.964808583259582520e-01,-2.923310995101928711e-01,-2.785950601100921631e-01,4.806894659996032715e-01,3.012250065803527832e-01,5.236415863037109375e-01,-9.514074921607971191e-01,-4.039093852043151855e-01,-1.308331012725830078e+00,9.527380466461181641e-01,-1.603770136833190918e+00,-4.282956123352050781e-01,-1.399378895759582520e+00,-1.191714286804199219e+00,-1.032556891441345215e+00,6.975245475769042969e-01,-1.258215546607971191e+00,1.589743971824645996e+00,9.333596229553222656e-01,-5.898059010505676270e-01,1.363609790802001953e+00,7.275629788637161255e-02,6.053047180175781250e-01,1.137745261192321777e+00,5.783822536468505859e-01,4.052822887897491455e-01,-1.790566563606262207e+00,2.079537957906723022e-01,6.439791060984134674e-03,6.964390873908996582e-01,6.552367657423019409e-02,-2.122647523880004883e+00,-3.017349958419799805e+00,6.674855351448059082e-01,-1.276549994945526123e-01,-2.556641399860382080e-02,7.753898501396179199e-01,-2.415275275707244873e-01,-6.853883266448974609e-01,3.614358901977539062e-01,1.915402293205261230e+00,-8.274707198143005371e-01,1.567522525787353516e+00,4.465055167675018311e-01
1.366107225418090820e+00,1.608308315277099609e+00,0.000000000000000000e+00,1.643780112266540527e+00,1.590364933013916016e+00,1.399430155754089355e+00,1.895665079355239868e-01,3.880546092987060547e-01,1.120289415121078491e-01,-1.147899508476257324e+00,6.476296782493591309e-01,-9.146652221679687500e-01,7.109255194664001465e-01,1.349169135093688965e+00,4.554732143878936768e-01,-1.362804770469665527e+00,-4.349164664745330811e-02,1.429689645767211914e+00,4.202544689178466797e-01,-8.523937463760375977e-01,-1.167261004447937012e+00,1.124155759811401367e+00,-2.403847694396972656e+00,-2.200251817703247070e-02,6.304748654365539551e-01,1.382040381431579590e-01,-1.827229738235473633e+00,2.108794823288917542e-02,-6.875245571136474609e-01,3.059816956520080566e-01,1.313685774803161621e+00,8.897075057029724121e-01,4.109390974044799805e-01,-8.030617833137512207e-01,-3.068031044676899910e-03,-9.236771613359451294e-02,-1.564156413078308105e+00,-3.089430630207061768e-01,4.250631034374237061e-01,-1.394797325134277344e+00,1.519309282302856445e+00,-9.771718978881835938e-01,4.386017918586730957e-01,-4.374096170067787170e-02,-2.070041745901107788e-01,-1.605762362480163574e+00,-6.758897304534912109e-01,-6.519996374845504761e-02,1.183320283889770508e+00,5.720986425876617432e-02,-1.044909596443176270e+00,-1.493720293045043945e+00,6.315213441848754883e-01,-2.030879855155944824e-01,2.877176702022552490e-01,-1.813713669776916504e+00,-3.426431417465209961e-01,-4.245961308479309082e-01,5.142588615417480469e-01
5.351347327232360840e-01,-8.452677726745605469e-01,1.643780112266540527e+00,0.000000000000000000e+00,1.040827989578247070e+00,1.581182956695556641e+00,3.467791378498077393e-01,7.319209575653076172e-01,-6.470164060592651367e-01,-7.628625631332397461e-01,1.736681818962097168e+00,-1.988262534141540527e-01,4.414297342300415039e-01,-2.850452423095703125e+00,-3.628884255886077881e-02,1.897865891456604004e+00,5.967200398445129395e-01,1.602863311767578125e+00,-9.891934990882873535e-01,-7.056604027748107910e-01,-1.969957232475280762e+00,-1.447483658790588379e+00,2.575821280479431152e-01,2.587063312530517578e-01,-2.115327119827270508e+00,4.307795464992523193e-01,-7.748749256134033203e-01,-5.553585290908813477e-01,1.652900278568267822e-01,-1.272754907608032227e+00,9.864725470542907715e-01,6.148749589920043945e-01,-3.423390984535217285e-01,-8.743258714675903320e-01,3.164993822574615479e-01,3.513150811195373535e-01,5.280475020408630371e-01,2.374883592128753662e-01,1.951750755310058594e+00,1.914809584617614746e+00,-1.861186385154724121e+00,1.048034548759460449e+00,2.687294036149978638e-02,-2.229602336883544922e+00,-1.918749094009399414e+00,4.643028676509857178e-01,-2.473128139972686768e-01,1.379852890968322754e+00,-2.025865912437438965e-01,4.687674939632415771e-01,-1.145774364471435547e+00,-5.858393311500549316e-01,-4.612867906689643860e-02,1.223307013511657715e+00,1.198330521583557129e+00,1.119631528854370117e-01,-1.895646095275878906e+00,-9.411477446556091309e-01,-1.217063665390014648e+00
-1.793448626995086670e-01,2.172029256820678711e+00,1.590364933013916016e+00,1.040827989578247070e+00,0.000000000000000000e+00,2.325967252254486084e-01,3.243168592453002930e+00,2.718576431274414062e+00,-2.596282958984375000e-01,4.934608340263366699e-01,4.503894150257110596e-01,-1.045977234840393066e+00,-1.204504370689392090e+00,-1.024143218994140625e+00,-5.956314802169799805e-01,-1.663695216178894043e+00,-4.554673731327056885e-01,-6.740507483482360840e-01,-9.090674519538879395e-01,-9.201661944389343262e-01,-2.290349960327148438e+00,-6.049124523997306824e-02,1.192238450050354004e+00,2.608601152896881104e-01,-2.557627916336059570e+00,-9.490431547164916992e-01,7.219169735908508301e-01,-9.196432828903198242e-01,-1.657876849174499512e+00,1.461883068084716797e+00,-4.916424453258514404e-01,8.778602480888366699e-01,1.990515887737274170e-01,-1.048575758934020996e+00,1.115602850914001465e+00,-6.196380853652954102e-01,-9.805553555488586426e-01,4.414297342300415039e-01,-1.820369720458984375e+00,-3.968083262443542480e-01,-1.099148750305175781e+00,5.437365770339965820e-01,5.492249131202697754e-01,-1.985262036323547363e-01,-3.549054265022277832e-01,9.396460056304931641e-01,-1.396611571311950684e+00,5.649874806404113770e-01,-4.651707112789154053e-01,-6.205480098724365234e-01,9.467719793319702148e-01,1.653772950172424316e+00,-1.271226406097412109e+00,2.942838370800018311e-01,1.313040494918823242e+00,-1.937113523483276367e+00,-2.679768502712249756e-01,8.540857434272766113e-01,-4.553321003913879395e-01
-3.881114721298217773e-01,-1.234729409217834473e+00,1.399430155754089355e+00,1.581182956695556641e+00,2.325967252254486084e-01,0.000000000000000000e+00,1.306280374526977539e+00,4.028899669647216797e-01,6.773557662963867188e-01,2.094442367553710938e+00,-1.823822021484375000e+00,3.283223807811737061e-01,-1.692929148674011230e+00,-1.083848103880882263e-01,1.105456233024597168e+00,-3.564978539943695068e-01,-6.709888577461242676e-01,1.161526203155517578e+00,-7.738296985626220703e-01,-1.294367432594299316e+00,8.203472495079040527e-01,-1.252387166023254395e+00,8.289768099784851074e-01,1.400583833456039429e-01,2.851218581199645996e-01,6.763163954019546509e-02,1.691269129514694214e-01,6.143372654914855957e-01,3.872313201427459717e-01,-5.484938621520996094e-01,-5.210528373718261719e-01,2.615096867084503174e-01,-2.261332571506500244e-01,-9.046615362167358398e-01,8.796616792678833008e-01,-5.311684012413024902e-01,-1.189622044563293457e+00,-4.195329546928405762e-01,3.424168825149536133e-01,-6.906577944755554199e-01,-1.477398395538330078e+00,4.767923355102539062e-01,-1.272108078002929688e+00,-8.918625116348266602e-02,-1.597436666488647461e+00,-3.798855841159820557e-02,6.308628320693969727e-01,1.358020901679992676e+00,2.963263094425201416e-01,4.158654808998107910e-01,-1.046650528907775879e+00,-8.882451057434082031e-01,7.281686067581176758e-01,1.297355651855468750e+00,-4.261941015720367432e-01,-1.984567344188690186e-01,3.347781603224575520e-04,5.507700145244598389e-02,-1.282701343297958374e-01
-1.555782198905944824e+00,8.961722254753112793e-01,1.895665079355239868e-01,3.467791378498077393e-01,3.243168592453002930e+00,1.306280374526977539e+00,0.000000000000000000e+00,2.535269260406494141e+00,-5.096396207809448242e-01,1.793356388807296753e-01,3.955725133419036865e-01,2.016492635011672974e-01,9.108953475952148438e-01,8.362960815429687500e-01,-1.719074994325637817e-01,-2.667825222015380859e-01,1.127894043922424316e+00,-1.702465265989303589e-01,3.430292308330535889e-01,-6.002765893936157227e-01,-4.282799363136291504e-01,2.373023778200149536e-01,9.865318536758422852e-01,2.686125785112380981e-02,-1.160251617431640625e+00,6.517875194549560547e-01,2.205026000738143921e-01,-8.561835885047912598e-01,-2.372888475656509399e-01,6.111222878098487854e-02,1.028365269303321838e-01,-1.175799608230590820e+00,-4.877031967043876648e-02,4.592621326446533203e-01,5.669986084103584290e-02,4.776322096586227417e-02,-8.895728588104248047e-01,1.107579469680786133e+00,-3.090349584817886353e-02,-2.139784097671508789e+00,-8.645511865615844727e-01,-1.039969205856323242e+00,-6.153379082679748535e-01,-5.558267235755920410e-01,-7.983776330947875977e-01,-5.128745734691619873e-02,9.495872855186462402e-01,1.948107499629259109e-03,-6.487994641065597534e-02,7.750836759805679321e-02,1.745347857475280762e+00,8.158964663743972778e-02,-1.553530335426330566e+00,-4.179746806621551514e-01,3.837147653102874756e-01,-2.279257297515869141e+00,9.514511823654174805e-01,-4.100924730300903320e-01,-3.234497830271720886e-02
-2.512357831001281738e-01,-5.101478099822998047e-01,3.880546092987060547e-01,7.319209575653076172e-01,2.718576431274414062e+00,4.028899669647216797e-01,2.535269260406494141e+00,0.000000000000000000e+00,5.910039544105529785e-01,-4.511453807353973389e-01,-3.808834552764892578e-01,4.971876740455627441e-01,-1.176832765340805054e-01,-6.758700609207153320e-01,8.650627136230468750e-01,-1.556458950042724609e+00,-5.962226390838623047e-01,9.767667055130004883e-01,-3.495563566684722900e-01,4.799713492393493652e-01,9.360345005989074707e-01,4.263266026973724365e-01,2.007162809371948242e+00,1.799166649580001831e-01,8.624410629272460938e-01,-2.142042219638824463e-01,-1.062162816524505615e-01,-1.480825781822204590e+00,-1.029138803482055664e+00,2.068265914916992188e+00,-2.881031930446624756e-01,-8.912907242774963379e-01,-7.914637923240661621e-01,-1.159043192863464355e+00,-1.125003695487976074e+00,-2.184645891189575195e+00,-6.533015966415405273e-01,2.830055952072143555e-01,-9.595682471990585327e-02,3.023978136479854584e-02,-5.440190806984901428e-02,-1.862399466335773468e-02,-5.486294627189636230e-01,1.130575612187385559e-01,7.451239228248596191e-01,-1.484878778457641602e+00,1.444367289543151855e+00,4.103522300720214844e-01,8.188818097114562988e-01,-1.252345561981201172e+00,-1.790168434381484985e-01,1.432666033506393433e-01,-1.926332235336303711e+00,-6.385510563850402832e-01,-1.470446705818176270e+00,1.362829953432083130e-01,6.434011459350585938e-02,-1.019362926483154297e+00,8.458251357078552246e-01
-4.779027029871940613e-02,-2.247750997543334961e+00,1.120289415121078491e-01,-6.470164060592651367e-01,-2.596282958984375000e-01,6.773557662963867188e-01,-5.096396207809448242e-01,5.910039544105529785e-01,0.000000000000000000e+00,2.046051263809204102e+00,-6.286706328392028809e-01,1.762962937355041504e+00,-9.947085976600646973e-01,1.115050077438354492e+00,2.603417158126831055e+00,-2.913169264793395996e-01,3.725598007440567017e-02,1.009659171104431152e+00,2.133972384035587311e-02,1.916631937026977539e+00,1.145900964736938477e+00,1.608467578887939453e+00,-7.003657221794128418e-01,-9.136323332786560059e-01,3.506492078304290771e-01,3.573696911334991455e-01,2.023594081401824951e-01,-4.747298657894134521e-01,3.194158673286437988e-01,3.199728950858116150e-02,-5.395941138267517090e-01,-2.440963089466094971e-01,-1.158211588859558105e+00,-3.528460264205932617e-01,-1.788591742515563965e+00,-2.015410661697387695e+00,-1.160126209259033203e+00,1.205127537250518799e-01,-1.640529394149780273e+00,-4.100371524691581726e-02,-5.374400615692138672e-01,-1.404690265655517578e+00,-4.751405715942382812e-01,-2.016707807779312134e-01,5.705302357673645020e-01,1.168157458305358887e-01,-4.717878699302673340e-01,7.068694829940795898e-01,-8.651466369628906250e-01,-8.757814764976501465e-01,-4.000810980796813965e-01,-1.649928927421569824e+00,-1.942601650953292847e-01,8.554703742265701294e-02,-4.520888328552246094e-01,-5.219541788101196289e-01,1.117298245429992676e+00,-1.637679934501647949e-01,2.623329460620880127e-01
-1.395203709602355957e+00,1.860458016395568848e+00,-1.147899508476257324e+00,-7.628625631332397461e-01,4.934608340263366699e-01,2.094442367553710938e+00,1.793356388807296753e-01,-4.511453807353973389e-01,2.046051263809204102e+00,0.000000000000000000e+00,2.640453577041625977e+00,7.866822481155395508e-01,2.407375574111938477e+00,-7.134555839002132416e-03,6.752263307571411133e-01,-6.453434228897094727e-01,-2.174517810344696045e-01,1.220461577177047729e-01,-1.707126617431640625e+00,4.175350442528724670e-02,1.029203057289123535e+00,-1.048003137111663818e-01,1.002024531364440918e+00,-1.653393983840942383e+00,-3.775073885917663574e-01,-2.487596273422241211e+00,-6.585187315940856934e-01,-1.152651429176330566e+00,-4.130799472332000732e-01,-1.266457915306091309e+00,-9.858211278915405273e-01,-6.689395904541015625e-01,7.266026139259338379e-01,-2.319818884134292603e-01,-7.527524828910827637e-01,-6.605990529060363770e-01,-2.951489090919494629e-01,-1.516945242881774902e+00,2.863964140415191650e-01,5.700770616531372070e-01,2.226769626140594482e-01,3.139930069446563721e-01,4.785141646862030029e-01,1.722069621086120605e+00,-2.013160288333892822e-01,2.253287434577941895e-01,-3.609787225723266602e+00,-2.072550356388092041e-01,-3.144575059413909912e-01,-8.152456283569335938e-01,2.549444913864135742e+00,-6.990770101547241211e-01,-1.995348095893859863e+00,2.506870329380035400e-01,-5.532284379005432129e-01,-3.093855142593383789e+00,5.257713794708251953e-01,-3.702446520328521729e-01,-1.060028076171875000e+00
4.897232353687286377e-01,1.391908526420593262e-01,6.476296782493591309e-01,1.736681818962097168e+00,4.503894150257110596e-01,-1.823822021484375000e+00,3.955725133419036865e-01,-3.808834552764892578e-01,-6.286706328392028809e-01,2.640453577041625977e+00,0.000000000000000000e+00,4.458777606487274170e-01,9.521154761314392090e-01,2.172811269760131836e+00,-3.806363046169281006e-01,-2.503457963466644287e-01,-3.710466921329498291e-01,2.319631427526473999e-01,-9.762834906578063965e-01,-8.229424953460693359e-01,-4.430236816406250000e-01,2.661443352699279785e-01,-6.610571146011352539e-01,6.477833986282348633e-01,-1.084111809730529785e+00,-1.627839542925357819e-02,1.293076723814010620e-01,-2.792132794857025146e-01,-1.068993806838989258e+00,-1.476883888244628906e+00,8.192995786666870117e-01,4.160766601562500000e-01,1.053496748208999634e-01,1.288674831390380859e+00,6.260763406753540039e-01,8.503011465072631836e-01,2.539198398590087891e-01,5.462515950202941895e-01,7.717617154121398926e-01,7.859352231025695801e-01,-2.390755563974380493e-01,5.622329711914062500e-01,-9.151063859462738037e-02,-1.598412275314331055e+00,-6.356742382049560547e-01,-9.649462103843688965e-01,3.630636632442474365e-01,-1.565152645111083984e+00,6.666880846023559570e-01,1.154104113578796387e+00,7.832314372062683105e-01,-2.152540488168597221e-03,9.249514341354370117e-01,7.768485546112060547e-01,1.118177473545074463e-01,8.136482834815979004e-01,-1.874176561832427979e-01,7.160513997077941895e-01,-1.602192878723144531e+00
-3.970828354358673096e-01,-8.024632334709167480e-01,-9.146652221679687500e-01,-1.988262534141540527e-01,-1.045977234840393066e+00,3.283223807811737061e-01,2.016492635011672974e-01,4.971876740455627441e-01,1.762962937355041504e+00,7.866822481155395508e-01,4.458777606487274170e-01,0.000000000000000000e+00,-5.392092466354370117e-01,1.004148483276367188e+00,2.550653696060180664e+00,-1.729044616222381592e-01,1.727103829383850098e+00,-6.123765371739864349e-03,-2.159995436668395996e-01,-3.326446712017059326e-01,4.129711389541625977e-01,-1.977555155754089355e-01,8.123426884412765503e-02,1.858974844217300415e-01,3.552832305431365967e-01,-1.724365651607513428e-01,-7.414844036102294922e-01,-4.923360049724578857e-01,1.911690831184387207e-01,2.360702455043792725e-01,-2.112105786800384521e-01,4.614549279212951660e-01,-3.887137174606323242e-01,-9.209657907485961914e-01,-1.683604955673217773e+00,-1.585994362831115723e+00,-7.842360734939575195e-01,-2.802944555878639221e-02,-7.434134483337402344e-01,1.609520465135574341e-01,-3.912231698632240295e-02,-9.561734199523925781e-01,-7.480533123016357422e-01,-4.831315875053405762e-01,1.080817818641662598e+00,7.411951422691345215e-01,-1.174650117754936218e-01,-1.260942369699478149e-01,-6.477735638618469238e-01,2.541504204273223877e-01,2.159909307956695557e-01,5.160523653030395508e-01,-1.792981326580047607e-01,1.617375016212463379e-01,-3.970145881175994873e-01,-4.669432714581489563e-02,-1.769808232784271240e-01,-5.417681932449340820e-01,4.332472011446952820e-02
-4.311656653881072998e-01,7.600426077842712402e-01,7.109255194664001465e-01,4.414297342300415039e-01,-1.204504370689392090e+00,-1.692929148674011230e+00,9.108953475952148438e-01,-1.176832765340805054e-01,-9.947085976600646973e-01,2.407375574111938477e+00,9.521154761314392090e-01,-5.392092466354370117e-01,0.000000000000000000e+00,1.827898859977722168e+00,-2.256287932395935059e-01,-5.211204290390014648e-01,-3.256312310695648193e-01,-8.474089503288269043e-01,1.185964703559875488e+00,-9.369087815284729004e-01,-1.085760220885276794e-01,5.349177122116088867e-01,7.393254041671752930e-01,-1.630560159683227539e-01,1.078597068786621094e+00,8.517398834228515625e-01,5.614702701568603516e-01,3.856638073921203613e-01,3.506873250007629395e-01,-5.731724500656127930e-01,-1.323159933090209961e+00,7.161208987236022949e-02,1.693202376365661621e+00,2.058977782726287842e-01,6.920694112777709961e-01,2.777591943740844727e-01,1.310999512672424316e+00,-2.392346620559692383e+00,-1.103858232498168945e+00,-4.172546863555908203e-01,-5.319151282310485840e-01,-1.828829348087310791e-01,1.332057416439056396e-01,3.114823102951049805e-01,-1.250615715980529785e+00,4.498505294322967529e-01,1.476297825574874878e-01,-8.547491431236267090e-01,-4.280084669589996338e-01,4.700521826744079590e-01,6.757150888442993164e-01,-9.509421139955520630e-02,6.361371874809265137e-01,-9.045253396034240723e-01,1.253371834754943848e+00,2.927304506301879883e-01,6.943956762552261353e-02,3.495815396308898926e-01,-2.306965738534927368e-01
-1.310903429985046387e+00,4.571781456470489502e-01,1.349169135093688965e+00,-2.850452423095703125e+00,-1.024143218994140625e+00,-1.083848103880882263e-01,8.362960815429687500e-01,-6.758700609207153320e-01,1.115050077438354492e+00,-7.134555839002132416e-03,2.172811269760131836e+00,1.004148483276367188e+00,1.827898859977722168e+00,0.000000000000000000e+00,1.495264053344726562e+00,3.490106344223022461e+00,5.496968030929565430e-01,8.366646766662597656e-01,-2.343034505844116211e+00,3.190276026725769043e-01,3.501524329185485840e-01,5.043566226959228516e-01,-4.173939526081085205e-01,5.049887299537658691e-01,-8.238635063171386719e-01,3.937276899814605713e-01,-5.643701553344726562e-02,-8.957301378250122070e-01,-1.598774433135986328e+00,-4.797026515007019043e-01,2.270238548517227173e-01,4.237765669822692871e-01,-8.380345702171325684e-01,-1.718435585498809814e-01,1.918899714946746826e-01,-5.890349149703979492e-01,6.369832158088684082e-01,-1.728136420249938965e+00,3.361953422427177429e-02,-3.745549619197845459e-01,-2.404918909072875977e+00,-4.955884814262390137e-01,7.164900898933410645e-01,-4.434258043766021729e-01,-7.103285193443298340e-01,1.062100172042846680e+00,-9.917551875114440918e-01,-1.067385554313659668e+00,-1.034961104393005371e+00,-7.255309820175170898e-01,-1.242137625813484192e-01,3.893890976905822754e-01,-1.513966083526611328e+00,-9.363446831703186035e-01,-2.406698316335678101e-01,1.537773132324218750e+00,4.051015377044677734e-01,5.848574042320251465e-01,3.016092777252197266e-01
-4.983395636081695557e-01,-1.979137420654296875e+00,4.554732143878936768e-01,-3.628884255886077881e-02,-5.956314802169799805e-01,1.105456233024597168e+00,-1.719074994325637817e-01,8.650627136230468750e-01,2.603417158126831055e+00,6.752263307571411133e-01,-3.806363046169281006e-01,2.550653696060180664e+00,-2.256287932395935059e-01,1.495264053344726562e+00,0.000000000000000000e+00,2.838146984577178955e-01,1.446212410926818848e+00,9.123433232307434082e-01,1.119425594806671143e-01,1.320405602455139160e+00,8.487920165061950684e-01,1.111194133758544922e+00,-3.764855265617370605e-01,1.161329746246337891e-01,2.256032675504684448e-01,1.613175682723522186e-02,-6.839160919189453125e-01,-7.722824811935424805e-01,9.898858144879341125e-03,1.173872351646423340e-01,2.570948600769042969e-01,1.311758607625961304e-01,-9.982571005821228027e-01,-5.414158701896667480e-01,-2.030667781829833984e+00,-2.211716890335083008e+00,-1.627861499786376953e+00,-1.037794232368469238e+00,-1.334228754043579102e+00,-1.788219511508941650e-01,1.095342412590980530e-01,-1.621818900108337402e+00,-4.422806799411773682e-01,-5.464814901351928711e-01,5.972119569778442383e-01,-8.599156141281127930e-01,-3.045306801795959473e-01,8.768623471260070801e-01,-1.038997650146484375e+00,-4.019935429096221924e-01,-2.562555968761444092e-01,-3.570874631404876709e-01,-5.555734038352966309e-01,-4.376091361045837402e-01,-7.548438906669616699e-01,-7.601317763328552246e-01,7.613208293914794922e-01,-9.207192063331604004e-01,2.750151753425598145e-01
3.962457478046417236e-01,-8.964808583259582520e-01,-1.362804770469665527e+00,1.897865891456604004e+00,-1.663695216178894043e+00,-3.564978539943695068e-01,-2.667825222015380859e-01,-1.556458950042724609e+00,-2.913169264793395996e-01,-6.453434228897094727e-01,-2.503457963466644287e-01,-1.729044616222381592e-01,-5.211204290390014648e-01,3.490106344223022461e+00,2.838146984577178955e-01,0.000000000000000000e+00,6.706021428108215332e-01,1.275304555892944336e+00,-2.835580110549926758e-01,-2.319007366895675659e-02,-2.513413667678833008e+00,-1.037788271903991699e+00,9.682374447584152222e-02,1.711223244667053223e+00,1.593350321054458618e-01,-1.370201706886291504e-01,7.657144665718078613e-01,7.340415120124816895e-01,4.006725549697875977e-01,1.239884257316589355e+00,-2.566396951675415039e+00,9.551801681518554688e-01,-6.057729125022888184e-01,3.372125923633575439e-01,1.184317827224731445e+00,1.728186011314392090e+00,5.108035206794738770e-01,-2.336749315261840820e+00,8.567526340484619141e-01,8.045681118965148926e-01,-7.584837079048156738e-01,-7.819083333015441895e-02,-2.785089910030364990e-01,-3.188790977001190186e-01,-2.007829695940017700e-01,-2.106009721755981445e-01,1.460542669519782066e-03,6.678593754768371582e-01,-8.687046915292739868e-02,4.904816448688507080e-01,-4.407820105552673340e-02,-3.005311787128448486e-01,-1.541254281997680664e+00,-1.275107860565185547e+00,1.379335761070251465e+00,1.869150251150131226e-01,-3.092264831066131592e-01,-1.004708290100097656e+00,-5.011487603187561035e-01
1.724036782979965210e-01,-2.923310995101928711e-01,-4.349164664745330811e-02,5.967200398445129395e-01,-4.554673731327056885e-01,-6.709888577461242676e-01,1.127894043922424316e+00,-5.962226390838623047e-01,3.725598007440567017e-02,-2.174517810344696045e-01,-3.710466921329498291e-01,1.727103829383850098e+00,-3.256312310695648193e-01,5.496968030929565430e-01,1.446212410926818848e+00,6.706021428108215332e-01,0.000000000000000000e+00,-2.540480494499206543e-01,-8.864735066890716553e-02,1.330810189247131348e+00,1.166319102048873901e-01,-4.812938570976257324e-01,6.184991002082824707e-01,3.099587559700012207e-01,3.209692537784576416e-01,4.564400315284729004e-01,-1.728703267872333527e-02,6.062198877334594727e-01,6.300884485244750977e-01,1.043134570121765137e+00,-2.701874971389770508e-01,6.748223304748535156e-02,-3.981333076953887939e-01,-5.766093730926513672e-01,-9.328554868698120117e-01,-8.539855480194091797e-01,-6.082756072282791138e-02,-1.742635518312454224e-01,-4.688824713230133057e-01,-3.791222572326660156e-01,3.124832808971405029e-01,-4.604183137416839600e-01,-6.570978760719299316e-01,1.569737493991851807e-02,-4.990878105163574219e-01,-6.684434413909912109e-02,3.866337239742279053e-01,-5.613958835601806641e-01,-6.234749555587768555e-01,-1.779393553733825684e-01,-2.381883561611175537e-01,5.931358933448791504e-01,4.353745281696319580e-01,1.516572684049606323e-01,-2.191616445779800415e-01,-8.603257536888122559e-01,-6.302199959754943848e-01,-9.861863255500793457e-01,-3.730224668979644775e-01
5.929972529411315918e-01,-2.785950601100921631e-01,1.429689645767211914e+00,1.602863311767578125e+00,-6.740507483482360840e-01,1.161526203155517578e+00,-1.702465265989303589e-01,9.767667055130004883e-01,1.009659171104431152e+00,1.220461577177047729e-01,2.319631427526473999e-01,-6.123765371739864349e-03,-8.474089503288269043e-01,8.366646766662597656e-01,9.123433232307434082e-01,1.275304555892944336e+00,-2.540480494499206543e-01,0.000000000000000000e+00,8.186908811330795288e-02,1.537406086921691895e+00,1.141203641891479492e+00,1.198181390762329102e+00,6.375343799591064453e-01,-1.611466407775878906e-01,-3.300811052322387695e-01,1.050745368003845215e+00,7.482829689979553223e-01,-1.871210038661956787e-01,-1.113744452595710754e-02,-1.106154322624206543e-01,-1.258464604616165161e-01,5.310952663421630859e-03,-1.868713796138763428e-01,8.387099206447601318e-02,-4.931503534317016602e-01,-5.860200524330139160e-01,9.685285687446594238e-01,5.346665382385253906e-01,-3.493186473846435547e+00,-5.059748888015747070e-01,-1.699971795082092285e+00,-6.725659370422363281e-01,-1.324500560760498047e+00,-1.633311510086059570e-01,-5.425981879234313965e-01,8.649809360504150391e-01,-1.335419416427612305e+00,1.808324337005615234e+00,-9.233636409044265747e-02,1.761477142572402954e-01,-7.032401114702224731e-02,-1.053562521934509277e+00,7.298923134803771973e-01,-8.183841109275817871e-01,-1.268042683601379395e+00,5.224789381027221680e-01,-1.444231122732162476e-01,-2.505132198333740234e+00,-5.548604726791381836e-01
-1.251173019409179688e+00,4.806894659996032715e-01,4.202544689178466797e-01,-9.891934990882873535e-01,-9.090674519538879395e-01,-7.738296985626220703e-01,3.430292308330535889e-01,-3.495563566684722900e-01,2.133972384035587311e-02,-1.707126617431640625e+00,-9.762834906578063965e-01,-2.159995436668395996e-01,1.185964703559875488e+00,-2.343034505844116211e+00,1.119425594806671143e-01,-2.835580110549926758e-01,-8.864735066890716553e-02,8.186908811330795288e-02,0.000000000000000000e+00,-1.599049866199493408e-01,1.045129060745239258e+00,-4.127670079469680786e-02,-1.226244688034057617e+00,-1.032804012298583984e+00,1.440350890159606934e+00,2.685664594173431396e-01,-1.195807099342346191e+00,1.497412800788879395e+00,1.389553666114807129e+00,8.179242014884948730e-01,-1.649936735630035400e-01,-5.693257600069046021e-02,-3.819738626480102539e-01,5.092906951904296875e-01,9.154442548751831055e-01,-6.590884327888488770e-01,-6.018978953361511230e-01,6.949391961097717285e-01,7.582165598869323730e-01,1.971362829208374023e+00,2.169478178024291992e+00,-6.961568593978881836e-01,1.506072759628295898e+00,9.520672559738159180e-01,9.268270134925842285e-01,1.680356621742248535e+00,5.007192865014076233e-02,-8.160197138786315918e-01,-2.320038557052612305e+00,-7.789549827575683594e-01,-6.979014277458190918e-01,4.997856616973876953e-01,1.538903564214706421e-01,1.336730122566223145e-01,-2.146124690771102905e-01,1.728255391120910645e+00,3.844049274921417236e-01,8.224429488182067871e-01,-9.305698275566101074e-01
-1.759826391935348511e-01,3.012250065803527832e-01,-8.523937463760375977e-01,-7.056604027748107910e-01,-9.201661944389343262e-01,-1.294367432594299316e+00,-6.002765893936157227e-01,4.799713492393493652e-01,1.916631937026977539e+00,4.175350442528724670e-02,-8.229424953460693359e-01,-3.326446712017059326e-01,-9.369087815284729004e-01,3.190276026725769043e-01,1.320405602455139160e+00,-2.319007366895675659e-02,1.330810189247131348e+00,1.537406086921691895e+00,-1.599049866199493408e-01,0.000000000000000000e+00,1.754378557205200195e+00,2.356490373611450195e+00,1.537531256675720215e+00,5.070286989212036133e-01,1.457815527915954590e+00,6.551294922828674316e-01,1.373066902160644531e-01,5.980828404426574707e-01,-1.810344308614730835e-01,4.498545229434967041e-01,2.049146592617034912e-01,3.694662749767303467e-01,-1.532484412193298340e+00,-1.288283228874206543e+00,-1.927024483680725098e+00,-7.814622521400451660e-01,-6.168021559715270996e-01,-9.584009647369384766e-01,-1.362525939941406250e+00,1.755771487951278687e-01,5.684548020362854004e-01,-1.842480540275573730e+00,-7.387560606002807617e-01,-7.386595606803894043e-01,4.404745995998382568e-02,-6.726489216089248657e-02,-1.894149482250213623e-01,7.316731661558151245e-02,2.216480374336242676e-01,-1.100582718849182129e+00,-1.532097309827804565e-01,-1.507201194763183594e+00,-7.927383780479431152e-01,-1.137848615646362305e+00,-2.092507928609848022e-01,1.573838442564010620e-01,1.252215981483459473e+00,-7.590100169181823730e-01,1.828540414571762085e-01
-1.557946205139160156e+00,5.236415863037109375e-01,-1.167261004447937012e+00,-1.969957232475280762e+00,-2.290349960327148438e+00,8.203472495079040527e-01,-4.282799363136291504e-01,9.360345005989074707e-01,1.145900964736938477e+00,1.029203057289123535e+00,-4.430236816406250000e-01,4.129711389541625977e-01,-1.085760220885276794e-01,3.501524329185485840e-01,8.487920165061950684e-01,-2.513413667678833008e+00,1.166319102048873901e-01,1.141203641891479492e+00,1.045129060745239258e+00,1.754378557205200195e+00,0.000000000000000000e+00,8.838625550270080566e-01,1.079542398452758789e+00,4.897321760654449463e-02,1.740072607994079590e+00,-5.807807445526123047e-01,-2.690149843692779541e-01,1.157356977462768555e+00,1.519564151763916016e+00,2.049610763788223267e-01,2.280948907136917114e-01,-1.118053913116455078e+00,3.093122541904449463e-01,-6.085378527641296387e-01,-6.055774092674255371e-01,-2.903258204460144043e-01,-2.963499724864959717e-01,4.613325893878936768e-01,-5.914392471313476562e-01,-1.106531262397766113e+00,-1.773949623107910156e+00,-6.241447925567626953e-01,5.045195817947387695e-01,7.746766209602355957e-01,2.208124697208404541e-01,-2.131811231374740601e-01,-5.714533925056457520e-01,-1.464920163154602051e+00,3.996319472789764404e-01,-6.414998173713684082e-01,-1.207894802093505859e+00,5.329855680465698242e-01,-5.199525952339172363e-01,1.627188086509704590e+00,1.325565338134765625e+00,-1.029687523841857910e+00,1.165652036666870117e+00,-1.138542175292968750e+00,1.275083571672439575e-01
3.735804557800292969e-02,-9.514074921607971191e-01,1.124155759811401367e+00,-1.447483658790588379e+00,-6.049124523997306824e-02,-1.252387166023254395e+00,2.373023778200149536e-01,4.263266026973724365e-01,1.608467578887939453e+00,-1.048003137111663818e-01,2.661443352699279785e-01,-1.977555155754089355e-01,5.349177122116088867e-01,5.043566226959228516e-01,1.111194133758544922e+00,-1.037788271903991699e+00,-4.812938570976257324e-01,1.198181390762329102e+00,-4.127670079469680786e-02,2.356490373611450195e+00,8.838625550270080566e-01,0.000000000000000000e+00,-6.796706318855285645e-01,1.549248456954956055e+00,3.950932323932647705e-01,-6.610460281372070312e-01,2.564443647861480713e-01,1.575922816991806030e-01,3.353591635823249817e-02,5.919855087995529175e-02,-2.905062735080718994e-01,-3.228906095027923584e-01,7.823719382286071777e-01,4.337421357631683350e-01,-6.932812929153442383e-01,-1.927790403366088867e+00,-1.049843311309814453e+00,-2.920947074890136719e-01,-7.271344661712646484e-01,-5.358122587203979492e-01,6.115981936454772949e-01,-6.331014633178710938e-01,-1.259970963001251221e-01,-3.256081640720367432e-01,7.058931142091751099e-02,4.352324903011322021e-01,-8.904345631599426270e-01,7.332320809364318848e-01,-1.344663977622985840e+00,-4.801859259605407715e-01,-3.215886950492858887e-01,-7.666296362876892090e-01,-6.359127759933471680e-01,-3.276989161968231201e-01,5.598419159650802612e-02,3.605511486530303955e-01,8.612664341926574707e-01,-1.576442271471023560e-01,9.122535586357116699e-02
1.924348115921020508e+00,-4.039093852043151855e-01,-2.403847694396972656e+00,2.575821280479431152e-01,1.192238450050354004e+00,8.289768099784851074e-01,9.865318536758422852e-01,2.007162809371948242e+00,-7.003657221794128418e-01,1.002024531364440918e+00,-6.610571146011352539e-01,8.123426884412765503e-02,7.393254041671752930e-01,-4.173939526081085205e-01,-3.764855265617370605e-01,9.682374447584152222e-02,6.184991002082824707e-01,6.375343799591064453e-01,-1.226244688034057617e+00,1.537531256675720215e+00,1.079542398452758789e+00,-6.796706318855285645e-01,0.000000000000000000e+00,9.699011445045471191e-01,6.674701571464538574e-01,-2.219071835279464722e-01,-1.785886883735656738e+00,2.568782329559326172e+00,1.246664285659790039e+00,2.322229862213134766e+00,7.284280657768249512e-01,-2.369231700897216797e+00,-2.062529802322387695e+00,-1.653094053268432617e+00,2.733142375946044922e-01,-1.590126752853393555e+00,-1.426640510559082031e+00,1.508063375949859619e-01,9.591553807258605957e-01,1.537916660308837891e-01,-1.368784308433532715e+00,6.925788521766662598e-02,-1.810023546218872070e+00,-1.212208628654479980e+00,-9.525068104267120361e-02,-2.516833841800689697e-01,-7.023208737373352051e-01,-8.991065025329589844e-01,1.396618187427520752e-01,-9.100994467735290527e-01,-1.004259705543518066e+00,-3.784148991107940674e-01,6.446791291236877441e-01,6.446292996406555176e-01,-2.970066368579864502e-01,4.626363515853881836e-02,-2.835478782653808594e-01,-1.226037621498107910e+00,-8.113792538642883301e-01
-3.694170713424682617e-01,-1.308331012725830078e+00,-2.200251817703247070e-02,2.587063312530517578e-01,2.608601152896881104e-01,1.400583833456039429e-01,2.686125785112380981e-02,1.799166649580001831e-01,-9.136323332786560059e-01,-1.653393983840942383e+00,6.477833986282348633e-01,1.858974844217300415e-01,-1.630560159683227539e-01,5.049887299537658691e-01,1.161329746246337891e-01,1.711223244667053223e+00,3.099587559700012207e-01,-1.611466407775878906e-01,-1.032804012298583984e+00,5.070286989212036133e-01,4.897321760654449463e-02,1.549248456954956055e+00,9.699011445045471191e-01,0.000000000000000000e+00,9.847279191017150879e-01,6.675903797149658203e-01,2.700682401657104492e+00,2.206652164459228516e-01,-1.727074086666107178e-01,5.088886022567749023e-01,-8.575980067253112793e-01,-5.579445362091064453e-01,2.365519702434539795e-01,3.034135103225708008e-01,3.713799417018890381e-01,8.301541805267333984e-01,-8.227303624153137207e-01,-1.580573678016662598e+00,1.404906213283538818e-01,1.021674394607543945e+00,2.422551810741424561e-01,-9.637122601270675659e-02,-1.171539425849914551e+00,-9.929701089859008789e-01,-1.367010354995727539e+00,-1.980527788400650024e-01,-1.188023447990417480e+00,3.147437050938606262e-02,1.243795156478881836e+00,5.175501108169555664e-01,5.384634137153625488e-01,-1.998337984085083008e+00,-4.390380084514617920e-01,-1.986500620841979980e+00,-2.343167215585708618e-01,4.097401797771453857e-01,1.453508019447326660e+00,-1.525313019752502441e+00,8.818637132644653320e-01
-1.001140400767326355e-01,9.527380466461181641e-01,6.304748654365539551e-01,-2.115327119827270508e+00,-2.557627916336059570e+00,2.851218581199645996e-01,-1.160251617431640625e+00,8.624410629272460938e-01,3.506492078304290771e-01,-3.775073885917663574e-01,-1.084111809730529785e+00,3.552832305431365967e-01,1.078597068786621094e+00,-8.238635063171386719e-01,2.256032675504684448e-01,1.593350321054458618e-01,3.209692537784576416e-01,-3.300811052322387695e-01,1.440350890159606934e+00,1.457815527915954590e+00,1.740072607994079590e+00,3.950932323932647705e-01,6.674701571464538574e-01,9.847279191017150879e-01,0.000000000000000000e+00,9.328557848930358887e-01,6.316120028495788574e-01,2.426030874252319336e+00,1.038544535636901855e+00,1.502702593803405762e+00,-3.723135590553283691e-01,-1.004347681999206543e+00,1.143620014190673828e+00,-9.769007563591003418e-01,1.529232114553451538e-01,8.892384171485900879e-01,1.028341293334960938e+00,-1.642547011375427246e+00,1.224599361419677734e+00,8.914644122123718262e-01,-6.486952304840087891e-01,1.479513496160507202e-01,-1.697915494441986084e-01,-9.896041750907897949e-01,-1.473083019256591797e+00,-3.154935240745544434e-01,-1.325991392135620117e+00,6.026836484670639038e-02,-1.024143218994140625e+00,-2.034144163131713867e+00,-4.513258337974548340e-01,-1.799062728881835938e+00,-1.324708819389343262e+00,-6.535050868988037109e-01,8.859554529190063477e-01,-3.119652867317199707e-01,-3.228853642940521240e-01,7.811489980667829514e-03,1.293416500091552734e+00
-5.671775341033935547e-01,-1.603770136833190918e+00,1.382040381431579590e-01,4.307795464992523193e-01,-9.490431547164916992e-01,6.763163954019546509e-02,6.517875194549560547e-01,-2.142042219638824463e-01,3.573696911334991455e-01,-2.487596273422241211e+00,-1.627839542925357819e-02,-1.724365651607513428e-01,8.517398834228515625e-01,3.937276899814605713e-01,1.613175682723522186e-02,-1.370201706886291504e-01,4.564400315284729004e-01,1.050745368003845215e+00,2.685664594173431396e-01,6.551294922828674316e-01,-5.807807445526123047e-01,-6.610460281372070312e-01,-2.219071835279464722e-01,6.675903797149658203e-01,9.328557848930358887e-01,0.000000000000000000e+00,7.411689758300781250e-01,-8.327696919441223145e-01,-2.157403826713562012e-01,7.147285938262939453e-01,-5.726612210273742676e-01,6.653944849967956543e-01,9.157449007034301758e-01,1.252475500106811523e+00,-2.861003577709197998e-01,1.356976985931396484e+00,1.599846035242080688e-01,-6.288424730300903320e-01,2.093760728836059570e+00,3.863514959812164307e-01,6.801204085350036621e-01,3.160849809646606445e-01,2.028457373380661011e-01,-8.684431314468383789e-01,-7.189666628837585449e-01,4.490884244441986084e-01,-3.475157260894775391e+00,9.189921617507934570e-02,1.475469350814819336e+00,1.077649593353271484e+00,4.064332842826843262e-01,3.312004208564758301e-01,-7.756130099296569824e-01,2.824531495571136475e-01,-6.712775230407714844e-01,1.141134500503540039e+00,1.358383655548095703e+00,4.531820118427276611e-01,-4.682196676731109619e-01
