0.000000000000000000e+00,1.927692413330078125e+00,1.429373860359191895e+00,-9.400998950004577637e-01,-5.415575951337814331e-02,3.467656672000885010e-01,-1.018738389015197754e+00,2.594610154628753662e-01,-4.641346037387847900e-01,-1.578925251960754395e+00,-7.219950556755065918e-01,-2.779220044612884521e-01,-2.475534565746784210e-02,3.104177117347717285e-01,5.082853510975837708e-02,1.600622683763504028e-01,-3.417038917541503906e-01,6.780409812927246094e-01,-1.372645258903503418e+00,-3.496452271938323975e-01,-6.101441979408264160e-01,-6.934252381324768066e-01,1.142098665237426758e+00,-1.054375320672988892e-01,1.027262210845947266e-01,3.783599436283111572e-01,-1.267456173896789551e+00,2.416864633560180664e-01,6.365221738815307617e-01,-2.374654412269592285e-01,4.403517246246337891e-01,7.852856516838073730e-01,2.984426356852054596e-02,1.432360768318176270e+00,8.306354880332946777e-01,-9.222162365913391113e-01,-7.956814765930175781e-01,4.524861574172973633e-01,2.407487630844116211e-01,3.168211579322814941e-01,-9.816902875900268555e-01,-1.459433794021606445e+00,6.551795601844787598e-01,2.495767921209335327e-01,-2.434750556945800781e+00,1.108611822128295898e-01,4.277980625629425049e-01,4.856015741825103760e-01,-4.773148521780967712e-02,7.040639221668243408e-02,-1.212471604347229004e+00,6.571925282478332520e-01,-2.096917182207107544e-01,-1.115961074829101562e-01,-1.525556445121765137e-01,1.798890709877014160e+00,-2.784531712532043457e-01,-7.768809199333190918e-01,0.000000000000000000e+00
1.927692413330078125e+00,0.000000000000000000e+00,7.857749462127685547e-01,8.853267133235931396e-02,1.848304986953735352e+00,-8.793107271194458008e-01,8.267598748207092285e-01,-7.441198229789733887e-01,-1.409672379493713379e+00,1.333460688591003418e+00,-3.579375445842742920e-01,-2.460650652647018433e-01,5.683276653289794922e-01,9.822727441787719727e-01,-2.307058811187744141e+00,-3.835250139236450195e-01,-7.130627632141113281e-01,-4.056494832038879395e-01,6.513552069664001465e-01,-8.998836278915405273e-01,-1.166002675890922546e-01,-6.791984438896179199e-01,-3.842056095600128174e-01,-8.926838636398315430e-01,2.116092294454574585e-01,-6.580205559730529785e-01,-1.264667212963104248e-01,-3.366231024265289307e-01,-4.930949807167053223e-01,-4.051201045513153076e-01,5.846077203750610352e-01,-5.239233970642089844e-01,2.148507833480834961e+00,6.549181938171386719e-01,-9.320514649152755737e-02,1.897682249546051025e-01,-1.663104258477687836e-02,3.288309872150421143e-01,3.909098207950592041e-01,9.656038880348205566e-01,-8.619194030761718750e-01,-7.192591428756713867e-01,-1.238358736038208008e+00,-1.856360286474227905e-01,3.715080618858337402e-01,-1.046599984169006348e+00,-3.931315839290618896e-01,-1.856785297393798828e+00,9.493156522512435913e-02,5.143733620643615723e-01,2.556711435317993164e-01,-7.920570969581604004e-01,2.063002884387969971e-01,1.978915035724639893e-01,8.477844595909118652e-01,1.587714672088623047e+00,-6.240542605519294739e-02,1.919985413551330566e+00,0.000000000000000000e+00
1.429373860359191895e+00,7.857749462127685547e-01,0.000000000000000000e+00,1.961582899093627930e+00,9.738337397575378418e-01,6.819856762886047363e-01,8.232552409172058105e-01,5.629938244819641113e-01,2.539345920085906982e-01,-6.822977960109710693e-02,1.552080392837524414e+00,-1.551285862922668457e+00,1.570126175880432129e+00,1.001676797866821289e+00,-9.721869826316833496e-01,-5.650582909584045410e-01,3.141689896583557129e-01,7.964369654655456543e-01,1.163086816668510437e-01,-1.352828860282897949e+00,-3.879180923104286194e-02,-1.055894136428833008e+00,-8.108820319175720215e-01,-1.984891295433044434e+00,1.080073475837707520e+00,-1.422117710113525391e+00,-1.991851687431335449e+00,2.748508453369140625e-01,-8.329630643129348755e-02,-1.442302346229553223e+00,8.515149354934692383e-01,3.091173768043518066e-01,5.494068264961242676e-01,-4.114893078804016113e-01,9.004135131835937500e-01,-3.501799404621124268e-01,-2.736622810363769531e+00,-6.787185668945312500e-01,1.071707010269165039e+00,-1.062837719917297363e+00,1.720037221908569336e+00,7.206505537033081055e-01,1.180755496025085449e+00,-5.978183746337890625e-01,-1.869919449090957642e-01,-4.559443295001983643e-01,1.014192849397659302e-01,1.525411754846572876e-01,2.555787861347198486e-01,4.190261363983154297e-01,-9.436636567115783691e-01,-8.744413256645202637e-01,-4.795208871364593506e-01,-3.889846801757812500e-01,5.271747112274169922e-01,-1.171821475028991699e+00,-2.029664665460586548e-01,-3.076198399066925049e-01,0.000000000000000000e+00
-9.400998950004577637e-01,8.853267133235931396e-02,1.961582899093627930e+00,0.000000000000000000e+00,1.498314380645751953e+00,2.503551483154296875e+00,7.505806088447570801e-01,6.168323755264282227e-01,-3.529237210750579834e-01,-2.241583317518234253e-01,1.059405088424682617e+00,-1.169694542884826660e+00,-3.258933126926422119e-01,-1.241397976875305176e+00,3.795092999935150146e-01,1.890874028205871582e+00,1.124679207801818848e+00,1.427483677864074707e+00,-1.632749319076538086e+00,-7.866134047508239746e-01,-8.690877556800842285e-01,-1.299762368202209473e+00,-1.399749040603637695e+00,5.593526959419250488e-01,-1.206646800041198730e+00,7.480103969573974609e-01,-9.223073124885559082e-01,-8.891112208366394043e-01,-3.453387022018432617e-01,-9.392081499099731445e-01,-6.783747076988220215e-01,2.173858731985092163e-01,4.633527398109436035e-01,9.374243617057800293e-01,1.007040500640869141e+00,1.453101634979248047e-01,-6.244499087333679199e-01,8.984006047248840332e-01,9.628027081489562988e-01,1.104029655456542969e+00,-1.224217772483825684e+00,1.047840714454650879e+00,-2.085968971252441406e+00,-1.454625010490417480e+00,-1.607285022735595703e+00,8.958765864372253418e-01,-4.018322229385375977e-01,1.156927704811096191e+00,1.666027754545211792e-01,6.788515448570251465e-01,-2.194671869277954102e+00,-1.381341099739074707e+00,-7.296016812324523926e-01,2.498097419738769531e-01,6.891542673110961914e-01,-1.472066044807434082e-01,-3.015445172786712646e-01,-1.095321699976921082e-01,0.000000000000000000e+00
-5.415575951337814331e-02,1.848304986953735352e+00,9.738337397575378418e-01,1.498314380645751953e+00,0.000000000000000000e+00,1.086923837661743164e+00,3.188571929931640625e+00,2.733989000320434570e+00,-3.621027171611785889e-01,8.429490923881530762e-01,-1.283108890056610107e-01,-1.181479811668395996e+00,-1.485818065702915192e-02,-4.857319891452789307e-01,-2.556074559688568115e-01,1.091537922620773315e-01,-5.768014192581176758e-01,-1.155223608016967773e+00,-1.280793309211730957e+00,-5.130907893180847168e-01,-1.106556177139282227e+00,5.942988395690917969e-01,-6.025251150131225586e-01,-1.587564229965209961e+00,-9.658675193786621094e-01,-6.318806409835815430e-01,8.776733875274658203e-01,-5.903658270835876465e-01,-1.668725252151489258e+00,1.119600653648376465e+00,2.018559575080871582e-01,7.879188060760498047e-01,-5.077308416366577148e-01,-6.835100650787353516e-01,1.018829271197319031e-01,1.220958352088928223e+00,-7.686655521392822266e-01,-1.513329744338989258e-01,-1.005742669105529785e+00,-3.251916170120239258e-01,-2.142388373613357544e-01,4.991764128208160400e-01,5.955981612205505371e-01,5.777101591229438782e-02,7.620410323143005371e-01,3.570698797702789307e-01,-1.551180034875869751e-01,8.549454808235168457e-01,-9.931882619857788086e-01,3.235415816307067871e-01,7.562615871429443359e-01,8.673752546310424805e-01,-2.319991111755371094e+00,-6.769221425056457520e-01,5.383270382881164551e-01,-2.919624090194702148e+00,-4.772760272026062012e-01,-1.155658885836601257e-01,0.000000000000000000e+00
3.467656672000885010e-01,-8.793107271194458008e-01,6.819856762886047363e-01,2.503551483154296875e+00,1.086923837661743164e+00,0.000000000000000000e+00,2.268249273300170898e+00,1.661144614219665527e+00,9.012301564216613770e-01,2.927466928958892822e-01,-5.221967101097106934e-01,-6.392375379800796509e-02,7.184727191925048828e-01,-5.995014309883117676e-01,2.185484170913696289e+00,-3.711099028587341309e-01,-3.599956333637237549e-01,-1.160160824656486511e-01,-8.373744487762451172e-01,-4.194050133228302002e-01,5.650585293769836426e-01,5.894943475723266602e-01,8.149989843368530273e-01,-9.397032260894775391e-01,1.268246412277221680e+00,1.790526360273361206e-01,-6.117432117462158203e-01,8.316759467124938965e-01,-1.344882726669311523e+00,-8.869848847389221191e-01,-1.947688698768615723e+00,2.056790590286254883e-01,-1.995698332786560059e+00,-2.905497848987579346e-01,1.408282637596130371e+00,3.866263851523399353e-02,-8.312404751777648926e-01,6.521149873733520508e-01,-4.540681838989257812e-01,-3.471980988979339600e-01,-6.447789072990417480e-01,1.300234079360961914e+00,-1.165749192237854004e+00,-1.938098222017288208e-01,-1.778415441513061523e+00,1.513200253248214722e-01,-1.863849163055419922e-01,6.957574486732482910e-01,-3.204097747802734375e-01,-1.923590004444122314e-01,-1.776464581489562988e+00,-4.887295663356781006e-01,-4.140950441360473633e-01,4.392833411693572998e-01,-1.102754235267639160e+00,-2.650458097457885742e+00,-2.761153876781463623e-01,-7.551145553588867188e-01,0.000000000000000000e+00
-1.018738389015197754e+00,8.267598748207092285e-01,8.232552409172058105e-01,7.505806088447570801e-01,3.188571929931640625e+00,2.268249273300170898e+00,0.000000000000000000e+00,2.490319252014160156e+00,-6.690186262130737305e-01,5.361714959144592285e-01,1.115230202674865723e+00,-4.020461440086364746e-01,3.197273910045623779e-01,-8.007851243019104004e-01,-2.083538323640823364e-01,6.752733141183853149e-02,-5.364927649497985840e-01,-8.330557346343994141e-01,-7.478606700897216797e-01,-4.730867147445678711e-01,5.508579015731811523e-01,-7.344073653221130371e-01,1.011691093444824219e+00,-7.701564431190490723e-01,-1.373239159584045410e+00,7.388877272605895996e-01,-2.592003941535949707e-01,-5.956831574440002441e-01,8.146406710147857666e-02,7.517225742340087891e-01,1.779258847236633301e-01,-1.835300803184509277e+00,-1.374622136354446411e-01,-6.756327152252197266e-01,5.118660926818847656e-01,2.000095099210739136e-01,-7.293085455894470215e-01,9.790320396423339844e-01,-1.879839450120925903e-01,1.712879389524459839e-01,5.923808217048645020e-01,-8.958240151405334473e-01,3.421373292803764343e-02,3.805193006992340088e-01,4.604272246360778809e-01,-1.732130646705627441e-01,-2.638127095997333527e-02,1.076791137456893921e-01,8.308374881744384766e-01,1.372163146734237671e-01,-1.054316982626914978e-01,-3.401513099670410156e-01,-4.400530457496643066e-01,2.109600752592086792e-01,5.007833242416381836e-01,-3.035594940185546875e+00,4.088782370090484619e-01,-5.645781159400939941e-01,0.000000000000000000e+00
2.594610154628753662e-01,-7.441198229789733887e-01,5.629938244819641113e-01,6.168323755264282227e-01,2.733989000320434570e+00,1.661144614219665527e+00,2.490319252014160156e+00,0.000000000000000000e+00,4.829679131507873535e-01,-1.274197697639465332e+00,1.054530620574951172e+00,3.475107550621032715e-01,3.278331458568572998e-01,-7.153949141502380371e-01,8.401331901550292969e-01,-1.321695685386657715e+00,-4.822700321674346924e-01,1.401917099952697754e+00,-1.172122359275817871e+00,-2.399262934923171997e-01,8.313983082771301270e-01,6.300712227821350098e-01,8.454527854919433594e-01,-9.705966114997863770e-01,1.283005952835083008e+00,-1.091643452644348145e+00,2.331081628799438477e-01,-3.937990069389343262e-01,-3.858092129230499268e-01,1.401004433631896973e+00,1.060880541801452637e+00,7.910519242286682129e-01,-8.037994503974914551e-01,1.538734883069992065e-01,-1.762831449508666992e+00,-7.189211249351501465e-01,-1.706322073936462402e+00,2.915260493755340576e-01,9.535709619522094727e-01,1.286938339471817017e-01,-1.308433055877685547e+00,1.129205465316772461e+00,-9.665275812149047852e-01,1.529725939035415649e-01,7.599656581878662109e-01,-1.320940971374511719e+00,-3.090605139732360840e-01,6.730720996856689453e-01,8.501465916633605957e-01,-1.047978520393371582e+00,-3.239110708236694336e-01,-1.105847954750061035e+00,-1.163142681121826172e+00,-7.581524848937988281e-01,-1.271568655967712402e+00,-5.188192129135131836e-01,-3.117682784795761108e-02,-1.123672485351562500e+00,0.000000000000000000e+00
-4.641346037387847900e-01,-1.409672379493713379e+00,2.539345920085906982e-01,-3.529237210750579834e-01,-3.621027171611785889e-01,9.012301564216613770e-01,-6.690186262130737305e-01,4.829679131507873535e-01,0.000000000000000000e+00,1.235525965690612793e+00,3.362422063946723938e-02,1.774239778518676758e+00,-2.067513704299926758e+00,1.350537538528442383e+00,1.192434191703796387e+00,-7.399145513772964478e-02,1.698713749647140503e-01,6.445901393890380859e-01,3.574612140655517578e-01,1.311158061027526855e+00,5.195965170860290527e-01,1.377375572919845581e-01,-6.714464426040649414e-01,2.417808622121810913e-01,5.900729894638061523e-01,-5.645141601562500000e-01,-3.096952140331268311e-01,2.150445580482482910e-01,6.101738810539245605e-01,1.177965521812438965e+00,-1.164352059364318848e+00,-7.685959935188293457e-01,-8.854652643203735352e-01,-7.236872315406799316e-01,-1.848131299018859863e+00,-1.272175908088684082e+00,-5.896654129028320312e-01,-4.777351021766662598e-01,-1.298319578170776367e+00,-2.841168642044067383e-01,-6.301575303077697754e-01,-1.267794489860534668e+00,-6.118878722190856934e-01,2.935828827321529388e-02,-6.201243400573730469e-01,1.001482844352722168e+00,-1.290290802717208862e-01,7.832346558570861816e-01,-1.407499551773071289e+00,-1.131018519401550293e+00,-4.518070518970489502e-01,-4.939370155334472656e-01,1.022695779800415039e+00,1.868787594139575958e-02,4.232037365436553955e-01,3.566580116748809814e-01,1.192225575447082520e+00,4.823451340198516846e-01,0.000000000000000000e+00
-1.578925251960754395e+00,1.333460688591003418e+00,-6.822977960109710693e-02,-2.241583317518234253e-01,8.429490923881530762e-01,2.927466928958892822e-01,5.361714959144592285e-01,-1.274197697639465332e+00,1.235525965690612793e+00,0.000000000000000000e+00,3.012527227401733398e+00,8.369955420494079590e-01,1.484855771064758301e+00,-4.609726071357727051e-01,1.728018403053283691e+00,-1.834000110626220703e+00,8.919502049684524536e-02,6.647042036056518555e-01,-3.835537195205688477e+00,4.735412299633026123e-01,1.638741493225097656e+00,-5.680416226387023926e-01,-7.688599079847335815e-02,-4.163965284824371338e-01,5.467117428779602051e-01,-1.473810791969299316e+00,-8.374825119972229004e-01,-8.300980180501937866e-02,9.887576699256896973e-01,-8.319368362426757812e-01,5.861587524414062500e-01,-9.406518191099166870e-02,7.744058966636657715e-01,-6.279479265213012695e-01,-3.234713077545166016e-01,-5.741979479789733887e-01,4.935857951641082764e-01,-9.439064860343933105e-01,3.958654999732971191e-01,9.943482875823974609e-01,-5.015644431114196777e-01,7.317917346954345703e-01,-2.349478721618652344e+00,2.292487770318984985e-01,-4.201193749904632568e-01,-4.470213949680328369e-01,-2.775511503219604492e+00,-1.281394243240356445e+00,-5.671841502189636230e-01,-2.234651803970336914e+00,1.838469266891479492e+00,-1.959102034568786621e+00,-2.177048772573471069e-01,5.151098370552062988e-01,-1.215744495391845703e+00,-3.771497011184692383e-01,8.869873881340026855e-01,-3.190769553184509277e-01,0.000000000000000000e+00
-7.219950556755065918e-01,-3.579375445842742920e-01,1.552080392837524414e+00,1.059405088424682617e+00,-1.283108890056610107e-01,-5.221967101097106934e-01,1.115230202674865723e+00,1.054530620574951172e+00,3.362422063946723938e-02,3.012527227401733398e+00,0.000000000000000000e+00,1.709407716989517212e-01,1.788320541381835938e+00,1.130858063697814941e+00,-1.233024239540100098e+00,-1.154991626739501953e+00,-1.041623234748840332e+00,1.181625008583068848e+00,8.088165521621704102e-01,-4.968607127666473389e-01,7.539228349924087524e-02,1.626933962106704712e-01,-5.564835071563720703e-01,1.266506552696228027e+00,-1.209984183311462402e+00,-3.553389012813568115e-01,-1.593225955963134766e+00,-3.282462954521179199e-01,-7.803117036819458008e-01,-3.122473955154418945e-01,-1.463612914085388184e-02,-1.257272213697433472e-01,5.083523392677307129e-01,2.000752210617065430e+00,-9.324651360511779785e-01,4.976623877882957458e-02,-2.516960501670837402e-01,7.484894990921020508e-02,2.193701267242431641e-01,1.110517621040344238e+00,-8.414201140403747559e-01,-6.452750563621520996e-01,1.044775098562240601e-01,-2.921881377696990967e-01,-5.342555046081542969e-01,-1.647801697254180908e-01,-1.347043395042419434e+00,-1.269912242889404297e+00,-2.602433860301971436e-01,1.632133722305297852e+00,1.748065054416656494e-01,2.025533318519592285e-01,5.846833586692810059e-01,1.063990831375122070e+00,8.151649236679077148e-01,2.268813252449035645e-01,-4.291811287403106689e-01,4.811361730098724365e-01,0.000000000000000000e+00
-2.779220044612884521e-01,-2.460650652647018433e-01,-1.551285862922668457e+00,-1.169694542884826660e+00,-1.181479811668395996e+00,-6.392375379800796509e-02,-4.020461440086364746e-01,3.475107550621032715e-01,1.774239778518676758e+00,8.369955420494079590e-01,1.709407716989517212e-01,0.000000000000000000e+00,-6.149831414222717285e-01,1.086031079292297363e+00,2.283859491348266602e+00,-8.005569577217102051e-01,2.402145147323608398e+00,-2.607907652854919434e-01,-4.677805583924055099e-03,4.104310870170593262e-01,3.539055883884429932e-01,-6.029030084609985352e-01,3.677075505256652832e-01,7.506024241447448730e-01,-2.455991357564926147e-01,-2.341582775115966797e-01,-3.665912151336669922e-01,-4.145449995994567871e-01,8.718178272247314453e-01,-2.193186134099960327e-01,-6.045837402343750000e-01,2.139794826507568359e-01,-1.762565672397613525e-01,-7.932866215705871582e-01,-4.705289304256439209e-01,-7.307056188583374023e-01,-1.383102774620056152e+00,-1.342499554157257080e-01,-6.809233427047729492e-01,-7.150845527648925781e-01,-6.022703275084495544e-02,2.110950946807861328e-01,-5.841765403747558594e-01,-1.113565489649772644e-01,3.377650976181030273e-01,3.308779299259185791e-01,2.717776596546173096e-01,-1.190957665443420410e+00,-7.971355915069580078e-01,-2.053131163120269775e-01,1.393926739692687988e-01,8.610355108976364136e-02,-5.297632217407226562e-01,-1.395076364278793335e-01,-1.664677560329437256e-01,-6.569397449493408203e-01,4.366212487220764160e-01,6.056312918663024902e-01,0.000000000000000000e+00
-2.475534565746784210e-02,5.683276653289794922e-01,1.570126175880432129e+00,-3.258933126926422119e-01,-1.485818065702915192e-02,7.184727191925048828e-01,3.197273910045623779e-01,3.278331458568572998e-01,-2.067513704299926758e+00,1.484855771064758301e+00,1.788320541381835938e+00,-6.149831414222717285e-01,0.000000000000000000e+00,1.978065967559814453e+00,1.244034886360168457e+00,3.221818804740905762e-01,-5.317378044128417969e-01,6.400160789489746094e-01,1.450039625167846680e+00,-4.176392555236816406e-01,-1.396094679832458496e+00,8.278871178627014160e-01,1.085625052452087402e+00,-8.643807768821716309e-01,-4.276112914085388184e-01,1.672108024358749390e-01,7.488549351692199707e-01,-2.568454265594482422e+00,-1.616642117500305176e+00,5.661060810089111328e-01,1.458887606859207153e-01,1.369701474905014038e-01,1.538883090019226074e+00,-6.911910176277160645e-01,-2.624573111534118652e-01,7.436932325363159180e-01,1.339758753776550293e+00,-1.794360280036926270e+00,-1.703421473503112793e+00,-1.540889441967010498e-01,-3.823393881320953369e-01,2.022579312324523926e-01,-5.827830731868743896e-02,6.112108007073402405e-02,-1.451084613800048828e+00,3.127181529998779297e-01,1.247309684753417969e+00,-4.395127594470977783e-01,-5.807503685355186462e-02,1.683048307895660400e-01,5.833312273025512695e-01,1.007712960243225098e+00,-1.170602321624755859e+00,4.781680405139923096e-01,3.621803820133209229e-01,-1.178747892379760742e+00,-3.283607363700866699e-01,-2.726382017135620117e-01,0.000000000000000000e+00
3.104177117347717285e-01,9.822727441787719727e-01,1.001676797866821289e+00,-1.241397976875305176e+00,-4.857319891452789307e-01,-5.995014309883117676e-01,-8.007851243019104004e-01,-7.153949141502380371e-01,1.350537538528442383e+00,-4.609726071357727051e-01,1.130858063697814941e+00,1.086031079292297363e+00,1.978065967559814453e+00,0.000000000000000000e+00,8.933535814285278320e-01,3.398183584213256836e+00,6.266295313835144043e-01,1.438605546951293945e+00,-2.280235528945922852e+00,3.069389611482620239e-03,5.373718738555908203e-01,4.629670083522796631e-01,5.432401224970817566e-02,-1.881170392036437988e+00,-1.495625138282775879e+00,6.623603701591491699e-01,-1.093276977539062500e+00,-1.412202954292297363e+00,-5.780184864997863770e-01,-3.541969060897827148e-01,9.505794644355773926e-01,4.115321934223175049e-01,-1.166456460952758789e+00,1.820324510335922241e-01,5.570666790008544922e-01,8.327955752611160278e-02,4.858406186103820801e-01,-9.059594869613647461e-01,1.235276699066162109e+00,5.159249305725097656e-01,-1.390903234481811523e+00,-2.046499967575073242e+00,8.536050468683242798e-02,-5.426818132400512695e-02,4.882164299488067627e-01,8.468394279479980469e-01,-2.283647060394287109e+00,-2.199248820543289185e-01,-7.802538275718688965e-01,-8.856599330902099609e-01,3.275149315595626831e-02,3.262105211615562439e-02,-1.208127737045288086e+00,-1.150998353958129883e+00,-5.625215768814086914e-01,1.647215008735656738e+00,1.131517365574836731e-01,2.202400714159011841e-01,0.000000000000000000e+00
5.082853510975837708e-02,-2.307058811187744141e+00,-9.721869826316833496e-01,3.795092999935150146e-01,-2.556074559688568115e-01,2.185484170913696289e+00,-2.083538323640823364e-01,8.401331901550292969e-01,1.192434191703796387e+00,1.728018403053283691e+00,-1.233024239540100098e+00,2.283859491348266602e+00,1.244034886360168457e+00,8.933535814285278320e-01,0.000000000000000000e+00,1.118371963500976562e+00,-1.811203807592391968e-01,5.671318769454956055e-01,6.778440475463867188e-01,2.010986953973770142e-01,-2.458310872316360474e-01,5.004158243536949158e-03,3.301412165164947510e-01,-4.523663818836212158e-01,4.677602648735046387e-01,3.095650076866149902e-01,1.026397347450256348e+00,-7.941258549690246582e-01,-9.806784987449645996e-01,6.125146746635437012e-01,-3.785000443458557129e-01,-1.111837252974510193e-01,-2.140033245086669922e+00,-2.433818101882934570e+00,-4.427029490470886230e-01,-3.135842680931091309e-01,2.119741588830947876e-01,-4.127665460109710693e-01,1.221638441085815430e+00,-4.219371676445007324e-01,-1.065227150917053223e+00,-1.421429395675659180e+00,5.889446735382080078e-01,-7.007532119750976562e-01,-4.146480187773704529e-02,9.260888099670410156e-01,-1.622064709663391113e+00,-3.123199939727783203e-01,-1.101642966270446777e+00,4.484790861606597900e-01,-1.599665403366088867e+00,2.026064634323120117e+00,-5.217584371566772461e-01,1.650948524475097656e-01,-2.071509361267089844e+00,-1.442875623703002930e+00,2.058026380836963654e-02,-1.556481003761291504e+00,0.000000000000000000e+00
1.600622683763504028e-01,-3.835250139236450195e-01,-5.650582909584045410e-01,1.890874028205871582e+00,1.091537922620773315e-01,-3.711099028587341309e-01,6.752733141183853149e-02,-1.321695685386657715e+00,-7.399145513772964478e-02,-1.834000110626220703e+00,-1.154991626739501953e+00,-8.005569577217102051e-01,3.221818804740905762e-01,3.398183584213256836e+00,1.118371963500976562e+00,0.000000000000000000e+00,-9.110334515571594238e-01,1.277691364288330078e+00,4.172875285148620605e-01,9.259172677993774414e-01,-3.307650089263916016e-01,-4.016165137290954590e-01,1.243078708648681641e-01,1.035398170351982117e-01,-6.911547183990478516e-01,2.576500773429870605e-01,4.256283044815063477e-01,6.978657841682434082e-01,7.851617932319641113e-01,1.597753047943115234e+00,-4.087665677070617676e-01,7.409103512763977051e-01,-4.043978750705718994e-01,-8.076857328414916992e-01,1.594859510660171509e-01,1.479330062866210938e+00,1.594643712043762207e+00,-1.464782834053039551e+00,6.688523888587951660e-01,-1.163424327969551086e-01,-4.815579354763031006e-01,2.046525478363037109e-01,1.121498420834541321e-01,-6.206021904945373535e-01,-8.612864613533020020e-01,-3.318376839160919189e-01,-7.278864383697509766e-01,1.750463247299194336e-01,-1.655854463577270508e+00,-7.257590442895889282e-02,6.672520637512207031e-01,-8.423580527305603027e-01,-1.309080123901367188e-01,-9.560145139694213867e-01,8.733552098274230957e-01,3.605760037899017334e-01,-6.542860269546508789e-01,-5.226174592971801758e-01,0.000000000000000000e+00
-3.417038917541503906e-01,-7.130627632141113281e-01,3.141689896583557129e-01,1.124679207801818848e+00,-5.768014192581176758e-01,-3.599956333637237549e-01,-5.364927649497985840e-01,-4.822700321674346924e-01,1.698713749647140503e-01,8.919502049684524536e-02,-1.041623234748840332e+00,2.402145147323608398e+00,-5.317378044128417969e-01,6.266295313835144043e-01,-1.811203807592391968e-01,-9.110334515571594238e-01,0.000000000000000000e+00,-6.930958479642868042e-02,-1.171215176582336426e-01,9.375989437103271484e-01,5.415296554565429688e-01,-9.369975328445434570e-02,1.138068795204162598e+00,-1.795924156904220581e-01,4.724322259426116943e-02,3.120966553688049316e-01,-2.406279742717742920e-02,4.792836308479309082e-01,1.700076460838317871e-01,5.581944584846496582e-01,2.511128783226013184e-01,1.836743652820587158e-01,-2.027794420719146729e-01,-5.821478962898254395e-01,-6.059157848358154297e-01,-7.792042493820190430e-01,-1.900017142295837402e+00,-7.796676158905029297e-01,2.077922224998474121e-02,-9.547553062438964844e-01,4.189058542251586914e-01,-2.932585477828979492e-01,1.695455312728881836e-01,1.973121464252471924e-01,1.463409960269927979e-01,-2.744983434677124023e-01,1.215748310089111328e+00,-7.118718028068542480e-01,-4.529043734073638916e-01,8.910492993891239166e-03,-3.700242638587951660e-01,5.488616824150085449e-01,1.763773560523986816e-01,3.448273520916700363e-03,-6.021384000778198242e-01,8.696485757827758789e-01,-4.878799319267272949e-01,-3.545356988906860352e-01,0.000000000000000000e+00
6.780409812927246094e-01,-4.056494832038879395e-01,7.964369654655456543e-01,1.427483677864074707e+00,-1.155223608016967773e+00,-1.160160824656486511e-01,-8.330557346343994141e-01,1.401917099952697754e+00,6.445901393890380859e-01,6.647042036056518555e-01,1.181625008583068848e+00,-2.607907652854919434e-01,6.400160789489746094e-01,1.438605546951293945e+00,5.671318769454956055e-01,1.277691364288330078e+00,-6.930958479642868042e-02,0.000000000000000000e+00,2.001928806304931641e+00,1.608648538589477539e+00,-6.381655931472778320e-01,9.333330392837524414e-01,-4.399441778659820557e-01,6.006649732589721680e-01,1.029699444770812988e+00,8.933708071708679199e-01,8.818652480840682983e-02,-1.524188667535781860e-01,-8.532375693321228027e-01,7.138134241104125977e-01,-1.184842828661203384e-02,-1.017982721328735352e+00,-8.269253373146057129e-01,-1.137087941169738770e+00,-1.300078779458999634e-01,-6.276020407676696777e-02,-1.889878660440444946e-01,-1.952248662710189819e-01,-1.265819311141967773e+00,-1.258337378501892090e+00,-1.053885519504547119e-01,-3.242355108261108398e+00,-8.876238465309143066e-01,-1.501504898071289062e+00,-9.307216852903366089e-02,1.653306484222412109e+00,6.167476177215576172e-01,1.761874914169311523e+00,-4.943331480026245117e-01,-8.726418614387512207e-01,1.005386948585510254e+00,-1.125254988670349121e+00,1.547430276870727539e+00,-1.438315987586975098e+00,-1.162579536437988281e+00,3.078515529632568359e-01,-5.703743100166320801e-01,-2.860201120376586914e+00,0.000000000000000000e+00
-1.372645258903503418e+00,6.513552069664001465e-01,1.163086816668510437e-01,-1.632749319076538086e+00,-1.280793309211730957e+00,-8.373744487762451172e-01,-7.478606700897216797e-01,-1.172122359275817871e+00,3.574612140655517578e-01,-3.835537195205688477e+00,8.088165521621704102e-01,-4.677805583924055099e-03,1.450039625167846680e+00,-2.280235528945922852e+00,6.778440475463867188e-01,4.172875285148620605e-01,-1.171215176582336426e-01,2.001928806304931641e+00,0.000000000000000000e+00,-3.196123987436294556e-02,6.453214883804321289e-01,-3.151119947433471680e-01,-8.424331545829772949e-01,-1.581073999404907227e+00,2.133564710617065430e+00,5.422310829162597656e-01,3.838967680931091309e-01,5.419651269912719727e-01,1.216969490051269531e+00,6.968608498573303223e-01,-4.892873764038085938e-01,4.200937449932098389e-01,3.492906987667083740e-01,-1.025127917528152466e-01,4.541595280170440674e-01,3.244206607341766357e-01,3.481259047985076904e-01,1.044232010841369629e+00,1.043008804321289062e+00,1.769954562187194824e+00,8.768750429153442383e-01,-3.351118862628936768e-01,7.269355058670043945e-01,1.522375226020812988e+00,1.776117086410522461e-01,1.983298778533935547e+00,-5.426023602485656738e-01,-1.258997201919555664e+00,-5.606994628906250000e-01,-1.315058231353759766e+00,5.895425677299499512e-01,-5.256008505821228027e-01,5.878610908985137939e-02,-3.217578232288360596e-01,-7.146805524826049805e-01,6.354547739028930664e-01,-7.190878391265869141e-01,4.062222540378570557e-01,0.000000000000000000e+00
-3.496452271938323975e-01,-8.998836278915405273e-01,-1.352828860282897949e+00,-7.866134047508239746e-01,-5.130907893180847168e-01,-4.194050133228302002e-01,-4.730867147445678711e-01,-2.399262934923171997e-01,1.311158061027526855e+00,4.735412299633026123e-01,-4.968607127666473389e-01,4.104310870170593262e-01,-4.176392555236816406e-01,3.069389611482620239e-03,2.010986953973770142e-01,9.259172677993774414e-01,9.375989437103271484e-01,1.608648538589477539e+00,-3.196123987436294556e-02,0.000000000000000000e+00,1.374012589454650879e+00,2.779867649078369141e+00,8.798248767852783203e-01,1.068545579910278320e+00,5.558947920799255371e-01,4.946267604827880859e-01,-1.797842681407928467e-01,1.379946321249008179e-01,-1.862186938524246216e-01,1.027262210845947266e-01,-1.506244391202926636e-01,-5.428213626146316528e-03,-6.206468343734741211e-01,-5.433273911476135254e-01,-5.111836791038513184e-01,-5.290427803993225098e-01,-4.750902652740478516e-01,-7.278085350990295410e-01,-1.402444362640380859e+00,1.429647952318191528e-01,6.114554405212402344e-01,-9.951030015945434570e-01,-1.575390458106994629e+00,-5.717419385910034180e-01,-4.683297276496887207e-01,-7.894434928894042969e-01,4.308941066265106201e-01,-1.017014265060424805e+00,3.624721989035606384e-02,-4.842674732208251953e-01,-1.580277681350708008e-01,-7.294641137123107910e-01,-1.119513869285583496e+00,-1.770917326211929321e-01,-3.809646936133503914e-03,-1.040100604295730591e-01,1.370151162147521973e+00,-1.941750049591064453e-01,0.000000000000000000e+00
-6.101441979408264160e-01,-1.166002675890922546e-01,-3.879180923104286194e-02,-8.690877556800842285e-01,-1.106556177139282227e+00,5.650585293769836426e-01,5.508579015731811523e-01,8.313983082771301270e-01,5.195965170860290527e-01,1.638741493225097656e+00,7.539228349924087524e-02,3.539055883884429932e-01,-1.396094679832458496e+00,5.373718738555908203e-01,-2.458310872316360474e-01,-3.307650089263916016e-01,5.415296554565429688e-01,-6.381655931472778320e-01,6.453214883804321289e-01,1.374012589454650879e+00,0.000000000000000000e+00,5.164182782173156738e-01,1.519124388694763184e+00,-3.530617952346801758e-01,1.979442954063415527e+00,-1.501268863677978516e+00,-9.077749848365783691e-01,1.299455046653747559e+00,8.637950420379638672e-01,7.546836137771606445e-01,9.086717963218688965e-01,-1.148843288421630859e+00,4.501732587814331055e-01,2.038533687591552734e+00,1.794444620609283447e-01,-6.468312144279479980e-01,1.327537059783935547e+00,2.115102559328079224e-01,-1.353509783744812012e+00,-2.230106115341186523e+00,5.117016434669494629e-01,-2.252036146819591522e-02,-3.045004606246948242e-01,-1.088117003440856934e+00,2.804450225085020065e-03,-1.211466431617736816e+00,1.404090374708175659e-01,2.959680855274200439e-01,-9.117259979248046875e-01,-6.436922550201416016e-01,-2.281302928924560547e+00,-8.148182928562164307e-02,-1.179685354232788086e+00,4.167099297046661377e-01,1.405622601509094238e+00,-1.311567127704620361e-01,5.178932100534439087e-02,-2.326173305511474609e+00,0.000000000000000000e+00
-6.934252381324768066e-01,-6.791984438896179199e-01,-1.055894136428833008e+00,-1.299762368202209473e+00,5.942988395690917969e-01,5.894943475723266602e-01,-7.344073653221130371e-01,6.300712227821350098e-01,1.377375572919845581e-01,-5.680416226387023926e-01,1.626933962106704712e-01,-6.029030084609985352e-01,8.278871178627014160e-01,4.629670083522796631e-01,5.004158243536949158e-03,-4.016165137290954590e-01,-9.369975328445434570e-02,9.333330392837524414e-01,-3.151119947433471680e-01,2.779867649078369141e+00,5.164182782173156738e-01,0.000000000000000000e+00,1.334680795669555664e+00,1.673978447914123535e+00,1.256488114595413208e-01,-1.315204381942749023e+00,-3.377308249473571777e-01,1.706637978553771973e+00,2.116881608963012695e-01,4.802525341510772705e-01,-4.776016175746917725e-01,-8.757213503122329712e-02,1.795606911182403564e-01,4.909866452217102051e-01,-6.437148451805114746e-01,-1.309377104043960571e-01,-1.139461278915405273e+00,-1.261766076087951660e+00,1.275673359632492065e-01,-2.727221846580505371e-01,-1.879758238792419434e-01,-6.668896675109863281e-01,7.448331713676452637e-01,2.682382762432098389e-01,-3.162572681903839111e-01,-2.792903482913970947e-01,-1.312252759933471680e+00,-7.791161537170410156e-01,-7.907975912094116211e-01,3.464616462588310242e-02,-2.177634984254837036e-01,1.614065021276473999e-01,7.255280762910842896e-02,-3.748873174190521240e-01,-1.094440817832946777e+00,-3.897716403007507324e-01,6.314451694488525391e-01,-2.391687780618667603e-02,0.000000000000000000e+00
1.142098665237426758e+00,-3.842056095600128174e-01,-8.108820319175720215e-01,-1.399749040603637695e+00,-6.025251150131225586e-01,8.149989843368530273e-01,1.011691093444824219e+00,8.454527854919433594e-01,-6.714464426040649414e-01,-7.688599079847335815e-02,-5.564835071563720703e-01,3.677075505256652832e-01,1.085625052452087402e+00,5.432401224970817566e-02,3.301412165164947510e-01,1.243078708648681641e-01,1.138068795204162598e+00,-4.399441778659820557e-01,-8.424331545829772949e-01,8.798248767852783203e-01,1.519124388694763184e+00,1.334680795669555664e+00,0.000000000000000000e+00,1.104946255683898926e+00,-3.578205406665802002e-02,-1.271571159362792969e+00,8.853185772895812988e-01,2.650637626647949219e+00,1.007112026214599609e+00,9.097904562950134277e-01,-1.033160686492919922e+00,-3.758668899536132812e-01,-1.210446000099182129e+00,-3.232012271881103516e+00,9.302374720573425293e-01,-5.724258422851562500e-01,-6.107966303825378418e-01,6.720342040061950684e-01,6.642681956291198730e-01,8.240855932235717773e-01,1.135022044181823730e+00,-3.168952763080596924e-01,-2.868176698684692383e+00,-4.305619001388549805e-01,5.468665361404418945e-01,-2.765358984470367432e-01,5.181992650032043457e-01,-1.153116822242736816e+00,-1.433977186679840088e-01,-2.272418260574340820e+00,-5.404800772666931152e-01,-2.381026744842529297e-01,-4.444712400436401367e-01,9.521021246910095215e-01,-7.064377665519714355e-01,7.553682923316955566e-01,-2.266859114170074463e-01,-7.501935958862304688e-01,0.000000000000000000e+00
-1.054375320672988892e-01,-8.926838636398315430e-01,-1.984891295433044434e+00,5.593526959419250488e-01,-1.587564229965209961e+00,-9.397032260894775391e-01,-7.701564431190490723e-01,-9.705966114997863770e-01,2.417808622121810913e-01,-4.163965284824371338e-01,1.266506552696228027e+00,7.506024241447448730e-01,-8.643807768821716309e-01,-1.881170392036437988e+00,-4.523663818836212158e-01,1.035398170351982117e-01,-1.795924156904220581e-01,6.006649732589721680e-01,-1.581073999404907227e+00,1.068545579910278320e+00,-3.530617952346801758e-01,1.673978447914123535e+00,1.104946255683898926e+00,0.000000000000000000e+00,4.854122400283813477e-01,1.598945736885070801e+00,3.164686203002929688e+00,9.411974251270294189e-02,-6.501749157905578613e-01,1.632910728454589844e+00,8.022057414054870605e-01,-6.662309169769287109e-01,-5.339190363883972168e-01,6.681407690048217773e-01,-1.245621517300605774e-01,1.210404872894287109e+00,5.147809386253356934e-01,-7.182082533836364746e-01,4.199211895465850830e-01,6.556957364082336426e-01,4.366009533405303955e-01,-1.559404492378234863e+00,5.784237384796142578e-01,3.838318288326263428e-01,-7.693958878517150879e-01,-5.715785026550292969e-01,-9.443950057029724121e-01,-5.360968708992004395e-01,9.776114225387573242e-01,-1.793753862380981445e+00,-7.941585965454578400e-03,-3.338719606399536133e-01,6.582537889480590820e-01,-6.630840897560119629e-01,2.599378526210784912e-01,2.198330163955688477e-01,2.481769770383834839e-01,-1.559667944908142090e+00,0.000000000000000000e+00
1.027262210845947266e-01,2.116092294454574585e-01,1.080073475837707520e+00,-1.206646800041198730e+00,-9.658675193786621094e-01,1.268246412277221680e+00,-1.373239159584045410e+00,1.283005952835083008e+00,5.900729894638061523e-01,5.467117428779602051e-01,-1.209984183311462402e+00,-2.455991357564926147e-01,-4.276112914085388184e-01,-1.495625138282775879e+00,4.677602648735046387e-01,-6.911547183990478516e-01,4.724322259426116943e-02,1.029699444770812988e+00,2.133564710617065430e+00,5.558947920799255371e-01,1.979442954063415527e+00,1.256488114595413208e-01,-3.578205406665802002e-02,4.854122400283813477e-01,0.000000000000000000e+00,1.966938018798828125e+00,9.087626636028289795e-02,2.099282503128051758e+00,-7.902098894119262695e-01,1.922877311706542969e+00,-7.672486901283264160e-01,-3.950874209403991699e-01,-9.354007840156555176e-01,-1.073304057121276855e+00,-1.597257375717163086e+00,5.728062391281127930e-01,-5.770333409309387207e-01,-2.651940822601318359e+00,1.034286618232727051e-01,3.906194865703582764e-01,-6.630977988243103027e-01,1.684729218482971191e+00,5.886523723602294922e-01,-8.588197827339172363e-01,-6.346815228462219238e-01,1.236738920211791992e+00,3.780003488063812256e-01,3.923971578478813171e-02,7.571010589599609375e-01,-1.846020221710205078e+00,-3.623059988021850586e-01,-1.632846832275390625e+00,7.658729702234268188e-02,1.133512035012245178e-01,1.307566642761230469e+00,1.606058478355407715e-01,-5.731097459793090820e-01,-1.039821147918701172e+00,0.000000000000000000e+00
3.783599436283111572e-01,-6.580205559730529785e-01,-1.422117710113525391e+00,7.480103969573974609e-01,-6.318806409835815430e-01,1.790526360273361206e-01,7.388877272605895996e-01,-1.091643452644348145e+00,-5.645141601562500000e-01,-1.473810791969299316e+00,-3.553389012813568115e-01,-2.341582775115966797e-01,1.672108024358749390e-01,6.623603701591491699e-01,3.095650076866149902e-01,2.576500773429870605e-01,3.120966553688049316e-01,8.933708071708679199e-01,5.422310829162597656e-01,4.946267604827880859e-01,-1.501268863677978516e+00,-1.315204381942749023e+00,-1.271571159362792969e+00,1.598945736885070801e+00,1.966938018798828125e+00,0.000000000000000000e+00,1.706672072410583496e+00,2.688059508800506592e-01,3.774382472038269043e-01,6.505923867225646973e-01,-1.289377093315124512e+00,-8.129277080297470093e-02,4.030744433403015137e-01,5.315482616424560547e-01,-1.101809859275817871e+00,1.332489728927612305e+00,-4.488559365272521973e-01,-1.862432479858398438e+00,1.291834712028503418e+00,4.746446311473846436e-01,1.127230644226074219e+00,3.536226153373718262e-01,1.522383332252502441e+00,2.107623964548110962e-01,-4.143178761005401611e-01,2.775086164474487305e-01,-1.771451592445373535e+00,-9.741001725196838379e-01,1.089573740959167480e+00,7.030742615461349487e-02,1.464930027723312378e-01,5.810878798365592957e-02,4.142874181270599365e-01,1.992032676935195923e-01,-5.594630837440490723e-01,1.601637721061706543e+00,1.081576824188232422e+00,-2.271533608436584473e-01,0.000000000000000000e+00
