0.000000000000000000e+00,2.541840791702270508e+00,1.199989080429077148e+00,-6.985054165124893188e-02,1.046397566795349121e+00,3.127018362283706665e-02,-4.450267851352691650e-01,-2.140180021524429321e-02,-6.232514381408691406e-01,-8.015735149383544922e-01,-5.997698903083801270e-01,-3.639099597930908203e-01,-9.590898156166076660e-01,1.433291751891374588e-02,3.809957802295684814e-01,-5.260185897350311279e-02,-4.069345295429229736e-01,-5.578225255012512207e-01,-2.858606576919555664e-01,-3.962827622890472412e-01,1.712471544742584229e-01,-1.301296234130859375e+00,9.265435338020324707e-01,7.142698857933282852e-03,-1.501646518707275391e+00,5.357933044433593750e-01,-8.062484264373779297e-01,1.835514903068542480e-01,4.853745698928833008e-01,-1.842319965362548828e-01,1.166819572448730469e+00,7.934795022010803223e-01,-2.186310887336730957e-01,5.781609416007995605e-01,9.060348868370056152e-01,-1.771402716636657715e+00,-6.266862899065017700e-02,9.313831329345703125e-01,3.385331034660339355e-01,-1.091441512107849121e-01,-5.825742483139038086e-01,-6.245774030685424805e-01,9.520836472511291504e-01,-3.110990822315216064e-01,-2.245682626962661743e-01,-5.017467141151428223e-01,-1.033453345298767090e+00,-1.511675477027893066e+00,6.786560416221618652e-01,-1.481148153543472290e-01,-7.347766757011413574e-01,1.751497536897659302e-01,-9.034956097602844238e-01,-6.568782329559326172e-01,-6.876635551452636719e-02,1.332640647888183594e+00,-1.319936811923980713e-01,-1.864354163408279419e-01,0.000000000000000000e+00
2.541840791702270508e+00,0.000000000000000000e+00,1.551503419876098633e+00,1.431844472885131836e+00,1.477234005928039551e+00,1.770150214433670044e-01,7.526518702507019043e-01,-2.390935719013214111e-01,-1.157773256301879883e+00,-3.075803518295288086e-01,2.071608752012252808e-01,4.176619648933410645e-01,2.602568566799163818e-01,7.442118227481842041e-02,-1.548144221305847168e+00,-7.013934850692749023e-02,-7.516137957572937012e-01,-1.204483151435852051e+00,-2.935186959803104401e-02,-2.958051860332489014e-01,-4.858885407447814941e-01,-1.462240815162658691e+00,-1.874571681022644043e+00,-3.140097856521606445e-01,-4.176370501518249512e-01,-4.398609697818756104e-01,-4.377000033855438232e-01,1.172973036766052246e+00,-1.865484565496444702e-01,-8.234509825706481934e-01,-1.568745523691177368e-01,-6.891772747039794922e-01,2.262958526611328125e+00,8.478068113327026367e-01,6.742782592773437500e-01,-1.003922939300537109e+00,-1.003170490264892578e+00,9.161847233772277832e-01,-3.666900694370269775e-01,1.076686859130859375e+00,-1.263341426849365234e+00,-5.700318515300750732e-02,-1.607743948698043823e-01,5.882553756237030029e-02,-8.501620590686798096e-02,-2.000598192214965820e+00,1.780092343688011169e-02,-1.811013936996459961e+00,-1.336822360754013062e-01,4.239354729652404785e-01,3.179672956466674805e-01,-2.190937519073486328e+00,-7.335171699523925781e-01,-8.152900338172912598e-01,9.996696710586547852e-01,1.293708324432373047e+00,1.800516545772552490e-01,1.747098088264465332e+00,0.000000000000000000e+00
1.199989080429077148e+00,1.551503419876098633e+00,0.000000000000000000e+00,1.836167693138122559e+00,3.080993592739105225e-01,6.722897887229919434e-01,3.329511880874633789e-01,4.632470607757568359e-01,1.450818628072738647e-01,-6.353648304939270020e-01,1.398468613624572754e+00,-3.067798912525177002e-01,1.792313605546951294e-01,9.628138542175292969e-01,-5.890839695930480957e-01,3.243921101093292236e-01,6.911915540695190430e-01,-9.488887786865234375e-01,1.115431934595108032e-01,-8.266559839248657227e-01,-7.947685122489929199e-01,-1.965246558189392090e+00,-1.469097018241882324e+00,-9.790742993354797363e-01,-1.882383972406387329e-01,-9.575746953487396240e-02,-1.114721417427062988e+00,-8.926703333854675293e-01,3.185841143131256104e-01,-1.988020390272140503e-01,6.021546125411987305e-01,6.908528804779052734e-01,9.093322157859802246e-01,-7.377021014690399170e-02,4.943359494209289551e-01,-3.928346186876296997e-02,-3.477030992507934570e+00,3.047093152999877930e-01,8.145837187767028809e-01,4.020792245864868164e-01,9.615225195884704590e-01,1.015484035015106201e-01,5.391261577606201172e-01,-2.678355276584625244e-01,-5.115038752555847168e-01,-8.252230286598205566e-01,6.677699089050292969e-01,1.928464137017726898e-02,7.013893127441406250e-01,-2.412679344415664673e-01,-8.089616298675537109e-01,-1.181514620780944824e+00,5.519301295280456543e-01,-5.945911407470703125e-01,5.013526678085327148e-01,9.237758070230484009e-02,-5.558267235755920410e-02,-1.243278086185455322e-01,0.000000000000000000e+00
-6.985054165124893188e-02,1.431844472885131836e+00,1.836167693138122559e+00,0.000000000000000000e+00,2.546911001205444336e+00,2.288019895553588867e+00,2.184360265731811523e+00,1.282323956489562988e+00,-1.591545790433883667e-01,6.114495396614074707e-01,6.482324600219726562e-01,-1.243363857269287109e+00,-7.160687446594238281e-01,-1.813245266675949097e-01,1.322483420372009277e-01,9.415338635444641113e-01,-7.252118587493896484e-01,-6.386538036167621613e-03,-1.005800604820251465e+00,-8.005488514900207520e-01,-7.770949006080627441e-01,-6.483856439590454102e-01,-1.728915095329284668e+00,-1.373163312673568726e-01,-3.925079703330993652e-01,9.239479303359985352e-01,-7.891293764114379883e-01,-6.026362776756286621e-01,-7.438570857048034668e-01,-9.842959642410278320e-01,-8.297179937362670898e-01,-6.054823752492666245e-03,1.186977505683898926e+00,1.029529452323913574e+00,1.367424964904785156e+00,-4.757894575595855713e-01,1.117046698927879333e-01,6.795298773795366287e-03,4.452906847000122070e-01,1.146675348281860352e+00,-1.606561541557312012e+00,4.356289803981781006e-01,-1.465757340192794800e-01,-1.284775972366333008e+00,-2.014811336994171143e-01,2.711189985275268555e-01,-2.608279883861541748e-01,1.826919913291931152e-01,-4.506207108497619629e-01,1.558891087770462036e-01,-1.431893825531005859e+00,-1.828546404838562012e+00,-1.012194037437438965e+00,7.033505439758300781e-01,-2.745320796966552734e-01,-8.237785100936889648e-01,-8.187253028154373169e-02,-7.294641733169555664e-01,0.000000000000000000e+00
1.046397566795349121e+00,1.477234005928039551e+00,3.080993592739105225e-01,2.546911001205444336e+00,0.000000000000000000e+00,1.120026588439941406e+00,2.947605371475219727e+00,2.198542833328247070e+00,5.185474157333374023e-01,-2.378880530595779419e-01,-4.347800910472869873e-01,-1.407906174659729004e+00,-6.896238327026367188e-01,2.081694006919860840e-01,-6.115473508834838867e-01,-5.073572397232055664e-01,7.212128043174743652e-01,-1.414239645004272461e+00,-7.928566336631774902e-01,-2.377856224775314331e-01,-6.408637017011642456e-02,-1.308199882507324219e+00,-1.431100368499755859e-01,-7.828083634376525879e-01,2.374839037656784058e-01,3.154196739196777344e-01,1.841455817222595215e+00,3.366401791572570801e-01,-1.148918032646179199e+00,6.197013258934020996e-01,3.313225805759429932e-01,-3.546413183212280273e-01,1.600666791200637817e-01,6.747963279485702515e-02,5.076986551284790039e-01,-6.813259124755859375e-01,3.692579865455627441e-01,1.119012087583541870e-01,1.379843801259994507e-01,-1.402576565742492676e+00,-2.348403334617614746e-01,8.264598846435546875e-01,-1.009618759155273438e+00,4.111388623714447021e-01,4.153980910778045654e-01,9.779453873634338379e-01,2.175672054290771484e-01,-5.004807114601135254e-01,-3.847442865371704102e-01,3.453514873981475830e-01,-1.678991019725799561e-01,-2.253345698118209839e-01,-2.743822336196899414e+00,-5.477424263954162598e-01,5.334191918373107910e-01,-3.306298017501831055e+00,-6.490688920021057129e-01,-4.021669030189514160e-01,0.000000000000000000e+00
3.127018362283706665e-02,1.770150214433670044e-01,6.722897887229919434e-01,2.288019895553588867e+00,1.120026588439941406e+00,0.000000000000000000e+00,2.658395528793334961e+00,1.860998392105102539e+00,7.243417501449584961e-01,-3.785990178585052490e-01,4.739975631237030029e-01,-7.584681510925292969e-01,1.861373931169509888e-01,9.475001096725463867e-01,2.661794900894165039e+00,5.119481682777404785e-01,-3.375707268714904785e-01,1.177391529083251953e+00,3.684427738189697266e-01,-4.280327558517456055e-01,-1.071855545043945312e+00,9.328248500823974609e-01,1.241222262382507324e+00,-9.665623903274536133e-01,9.627690911293029785e-01,-1.740794181823730469e-01,-1.294005870819091797e+00,4.719182550907135010e-01,-9.909261018037796021e-02,-1.723852276802062988e+00,-1.602521419525146484e+00,-9.400694966316223145e-01,-3.142915725708007812e+00,-1.343209862709045410e+00,1.075193047523498535e+00,-1.040996909141540527e-01,6.344093084335327148e-01,9.276756644248962402e-01,6.209973096847534180e-01,-8.588779568672180176e-01,-5.873718857765197754e-01,-2.299748808145523071e-01,-1.023823022842407227e+00,-3.273881673812866211e-01,-8.337115049362182617e-01,1.380651146173477173e-01,6.085489988327026367e-01,4.127093255519866943e-01,-6.170619130134582520e-01,6.332204341888427734e-01,-1.964996576309204102e+00,-1.377556800842285156e+00,-9.580443501472473145e-01,5.178341269493103027e-01,-1.708270430564880371e+00,-1.880976676940917969e+00,-6.624334454536437988e-01,-1.548701047897338867e+00,0.000000000000000000e+00
-4.450267851352691650e-01,7.526518702507019043e-01,3.329511880874633789e-01,2.184360265731811523e+00,2.947605371475219727e+00,2.658395528793334961e+00,0.000000000000000000e+00,2.682305812835693359e+00,-4.810563027858734131e-01,1.428940653800964355e+00,1.271563291549682617e+00,-1.190056562423706055e+00,5.332018733024597168e-01,3.381478786468505859e-01,-2.128826081752777100e-01,-5.363713949918746948e-02,-7.848479598760604858e-02,3.350937068462371826e-01,6.422805190086364746e-01,-2.383646219968795776e-01,2.581544518470764160e-01,-4.949366152286529541e-01,2.706977725028991699e-01,-6.161170601844787598e-01,6.502771973609924316e-01,-3.814381957054138184e-01,4.716197550296783447e-01,3.011536598205566406e-01,-1.150306224822998047e+00,2.135870903730392456e-01,-1.715631783008575439e-01,-1.931862711906433105e+00,3.255182802677154541e-01,-2.291352152824401855e-01,6.683530807495117188e-01,-1.145715355873107910e+00,-6.710903048515319824e-01,-2.675979137420654297e-01,-1.439332246780395508e+00,5.787810087203979492e-01,7.643241286277770996e-01,-1.854577422142028809e+00,6.545751541852951050e-02,1.138435155153274536e-01,8.294661045074462891e-01,-7.561452388763427734e-01,-5.324401855468750000e-01,2.630157470703125000e-01,-7.975781559944152832e-01,1.539744883775711060e-01,3.334111571311950684e-01,-1.404167771339416504e+00,-8.740219473838806152e-01,4.085391387343406677e-02,-5.517621636390686035e-01,-2.904980421066284180e+00,-2.027051150798797607e-01,-3.018756806850433350e-01,0.000000000000000000e+00
-2.140180021524429321e-02,-2.390935719013214111e-01,4.632470607757568359e-01,1.282323956489562988e+00,2.198542833328247070e+00,1.860998392105102539e+00,2.682305812835693359e+00,0.000000000000000000e+00,-5.693448781967163086e-01,-1.102780699729919434e+00,1.831256151199340820e+00,-5.264545679092407227e-01,-4.885196313261985779e-02,9.867711067199707031e-01,1.376664519309997559e+00,-3.832660987973213196e-02,-1.371571719646453857e-01,6.716877222061157227e-01,-8.815895020961761475e-02,-7.287850379943847656e-01,-1.461045026779174805e+00,-3.951782733201980591e-02,4.126041233539581299e-01,-3.602763116359710693e-01,1.091262459754943848e+00,2.337870560586452484e-02,-7.334904074668884277e-01,-8.684072494506835938e-01,-1.618448734283447266e+00,1.819230437278747559e+00,1.874683946371078491e-01,1.158852815628051758e+00,3.599856495857238770e-01,8.040163516998291016e-01,-2.398214578628540039e+00,-1.118338480591773987e-01,-1.535359144210815430e+00,-7.141642570495605469e-01,8.743587136268615723e-01,-3.299708366394042969e-01,-3.038484454154968262e-01,9.364783167839050293e-01,-4.148998260498046875e-01,8.496739268302917480e-01,4.593943059444427490e-01,5.282838270068168640e-02,-3.485911190509796143e-01,-9.980456829071044922e-01,-1.075742006301879883e+00,-2.653824985027313232e-01,5.727104544639587402e-01,2.689381539821624756e-01,4.336045309901237488e-02,-2.273433208465576172e-01,-1.660586833953857422e+00,-7.585272192955017090e-01,-1.091542989015579224e-01,-1.306344866752624512e+00,0.000000000000000000e+00
-6.232514381408691406e-01,-1.157773256301879883e+00,1.450818628072738647e-01,-1.591545790433883667e-01,5.185474157333374023e-01,7.243417501449584961e-01,-4.810563027858734131e-01,-5.693448781967163086e-01,0.000000000000000000e+00,7.893992662429809570e-01,-1.036002755165100098e+00,1.239220857620239258e+00,-1.123095035552978516e+00,1.045261263847351074e+00,9.129021763801574707e-01,1.064176321029663086e+00,-1.315950751304626465e-01,1.242721199989318848e+00,-1.055418923497200012e-01,9.351676106452941895e-01,-7.734520435333251953e-01,1.251277923583984375e+00,1.267856717109680176e+00,-1.860986351966857910e-01,-9.988659620285034180e-02,-3.116310238838195801e-01,-1.159151315689086914e+00,-2.756499648094177246e-01,5.912131071090698242e-01,1.094571828842163086e+00,-1.297053575515747070e+00,-1.077829718589782715e+00,-1.448052287101745605e+00,-6.670778989791870117e-02,-2.368740081787109375e+00,-3.045681416988372803e-01,-1.223553776741027832e+00,-1.272364616394042969e+00,-5.789268016815185547e-01,-7.719208300113677979e-02,1.140142157673835754e-01,-1.637504100799560547e+00,2.905120551586151123e-01,-1.262684941291809082e+00,-1.384128332138061523e+00,2.126831054687500000e+00,-1.057677745819091797e+00,2.474187165498733521e-01,-1.345917105674743652e+00,-2.032172083854675293e-01,-6.008452773094177246e-01,2.174939393997192383e+00,3.092873394489288330e-01,-5.234575867652893066e-01,9.491859078407287598e-01,2.762054204940795898e-01,6.006695032119750977e-01,4.750480875372886658e-02,0.000000000000000000e+00
-8.015735149383544922e-01,-3.075803518295288086e-01,-6.353648304939270020e-01,6.114495396614074707e-01,-2.378880530595779419e-01,-3.785990178585052490e-01,1.428940653800964355e+00,-1.102780699729919434e+00,7.893992662429809570e-01,0.000000000000000000e+00,2.846073865890502930e+00,6.832603812217712402e-01,1.220998287200927734e+00,-1.533652186393737793e+00,1.767157316207885742e+00,-2.364598751068115234e+00,-5.366228222846984863e-01,1.448116064071655273e+00,-1.736360073089599609e+00,7.849171757698059082e-02,1.450609207153320312e+00,-3.751443922519683838e-01,4.960581958293914795e-01,-7.307277917861938477e-01,-2.500633478164672852e+00,-1.172559738159179688e+00,-6.674225330352783203e-01,9.301125407218933105e-01,6.300975084304809570e-01,-6.311807632446289062e-01,4.554847776889801025e-01,2.935809791088104248e-01,4.910354018211364746e-01,7.097504734992980957e-01,-1.174418449401855469e+00,-1.546720981597900391e+00,-1.192768931388854980e+00,1.496326625347137451e-01,2.311739474534988403e-01,9.607350081205368042e-02,8.319463729858398438e-01,6.752392742782831192e-03,-2.354731321334838867e+00,-3.192955255508422852e-01,5.641722083091735840e-01,7.467063665390014648e-01,-5.233952999114990234e-01,4.485293757170438766e-03,-6.802449375391006470e-02,-1.042753338813781738e+00,1.407644987106323242e+00,-1.425457477569580078e+00,-7.349524646997451782e-02,-9.694762825965881348e-01,-2.993816137313842773e-01,-1.429720818996429443e-01,6.561830043792724609e-01,-9.250076860189437866e-02,0.000000000000000000e+00
-5.997698903083801270e-01,2.071608752012252808e-01,1.398468613624572754e+00,6.482324600219726562e-01,-4.347800910472869873e-01,4.739975631237030029e-01,1.271563291549682617e+00,1.831256151199340820e+00,-1.036002755165100098e+00,2.846073865890502930e+00,0.000000000000000000e+00,-6.948750019073486328e-01,1.760348677635192871e+00,8.478538393974304199e-01,3.033533990383148193e-01,-2.133236527442932129e-01,2.967057526111602783e-01,4.092108607292175293e-01,4.550935328006744385e-01,-4.583585560321807861e-01,-2.633460797369480133e-02,-3.264825046062469482e-01,3.205582499504089355e-01,2.657608091831207275e-01,2.176447063684463501e-01,-3.981567919254302979e-01,-1.175497174263000488e+00,-3.955621421337127686e-01,-7.533650994300842285e-01,-1.206621527671813965e+00,-4.014702439308166504e-01,-4.337221980094909668e-01,-7.295407354831695557e-02,1.248718857765197754e+00,-1.136415362358093262e+00,1.001792311668395996e+00,7.637511491775512695e-01,-8.762054890394210815e-02,2.291951924562454224e-01,5.334939360618591309e-01,-1.007448554039001465e+00,-8.797058463096618652e-01,1.112666606903076172e+00,-8.937374949455261230e-01,-1.049864143133163452e-01,4.236328303813934326e-01,-2.532391846179962158e-01,-4.093363583087921143e-01,6.708480715751647949e-01,8.322042226791381836e-01,3.859447240829467773e-01,5.787288546562194824e-01,1.428156942129135132e-01,1.051627516746520996e+00,-2.544792890548706055e-01,-9.569011628627777100e-02,-8.929093480110168457e-01,-1.817323639988899231e-02,0.000000000000000000e+00
-3.639099597930908203e-01,4.176619648933410645e-01,-3.067798912525177002e-01,-1.243363857269287109e+00,-1.407906174659729004e+00,-7.584681510925292969e-01,-1.190056562423706055e+00,-5.264545679092407227e-01,1.239220857620239258e+00,6.832603812217712402e-01,-6.948750019073486328e-01,0.000000000000000000e+00,-2.217138558626174927e-01,8.337793350219726562e-01,2.050815582275390625e+00,3.565577864646911621e-01,2.028019428253173828e+00,-1.809775978326797485e-01,-1.635023802518844604e-01,2.202527523040771484e-01,4.647630751132965088e-01,-1.032771468162536621e+00,6.312241554260253906e-01,1.102489590644836426e+00,-1.062316168099641800e-02,-4.928605258464813232e-01,2.445550858974456787e-01,-4.006545618176460266e-02,1.243500947952270508e+00,-4.241481423377990723e-01,-6.246913671493530273e-01,-3.157255649566650391e-01,-3.085847198963165283e-01,-4.357240200042724609e-01,-2.145485579967498779e-01,-2.694438099861145020e-01,-1.119662165641784668e+00,6.057015061378479004e-01,-1.320522785186767578e+00,-8.284801840782165527e-01,1.227047592401504517e-01,2.304173260927200317e-01,-2.742820382118225098e-01,-2.980602681636810303e-01,-2.884124219417572021e-01,-1.471861004829406738e+00,4.085806384682655334e-02,1.437965333461761475e-01,-7.119589447975158691e-01,-5.734366551041603088e-02,2.720541656017303467e-01,-5.332899689674377441e-01,-4.592512845993041992e-01,2.126763761043548584e-01,3.269360363483428955e-01,-2.952672308310866356e-03,4.322237074375152588e-01,4.348880350589752197e-01,0.000000000000000000e+00
-9.590898156166076660e-01,2.602568566799163818e-01,1.792313605546951294e-01,-7.160687446594238281e-01,-6.896238327026367188e-01,1.861373931169509888e-01,5.332018733024597168e-01,-4.885196313261985779e-02,-1.123095035552978516e+00,1.220998287200927734e+00,1.760348677635192871e+00,-2.217138558626174927e-01,0.000000000000000000e+00,2.249327898025512695e+00,2.616466760635375977e+00,1.585156023502349854e-01,3.365077674388885498e-01,1.954882740974426270e+00,4.853339791297912598e-01,-1.007396429777145386e-01,-4.114396572113037109e-01,1.662564039230346680e+00,1.101592659950256348e+00,-8.052025437355041504e-01,-2.367535792291164398e-02,5.988319516181945801e-01,-1.692885637283325195e+00,-4.844504892826080322e-01,-1.338718533515930176e+00,4.496370851993560791e-01,-1.882001012563705444e-01,5.950096249580383301e-02,9.541809558868408203e-01,-1.784220814704895020e+00,-4.535784423351287842e-01,-5.611904263496398926e-01,8.929361104965209961e-01,-1.150547981262207031e+00,1.174005568027496338e-01,-1.950599998235702515e-01,4.325618743896484375e-01,-1.346086859703063965e+00,-3.456116914749145508e-01,2.757463753223419189e-01,-1.413053512573242188e+00,1.888958811759948730e+00,1.074117660522460938e+00,-1.312025904655456543e+00,3.387314826250076294e-02,6.496183872222900391e-01,-7.984464168548583984e-01,3.325530290603637695e-01,6.448221206665039062e-02,1.229400485754013062e-01,1.850684285163879395e-01,-1.035982966423034668e+00,-5.003875494003295898e-01,-2.793523371219635010e-01,0.000000000000000000e+00
1.433291751891374588e-02,7.442118227481842041e-02,9.628138542175292969e-01,-1.813245266675949097e-01,2.081694006919860840e-01,9.475001096725463867e-01,3.381478786468505859e-01,9.867711067199707031e-01,1.045261263847351074e+00,-1.533652186393737793e+00,8.478538393974304199e-01,8.337793350219726562e-01,2.249327898025512695e+00,0.000000000000000000e+00,2.266650199890136719e+00,2.223736524581909180e+00,1.003945544362068176e-01,1.117927879095077515e-01,-4.461257159709930420e-02,-2.652925252914428711e-01,-4.609628915786743164e-01,8.764753937721252441e-01,-1.532935202121734619e-01,-1.353553891181945801e+00,-6.581013202667236328e-01,9.343547374010086060e-02,5.102106928825378418e-01,-1.114792108535766602e+00,-2.399429231882095337e-01,2.381994575262069702e-01,1.184434056282043457e+00,8.396615833044052124e-02,-2.064741373062133789e+00,1.486578304320573807e-02,-2.644542455673217773e-01,-3.382964432239532471e-01,1.914254389703273773e-02,-2.512281239032745361e-01,8.315832614898681641e-01,-4.611935839056968689e-02,-8.737547993659973145e-01,-1.314221143722534180e+00,6.911292672157287598e-01,-2.415235191583633423e-01,3.481297492980957031e-01,-1.186871886253356934e+00,-2.205693721771240234e+00,4.195622801780700684e-01,1.219121515750885010e-01,-4.805271327495574951e-01,-7.000163197517395020e-01,-4.770609736442565918e-01,-1.625685989856719971e-01,-1.252978086471557617e+00,-2.485093623399734497e-01,7.567468285560607910e-01,-1.334612518548965454e-01,5.043473243713378906e-01,0.000000000000000000e+00
3.809957802295684814e-01,-1.548144221305847168e+00,-5.890839695930480957e-01,1.322483420372009277e-01,-6.115473508834838867e-01,2.661794900894165039e+00,-2.128826081752777100e-01,1.376664519309997559e+00,9.129021763801574707e-01,1.767157316207885742e+00,3.033533990383148193e-01,2.050815582275390625e+00,2.616466760635375977e+00,2.266650199890136719e+00,0.000000000000000000e+00,1.102424979209899902e+00,-1.297657936811447144e-01,1.511763572692871094e+00,1.302933573722839355e+00,-2.710359394550323486e-01,-6.142527461051940918e-01,2.920506596565246582e-01,7.574554681777954102e-01,-1.303752899169921875e+00,1.422888636589050293e+00,-8.480213284492492676e-01,-6.339913606643676758e-01,-1.441526532173156738e+00,-1.221071243286132812e+00,-1.674368232488632202e-01,3.004357814788818359e-01,1.732438951730728149e-01,-5.466566085815429688e+00,-2.625042200088500977e+00,-1.455948472023010254e+00,3.133039176464080811e-01,-6.817042231559753418e-01,-1.075859189033508301e+00,6.320559382438659668e-01,-6.377550959587097168e-01,-8.408606648445129395e-01,-1.972983002662658691e+00,3.628515899181365967e-01,2.949069142341613770e-01,1.609916985034942627e-01,3.163511753082275391e-01,-2.678814411163330078e+00,-5.439292788505554199e-01,-2.196447610855102539e+00,6.014547348022460938e-01,-1.908770442008972168e+00,2.071528434753417969e+00,-4.403818547725677490e-01,4.038365483283996582e-01,-4.818170666694641113e-01,-9.621974825859069824e-01,-4.029521048069000244e-01,-2.406477451324462891e+00,0.000000000000000000e+00
-5.260185897350311279e-02,-7.013934850692749023e-02,3.243921101093292236e-01,9.415338635444641113e-01,-5.073572397232055664e-01,5.119481682777404785e-01,-5.363713949918746948e-02,-3.832660987973213196e-02,1.064176321029663086e+00,-2.364598751068115234e+00,-2.133236527442932129e-01,3.565577864646911621e-01,1.585156023502349854e-01,2.223736524581909180e+00,1.102424979209899902e+00,0.000000000000000000e+00,1.025706291198730469e+00,2.476906061172485352e+00,8.253960013389587402e-01,-4.520439803600311279e-01,-1.337343752384185791e-01,7.168723940849304199e-01,-7.669391036033630371e-01,1.613879948854446411e-01,-1.951393485069274902e-02,-2.702936232089996338e-01,-8.115064501762390137e-01,-9.145949035882949829e-02,5.158134177327156067e-02,7.361921072006225586e-01,-8.497943282127380371e-01,8.426354527473449707e-01,-1.373058676719665527e+00,-3.275371789932250977e-01,-3.974666073918342590e-02,1.234148263931274414e+00,1.678426742553710938e+00,-2.345757722854614258e+00,5.859255194664001465e-01,6.275826692581176758e-01,-5.387044548988342285e-01,1.124506816267967224e-01,-3.746779859066009521e-01,-3.319712579250335693e-01,-2.192919015884399414e+00,1.104486823081970215e+00,-5.615466237068176270e-01,-7.929074168205261230e-01,-1.736194342374801636e-01,1.916118264198303223e-01,1.838430762290954590e-01,-1.143646121025085449e+00,5.890752077102661133e-01,1.463683962821960449e+00,2.012435346841812134e-01,2.381367087364196777e-01,-2.453121691942214966e-01,-1.106259346008300781e+00,0.000000000000000000e+00
-4.069345295429229736e-01,-7.516137957572937012e-01,6.911915540695190430e-01,-7.252118587493896484e-01,7.212128043174743652e-01,-3.375707268714904785e-01,-7.848479598760604858e-02,-1.371571719646453857e-01,-1.315950751304626465e-01,-5.366228222846984863e-01,2.967057526111602783e-01,2.028019428253173828e+00,3.365077674388885498e-01,1.003945544362068176e-01,-1.297657936811447144e-01,1.025706291198730469e+00,0.000000000000000000e+00,-4.684045538306236267e-02,-3.334420621395111084e-01,7.514246702194213867e-01,6.252726316452026367e-01,1.339816600084304810e-01,-3.864388465881347656e-01,-2.903967201709747314e-01,5.269911289215087891e-01,3.077777922153472900e-01,-2.783959507942199707e-01,-4.436805471777915955e-02,-1.057015210390090942e-01,7.882984876632690430e-01,1.043962955474853516e+00,6.095044612884521484e-01,-1.500354260206222534e-01,-1.602676153182983398e+00,-8.542934656143188477e-01,3.012039661407470703e-01,-2.349859714508056641e+00,-1.025100946426391602e+00,1.983526796102523804e-01,-1.237157225608825684e+00,1.584917902946472168e+00,-9.100994467735290527e-01,1.569963544607162476e-01,2.775336802005767822e-01,-5.647009015083312988e-01,-1.246545791625976562e+00,7.369459867477416992e-01,-7.179699838161468506e-02,1.903048008680343628e-01,-4.419172406196594238e-01,-7.004338502883911133e-01,3.213757872581481934e-01,3.044712543487548828e-01,5.281352996826171875e-01,-3.250352442264556885e-01,4.862903654575347900e-01,-3.385031223297119141e-01,-8.961176276206970215e-01,0.000000000000000000e+00
-5.578225255012512207e-01,-1.204483151435852051e+00,-9.488887786865234375e-01,-6.386538036167621613e-03,-1.414239645004272461e+00,1.177391529083251953e+00,3.350937068462371826e-01,6.716877222061157227e-01,1.242721199989318848e+00,1.448116064071655273e+00,4.092108607292175293e-01,-1.809775978326797485e-01,1.954882740974426270e+00,1.117927879095077515e-01,1.511763572692871094e+00,2.476906061172485352e+00,-4.684045538306236267e-02,0.000000000000000000e+00,3.243483304977416992e+00,7.022949457168579102e-01,1.738519668579101562e-01,2.021161794662475586e+00,-4.509897828102111816e-01,1.283019185066223145e+00,9.810729026794433594e-01,1.464150905609130859e+00,-6.878660917282104492e-01,-1.569993138313293457e+00,-1.675180912017822266e+00,-1.629829034209251404e-02,-3.095046579837799072e-01,3.533513844013214111e-01,-1.507335066795349121e+00,-1.195991039276123047e+00,5.182120203971862793e-01,-6.998710334300994873e-02,1.693841964006423950e-01,-1.448408484458923340e+00,-9.182944893836975098e-01,-6.265755295753479004e-01,-1.296112895011901855e+00,-7.956072688102722168e-01,-9.083338379859924316e-01,-4.066914021968841553e-01,-1.101160407066345215e+00,2.036242723464965820e+00,-1.447292089462280273e+00,8.184992074966430664e-01,-7.727305293083190918e-01,9.510248303413391113e-01,-8.382000327110290527e-01,-1.904601216316223145e+00,5.087911486625671387e-01,-2.379148006439208984e-01,-1.831279695034027100e-01,-1.205257773399353027e-01,-4.695048928260803223e-01,-3.255804538726806641e+00,0.000000000000000000e+00
-2.858606576919555664e-01,-2.935186959803104401e-02,1.115431934595108032e-01,-1.005800604820251465e+00,-7.928566336631774902e-01,3.684427738189697266e-01,6.422805190086364746e-01,-8.815895020961761475e-02,-1.055418923497200012e-01,-1.736360073089599609e+00,4.550935328006744385e-01,-1.635023802518844604e-01,4.853339791297912598e-01,-4.461257159709930420e-02,1.302933573722839355e+00,8.253960013389587402e-01,-3.334420621395111084e-01,3.243483304977416992e+00,0.000000000000000000e+00,-3.038198351860046387e-01,7.399535179138183594e-01,1.604520916938781738e+00,-5.929021239280700684e-01,-1.618242979049682617e+00,1.363971710205078125e+00,-4.266939163208007812e-01,2.972962856292724609e-01,-7.068836092948913574e-01,8.530321121215820312e-01,6.083021759986877441e-01,-2.330678105354309082e-01,-2.010709941387176514e-01,4.524877965450286865e-01,-1.409236192703247070e+00,8.592724204063415527e-01,8.523373007774353027e-01,5.842655897140502930e-01,3.043037950992584229e-01,1.469416737556457520e+00,1.211105465888977051e+00,-2.283661440014839172e-02,7.575265318155288696e-02,4.429908096790313721e-01,7.157997488975524902e-01,-8.513311147689819336e-01,1.550634145736694336e+00,-1.251722216606140137e+00,-7.997146844863891602e-01,3.408814072608947754e-01,-1.814748644828796387e+00,2.031074166297912598e-01,-1.534706830978393555e+00,-1.234927549958229065e-01,1.092811748385429382e-01,-1.084354639053344727e+00,3.566620647907257080e-01,-7.417842149734497070e-01,-4.704529792070388794e-02,0.000000000000000000e+00
-3.962827622890472412e-01,-2.958051860332489014e-01,-8.266559839248657227e-01,-8.005488514900207520e-01,-2.377856224775314331e-01,-4.280327558517456055e-01,-2.383646219968795776e-01,-7.287850379943847656e-01,9.351676106452941895e-01,7.849171757698059082e-02,-4.583585560321807861e-01,2.202527523040771484e-01,-1.007396429777145386e-01,-2.652925252914428711e-01,-2.710359394550323486e-01,-4.520439803600311279e-01,7.514246702194213867e-01,7.022949457168579102e-01,-3.038198351860046387e-01,0.000000000000000000e+00,1.622229576110839844e+00,3.254339933395385742e+00,-3.831138461828231812e-02,5.941994786262512207e-01,4.551664292812347412e-01,-1.948925256729125977e-01,8.000233173370361328e-01,2.640911638736724854e-01,2.452563494443893433e-01,-5.731358528137207031e-01,1.574973911046981812e-01,1.522125601768493652e-01,4.167904555797576904e-01,-4.658094346523284912e-01,5.334131717681884766e-01,-3.073205947875976562e-01,-8.813809752464294434e-01,-8.303930051624774933e-03,-1.337598443031311035e+00,-7.806395292282104492e-01,5.438776314258575439e-02,-4.410092905163764954e-02,-7.579694390296936035e-01,1.890203952789306641e-01,-4.038891196250915527e-01,-1.593995571136474609e+00,4.334061741828918457e-01,-8.375619649887084961e-01,-1.622073650360107422e-01,-4.413539171218872070e-01,-9.700082242488861084e-02,-1.474528551101684570e+00,-1.443367719650268555e+00,-9.475632756948471069e-02,-3.698415756225585938e-01,5.222746729850769043e-01,7.529097795486450195e-01,2.588234245777130127e-01,0.000000000000000000e+00
1.712471544742584229e-01,-4.858885407447814941e-01,-7.947685122489929199e-01,-7.770949006080627441e-01,-6.408637017011642456e-02,-1.071855545043945312e+00,2.581544518470764160e-01,-1.461045026779174805e+00,-7.734520435333251953e-01,1.450609207153320312e+00,-2.633460797369480133e-02,4.647630751132965088e-01,-4.114396572113037109e-01,-4.609628915786743164e-01,-6.142527461051940918e-01,-1.337343752384185791e-01,6.252726316452026367e-01,1.738519668579101562e-01,7.399535179138183594e-01,1.622229576110839844e+00,0.000000000000000000e+00,-4.542575776576995850e-01,1.119675993919372559e+00,8.353746533393859863e-01,1.252276778221130371e+00,-1.501284360885620117e+00,1.946018636226654053e-01,8.076859712600708008e-01,1.551703065633773804e-01,1.240577697753906250e+00,1.389790534973144531e+00,-6.785139441490173340e-01,1.637072265148162842e-01,2.232075929641723633e+00,3.143285810947418213e-01,9.120795726776123047e-01,1.212196111679077148e+00,4.261854887008666992e-01,-1.632118701934814453e+00,-3.354411125183105469e-01,2.112581729888916016e-01,9.663676619529724121e-01,-4.257615283131599426e-02,-2.520171165466308594e+00,7.985216379165649414e-01,4.608475789427757263e-02,1.327069401741027832e-01,-4.012986123561859131e-01,-7.121435403823852539e-01,-5.991816520690917969e-01,-1.156394243240356445e+00,-8.720842599868774414e-01,-2.137223005294799805e+00,-3.814197480678558350e-01,7.878772616386413574e-01,3.501943349838256836e-01,-3.772117495536804199e-01,-1.504007339477539062e+00,0.000000000000000000e+00
-1.301296234130859375e+00,-1.462240815162658691e+00,-1.965246558189392090e+00,-6.483856439590454102e-01,-1.308199882507324219e+00,9.328248500823974609e-01,-4.949366152286529541e-01,-3.951782733201980591e-02,1.251277923583984375e+00,-3.751443922519683838e-01,-3.264825046062469482e-01,-1.032771468162536621e+00,1.662564039230346680e+00,8.764753937721252441e-01,2.920506596565246582e-01,7.168723940849304199e-01,1.339816600084304810e-01,2.021161794662475586e+00,1.604520916938781738e+00,3.254339933395385742e+00,-4.542575776576995850e-01,0.000000000000000000e+00,2.123186349868774414e+00,-6.772239804267883301e-01,2.260238379240036011e-01,-1.757178425788879395e+00,-1.417697429656982422e+00,-1.360471397638320923e-01,-7.886726409196853638e-02,1.342635035514831543e+00,7.861886620521545410e-01,1.507174968719482422e+00,-1.615995287895202637e+00,5.578184127807617188e-01,-2.592423439025878906e+00,-7.709930539131164551e-01,-1.079189300537109375e+00,-1.917480230331420898e+00,5.351954102516174316e-01,-6.102514266967773438e-01,8.251796364784240723e-01,-3.445671796798706055e-01,-7.892396450042724609e-01,1.188950777053833008e+00,-1.251546502113342285e+00,1.209365248680114746e+00,-8.042331933975219727e-01,-5.196168422698974609e-01,1.176547631621360779e-02,5.527494940906763077e-03,-2.171542942523956299e-01,1.492608189582824707e+00,6.773822307586669922e-01,2.961534857749938965e-01,-2.692476987838745117e+00,-1.430361628532409668e+00,-4.113049507141113281e-01,-1.381983995437622070e+00,0.000000000000000000e+00
9.265435338020324707e-01,-1.874571681022644043e+00,-1.469097018241882324e+00,-1.728915095329284668e+00,-1.431100368499755859e-01,1.241222262382507324e+00,2.706977725028991699e-01,4.126041233539581299e-01,1.267856717109680176e+00,4.960581958293914795e-01,3.205582499504089355e-01,6.312241554260253906e-01,1.101592659950256348e+00,-1.532935202121734619e-01,7.574554681777954102e-01,-7.669391036033630371e-01,-3.864388465881347656e-01,-4.509897828102111816e-01,-5.929021239280700684e-01,-3.831138461828231812e-02,1.119675993919372559e+00,2.123186349868774414e+00,0.000000000000000000e+00,1.397868871688842773e+00,5.744156241416931152e-01,4.772418141365051270e-01,-1.260869503021240234e-01,2.159024000167846680e+00,1.160992145538330078e+00,1.347211241722106934e+00,5.882886052131652832e-01,6.156533956527709961e-01,-9.276032447814941406e-01,-2.435897350311279297e+00,4.029562771320343018e-01,8.204138278961181641e-02,1.965658515691757202e-01,5.117627382278442383e-01,4.247954487800598145e-01,7.724255323410034180e-01,5.920352339744567871e-01,4.988189339637756348e-01,-2.881096124649047852e+00,4.814715087413787842e-01,1.891689449548721313e-01,4.432989954948425293e-01,-6.295623183250427246e-01,-6.777190566062927246e-01,-3.362701535224914551e-01,-1.204690814018249512e+00,1.275439113378524780e-01,-5.478351116180419922e-01,-3.070608675479888916e-01,-8.907972574234008789e-01,-1.747580647468566895e+00,-7.781906425952911377e-02,-3.508023917675018311e-01,-1.074566960334777832e+00,0.000000000000000000e+00
7.142698857933282852e-03,-3.140097856521606445e-01,-9.790742993354797363e-01,-1.373163312673568726e-01,-7.828083634376525879e-01,-9.665623903274536133e-01,-6.161170601844787598e-01,-3.602763116359710693e-01,-1.860986351966857910e-01,-7.307277917861938477e-01,2.657608091831207275e-01,1.102489590644836426e+00,-8.052025437355041504e-01,-1.353553891181945801e+00,-1.303752899169921875e+00,1.613879948854446411e-01,-2.903967201709747314e-01,1.283019185066223145e+00,-1.618242979049682617e+00,5.941994786262512207e-01,8.353746533393859863e-01,-6.772239804267883301e-01,1.397868871688842773e+00,0.000000000000000000e+00,7.660284042358398438e-01,8.492974638938903809e-01,3.065269231796264648e+00,-1.058230400085449219e+00,1.231444329023361206e-01,1.260838150978088379e+00,7.257239818572998047e-01,2.612220525741577148e+00,1.196630448102951050e-01,1.149570822715759277e+00,1.192270666360855103e-01,1.789116412401199341e-01,-2.244031056761741638e-02,-4.034503921866416931e-02,-1.963092803955078125e+00,-5.535979270935058594e-01,7.848240137100219727e-01,-5.878863111138343811e-02,4.744935333728790283e-01,6.452174782752990723e-01,-1.092901706695556641e+00,-1.913713932037353516e+00,-2.829776704311370850e-01,-1.111877679824829102e+00,8.040832877159118652e-01,-6.652380228042602539e-01,-1.140400469303131104e-01,-9.917482137680053711e-01,-1.847593188285827637e-01,-6.174102425575256348e-01,-2.976865768432617188e-01,1.792461276054382324e-01,5.865110158920288086e-01,-4.834733307361602783e-01,0.000000000000000000e+00
-1.501646518707275391e+00,-4.176370501518249512e-01,-1.882383972406387329e-01,-3.925079703330993652e-01,2.374839037656784058e-01,9.627690911293029785e-01,6.502771973609924316e-01,1.091262459754943848e+00,-9.988659620285034180e-02,-2.500633478164672852e+00,2.176447063684463501e-01,-1.062316168099641800e-02,-2.367535792291164398e-02,-6.581013202667236328e-01,1.422888636589050293e+00,-1.951393485069274902e-02,5.269911289215087891e-01,9.810729026794433594e-01,1.363971710205078125e+00,4.551664292812347412e-01,1.252276778221130371e+00,2.260238379240036011e-01,5.744156241416931152e-01,7.660284042358398438e-01,0.000000000000000000e+00,2.454866170883178711e+00,3.544881641864776611e-01,1.133165955543518066e+00,-1.473291218280792236e-02,1.433367371559143066e+00,-3.483198285102844238e-01,-8.918532729148864746e-01,-5.438061356544494629e-01,5.177561640739440918e-01,-8.723412156105041504e-01,4.752321541309356689e-01,-6.722542643547058105e-02,-1.330186247825622559e+00,3.425238281488418579e-02,-2.515764534473419189e-01,5.406389385461807251e-02,1.506598711013793945e+00,2.809236943721771240e-01,1.494871139526367188e+00,1.421573292464017868e-02,-3.738655149936676025e-01,-3.765681385993957520e-01,-1.828369975090026855e+00,5.751247406005859375e-01,-1.943019926548004150e-01,-9.848260283470153809e-01,-1.290497779846191406e+00,7.398889660835266113e-01,1.768101751804351807e-01,-1.926272660493850708e-01,-6.349616050720214844e-01,-5.315271764993667603e-02,-7.090824246406555176e-01,0.000000000000000000e+00
5.357933044433593750e-01,-4.398609697818756104e-01,-9.575746953487396240e-02,9.239479303359985352e-01,3.154196739196777344e-01,-1.740794181823730469e-01,-3.814381957054138184e-01,2.337870560586452484e-02,-3.116310238838195801e-01,-1.172559738159179688e+00,-3.981567919254302979e-01,-4.928605258464813232e-01,5.988319516181945801e-01,9.343547374010086060e-02,-8.480213284492492676e-01,-2.702936232089996338e-01,3.077777922153472900e-01,1.464150905609130859e+00,-4.266939163208007812e-01,-1.948925256729125977e-01,-1.501284360885620117e+00,-1.757178425788879395e+00,4.772418141365051270e-01,8.492974638938903809e-01,2.454866170883178711e+00,0.000000000000000000e+00,2.197508335113525391e+00,1.545322537422180176e-01,7.054404616355895996e-01,1.383050233125686646e-01,-1.163426756858825684e+00,1.257172703742980957e+00,1.064350754022598267e-01,2.557088136672973633e-01,-1.302146911621093750e+00,8.427992463111877441e-01,1.089072942733764648e+00,-1.576799988746643066e+00,9.956125020980834961e-01,8.363398313522338867e-01,7.587772607803344727e-01,4.129538238048553467e-01,1.428250074386596680e+00,7.394658923149108887e-01,7.702152132987976074e-01,-6.188123226165771484e-01,8.967404067516326904e-02,-4.923756420612335205e-01,8.055766820907592773e-01,-1.547938492149114609e-02,-1.050222158432006836e+00,-3.219875395298004150e-01,6.940210461616516113e-01,-2.023904621601104736e-01,-8.206385374069213867e-01,2.993133068084716797e-01,4.826701283454895020e-01,-8.307030200958251953e-01,0.000000000000000000e+00
