0.000000000000000000e+00,2.590485095977783203e+00,1.041595220565795898e+00,-3.615379929542541504e-01,8.850075006484985352e-01,-1.670140177011489868e-01,-4.673557281494140625e-01,-4.575486481189727783e-02,-6.717190146446228027e-01,-7.714585661888122559e-01,-4.513161182403564453e-01,-3.501711785793304443e-01,-8.372612595558166504e-01,9.083876386284828186e-03,2.894388139247894287e-01,-1.073012799024581909e-01,-1.990834921598434448e-01,-2.096572518348693848e-01,-5.095892548561096191e-01,-4.101153910160064697e-01,1.347164958715438843e-01,-1.454267978668212891e+00,1.019392848014831543e+00,3.783076629042625427e-02,-1.491651892662048340e+00,4.305514395236968994e-01,-7.493255734443664551e-01,4.947167634963989258e-01,4.585282206535339355e-01,-1.377065330743789673e-01,1.087080478668212891e+00,7.124285101890563965e-01,-4.820397496223449707e-01,7.717036604881286621e-01,7.070305347442626953e-01,-1.954444766044616699e+00,1.471820403821766376e-03,8.999146819114685059e-01,2.148330509662628174e-01,2.318585962057113647e-01,-2.392592132091522217e-01,-8.535230159759521484e-01,1.015509247779846191e+00,-3.260126113891601562e-01,-1.750289499759674072e-01,-1.332178264856338501e-01,-6.726976633071899414e-01,-1.489267468452453613e+00,6.406301259994506836e-01,6.253039464354515076e-03,-1.010054588317871094e+00,2.230550199747085571e-01,-1.291992187500000000e+00,-4.374544322490692139e-01,-2.120334655046463013e-01,1.387587785720825195e+00,-1.714553683996200562e-01,-2.051866203546524048e-01,0.000000000000000000e+00
2.590485095977783203e+00,0.000000000000000000e+00,1.482938170433044434e+00,1.336209774017333984e+00,1.309690237045288086e+00,-1.746558696031570435e-01,8.564823269844055176e-01,-4.932302832603454590e-01,-1.111303567886352539e+00,-2.836931347846984863e-01,1.376821100711822510e-01,3.268632888793945312e-01,3.496574759483337402e-01,-1.226298958063125610e-01,-1.336722612380981445e+00,3.796613216400146484e-01,-8.333917260169982910e-01,-1.150737047195434570e+00,-7.642332348041236401e-04,-3.669999539852142334e-01,-5.085535049438476562e-01,-1.006291031837463379e+00,-1.520260691642761230e+00,-4.207037985324859619e-01,-6.272850632667541504e-01,-4.488036632537841797e-01,-5.341658592224121094e-01,1.086803197860717773e+00,-3.271304070949554443e-01,-7.227668762207031250e-01,5.760951340198516846e-02,-5.610673427581787109e-01,2.184020996093750000e+00,8.232378959655761719e-01,6.267787218093872070e-01,-9.749716520309448242e-01,-9.829241037368774414e-01,1.054117918014526367e+00,-1.390948444604873657e-01,1.038980245590209961e+00,-1.300898313522338867e+00,-1.490831077098846436e-01,-1.879471689462661743e-01,1.015478000044822693e-02,-1.256331056356430054e-01,-1.814955353736877441e+00,9.114397317171096802e-02,-1.704640030860900879e+00,-2.671139240264892578e-01,4.945170283317565918e-01,2.493241429328918457e-01,-1.853781580924987793e+00,-7.594349384307861328e-01,-6.310647726058959961e-01,8.326269984245300293e-01,1.330057382583618164e+00,2.919742166996002197e-01,1.746471285820007324e+00,0.000000000000000000e+00
1.041595220565795898e+00,1.482938170433044434e+00,0.000000000000000000e+00,1.735116124153137207e+00,3.963387012481689453e-01,5.231584310531616211e-01,3.150472342967987061e-01,3.768905401229858398e-01,-2.818540930747985840e-01,-8.553088307380676270e-01,1.616960287094116211e+00,-3.500349521636962891e-01,1.571278274059295654e-01,1.086175680160522461e+00,-4.435883164405822754e-01,5.123292803764343262e-01,5.172638297080993652e-01,-1.007112383842468262e+00,1.246735453605651855e-01,-8.890244960784912109e-01,-7.769136428833007812e-01,-1.666090965270996094e+00,-1.730187416076660156e+00,-1.330495953559875488e+00,-8.488946408033370972e-02,-9.253570437431335449e-02,-1.210927367210388184e+00,-6.696216464042663574e-01,1.883476078510284424e-01,-1.691226288676261902e-02,7.169577479362487793e-01,8.627133965492248535e-01,9.380863308906555176e-01,-2.447319030761718750e-01,6.919031143188476562e-01,-3.808079063892364502e-01,-3.552843093872070312e+00,3.467294573783874512e-01,7.888635396957397461e-01,1.243532001972198486e-01,1.065949082374572754e+00,6.365647912025451660e-02,7.562720179557800293e-01,-2.310020774602890015e-01,-4.077084362506866455e-01,-8.043947815895080566e-01,7.108453512191772461e-01,3.282364606857299805e-01,9.626750946044921875e-01,-2.142143398523330688e-01,-1.186648130416870117e+00,-1.133757352828979492e+00,5.858294963836669922e-01,-7.532414793968200684e-01,6.446554064750671387e-01,1.379428803920745850e-02,-1.032325322739779949e-03,-7.742488384246826172e-02,0.000000000000000000e+00
-3.615379929542541504e-01,1.336209774017333984e+00,1.735116124153137207e+00,0.000000000000000000e+00,2.412976980209350586e+00,2.200594186782836914e+00,2.328178644180297852e+00,1.382554054260253906e+00,-3.862468898296356201e-01,8.400530219078063965e-01,9.482645392417907715e-01,-1.268061280250549316e+00,-8.058114647865295410e-01,-3.385006487369537354e-01,3.075177073478698730e-01,8.161424994468688965e-01,-5.225294828414916992e-01,3.425557017326354980e-01,-9.083407521247863770e-01,-8.687691092491149902e-01,-8.407122492790222168e-01,-1.024884104728698730e+00,-1.588456153869628906e+00,7.356611639261245728e-02,-4.866827726364135742e-01,9.451201558113098145e-01,-6.892177462577819824e-01,-7.320548892021179199e-01,-7.163180112838745117e-01,-9.608902335166931152e-01,-8.145452141761779785e-01,6.372386962175369263e-02,1.283813714981079102e+00,1.101113080978393555e+00,1.336516976356506348e+00,-4.664777219295501709e-01,2.245820313692092896e-02,1.127124428749084473e-01,3.416230082511901855e-01,1.077098608016967773e+00,-1.298378109931945801e+00,7.960302233695983887e-01,-2.274724394083023071e-01,-9.122844934463500977e-01,-1.960285156965255737e-01,5.352753400802612305e-01,-4.326673448085784912e-01,5.700301006436347961e-02,-4.054552912712097168e-01,-3.730742633342742920e-01,-1.596352815628051758e+00,-1.738697528839111328e+00,-8.407820463180541992e-01,4.703618884086608887e-01,-4.202823936939239502e-01,-8.643790483474731445e-01,-1.785351485013961792e-01,-7.113522291183471680e-01,0.000000000000000000e+00
8.850075006484985352e-01,1.309690237045288086e+00,3.963387012481689453e-01,2.412976980209350586e+00,0.000000000000000000e+00,1.282783389091491699e+00,2.986595153808593750e+00,2.224206447601318359e+00,9.913887828588485718e-02,-2.278577238321304321e-01,-3.830151557922363281e-01,-1.441058754920959473e+00,-4.193604290485382080e-01,3.583784997463226318e-01,-8.124883770942687988e-01,-4.911631941795349121e-01,5.563095808029174805e-01,-1.145299911499023438e+00,-6.220048069953918457e-01,-2.238729745149612427e-01,-1.523256003856658936e-01,-8.307557106018066406e-01,1.022524535655975342e-01,-1.061942815780639648e+00,-1.786938458681106567e-01,1.837026327848434448e-01,1.902440786361694336e+00,3.195466697216033936e-01,-1.038635492324829102e+00,4.124774336814880371e-01,5.211699604988098145e-01,-3.837559521198272705e-01,1.201745793223381042e-01,2.001495212316513062e-01,5.318638682365417480e-01,-9.021013975143432617e-01,4.200523793697357178e-01,-6.601119786500930786e-02,-2.538279816508293152e-02,-1.247435688972473145e+00,2.245361208915710449e-01,8.265370726585388184e-01,-1.127870082855224609e+00,6.103191375732421875e-01,3.349216878414154053e-01,4.918361008167266846e-01,4.264035820960998535e-01,-4.956514239311218262e-01,-4.532098472118377686e-01,4.271355867385864258e-01,-2.242411673069000244e-01,-1.162625849246978760e-01,-2.339333772659301758e+00,-5.522320270538330078e-01,6.193102002143859863e-01,-3.098383903503417969e+00,-7.336761355400085449e-01,-3.050487041473388672e-01,0.000000000000000000e+00
-1.670140177011489868e-01,-1.746558696031570435e-01,5.231584310531616211e-01,2.200594186782836914e+00,1.282783389091491699e+00,0.000000000000000000e+00,2.718081235885620117e+00,1.628340840339660645e+00,8.379648923873901367e-01,-3.527515232563018799e-01,3.941768705844879150e-01,-5.875786542892456055e-01,4.270564615726470947e-01,7.068283557891845703e-01,2.468139410018920898e+00,2.094765752553939819e-01,-5.920688509941101074e-01,1.264366507530212402e+00,4.074266552925109863e-02,-2.888537943363189697e-01,-1.022625684738159180e+00,1.114500641822814941e+00,1.387568235397338867e+00,-9.995790123939514160e-01,1.388764619827270508e+00,-3.043386638164520264e-01,-1.170811653137207031e+00,5.622407793998718262e-01,-4.238930717110633850e-02,-1.267300367355346680e+00,-1.589081645011901855e+00,-7.322462797164916992e-01,-3.196317195892333984e+00,-2.049490690231323242e+00,1.003654599189758301e+00,3.487218320369720459e-01,5.480768084526062012e-01,8.755441904067993164e-01,5.078161358833312988e-01,-7.649672031402587891e-01,-5.534083843231201172e-01,1.495611816644668579e-01,-1.092136621475219727e+00,-4.301598072052001953e-01,-1.149462461471557617e+00,5.027942061424255371e-01,4.005798101425170898e-01,3.977738916873931885e-01,-4.193281829357147217e-01,7.696922421455383301e-01,-2.528550863265991211e+00,-7.104282975196838379e-01,-6.817985773086547852e-01,3.193469345569610596e-01,-1.652227401733398438e+00,-2.355954170227050781e+00,-6.902930736541748047e-01,-1.431462049484252930e+00,0.000000000000000000e+00
-4.673557281494140625e-01,8.564823269844055176e-01,3.150472342967987061e-01,2.328178644180297852e+00,2.986595153808593750e+00,2.718081235885620117e+00,0.000000000000000000e+00,2.709368467330932617e+00,-4.537694752216339111e-01,1.634814500808715820e+00,1.092491149902343750e+00,-1.204023361206054688e+00,8.056796193122863770e-01,1.019233241677284241e-01,-6.358059048652648926e-01,-2.084686756134033203e-01,-6.237925887107849121e-01,7.292894721031188965e-01,5.683204531669616699e-01,-2.021165043115615845e-01,2.952845990657806396e-01,-5.889698863029479980e-01,1.866877777501940727e-03,-1.985531747341156006e-01,4.325608909130096436e-01,-4.555440545082092285e-01,4.087221920490264893e-01,2.215641550719738007e-02,-1.210580110549926758e+00,6.881146430969238281e-01,-1.222323924303054810e-01,-2.041754245758056641e+00,1.606467068195343018e-01,-5.796940997242927551e-02,6.967136263847351074e-01,-8.597306609153747559e-01,-1.130575895309448242e+00,7.943630963563919067e-02,-1.209691405296325684e+00,8.524057269096374512e-01,7.098403573036193848e-01,-2.010154962539672852e+00,3.910120129585266113e-01,8.183204382658004761e-02,8.259750008583068848e-01,-5.553734302520751953e-01,-8.359988927841186523e-01,1.543018687516450882e-02,-5.683463215827941895e-01,5.085251852869987488e-02,-6.736288964748382568e-02,-1.667236089706420898e+00,-9.279022216796875000e-01,-5.159902572631835938e-01,-1.758371293544769287e-01,-2.960126638412475586e+00,-1.194738298654556274e-01,-3.012451231479644775e-01,0.000000000000000000e+00
-4.575486481189727783e-02,-4.932302832603454590e-01,3.768905401229858398e-01,1.382554054260253906e+00,2.224206447601318359e+00,1.628340840339660645e+00,2.709368467330932617e+00,0.000000000000000000e+00,6.787123531103134155e-02,-1.024692773818969727e+00,1.874474167823791504e+00,-5.744236111640930176e-01,2.291918359696865082e-02,7.842717766761779785e-01,1.103044033050537109e+00,1.164632886648178101e-01,-2.404526807367801666e-02,6.587402224540710449e-01,-7.374289631843566895e-02,-7.868838310241699219e-01,-1.299793720245361328e+00,1.898047775030136108e-01,5.364507436752319336e-01,-3.428394198417663574e-01,1.279513955116271973e+00,1.085694655776023865e-01,-4.963150322437286377e-01,-8.624467253684997559e-01,-1.570561289787292480e+00,1.693380236625671387e+00,1.890776604413986206e-01,1.406082272529602051e+00,1.797125041484832764e-01,9.645580649375915527e-01,-2.103604316711425781e+00,-2.377092540264129639e-01,-2.077727317810058594e+00,-8.353250026702880859e-01,1.033324360847473145e+00,-7.712270617485046387e-01,-1.108311533927917480e+00,1.095412373542785645e+00,-3.348186314105987549e-01,1.156616449356079102e+00,7.306919693946838379e-01,1.019496917724609375e-01,-2.413849085569381714e-01,-8.990630507469177246e-01,-8.936337828636169434e-01,-4.637811779975891113e-01,9.038755297660827637e-02,3.143904358148574829e-02,-6.305637359619140625e-01,-3.327222540974617004e-02,-1.417184352874755859e+00,-7.704096436500549316e-01,-2.276394516229629517e-01,-1.158182978630065918e+00,0.000000000000000000e+00
-6.717190146446228027e-01,-1.111303567886352539e+00,-2.818540930747985840e-01,-3.862468898296356201e-01,9.913887828588485718e-02,8.379648923873901367e-01,-4.537694752216339111e-01,6.787123531103134155e-02,0.000000000000000000e+00,8.271875381469726562e-01,-5.908006429672241211e-01,1.243609189987182617e+00,-1.077962040901184082e+00,1.099700450897216797e+00,7.867627739906311035e-01,6.982665061950683594e-01,1.886718571186065674e-01,1.210902452468872070e+00,-4.161628484725952148e-01,8.763216137886047363e-01,-6.714226007461547852e-01,1.161952495574951172e+00,1.186384439468383789e+00,-1.262498646974563599e-01,-2.303735911846160889e-01,-1.448849439620971680e-01,-1.123508810997009277e+00,1.650778055191040039e-01,4.116106629371643066e-01,1.174279808998107910e+00,-1.779352545738220215e+00,-9.404146671295166016e-01,-1.402422189712524414e+00,4.809327125549316406e-01,-2.146781206130981445e+00,-4.241699576377868652e-01,-9.532884359359741211e-01,-1.475821852684020996e+00,-6.529418230056762695e-01,-3.755666911602020264e-01,2.122033983469009399e-01,-1.879540562629699707e+00,5.318452715873718262e-01,-9.612233042716979980e-01,-9.655947685241699219e-01,2.385794639587402344e+00,-7.956171035766601562e-01,4.090415537357330322e-01,-1.385519266128540039e+00,-5.489704608917236328e-01,-5.733932256698608398e-01,2.123795032501220703e+00,-5.404662489891052246e-01,-7.341380715370178223e-01,7.234607934951782227e-01,2.932043075561523438e-01,6.023925542831420898e-01,7.292591780424118042e-02,0.000000000000000000e+00
-7.714585661888122559e-01,-2.836931347846984863e-01,-8.553088307380676270e-01,8.400530219078063965e-01,-2.278577238321304321e-01,-3.527515232563018799e-01,1.634814500808715820e+00,-1.024692773818969727e+00,8.271875381469726562e-01,0.000000000000000000e+00,2.666412353515625000e+00,6.738173961639404297e-01,1.199841856956481934e+00,-1.654242157936096191e+00,1.701959133148193359e+00,-1.663602948188781738e+00,-2.220988720655441284e-01,1.371326923370361328e+00,-1.608466386795043945e+00,5.624121800065040588e-02,1.610079765319824219e+00,-4.155275225639343262e-01,2.264362126588821411e-01,-5.060469508171081543e-01,-2.038918972015380859e+00,-1.017458200454711914e+00,-1.363507866859436035e+00,5.472896695137023926e-01,8.849816322326660156e-01,-6.914367079734802246e-01,2.896644175052642822e-01,7.175842523574829102e-01,5.012764334678649902e-01,6.554005742073059082e-01,-9.441835880279541016e-01,-1.007792711257934570e+00,-1.056819319725036621e+00,7.070451974868774414e-02,3.932656347751617432e-01,-2.363375425338745117e-01,6.551056504249572754e-01,-3.923319578170776367e-01,-2.331756353378295898e+00,-8.862420171499252319e-02,5.037449598312377930e-01,3.826762437820434570e-01,-6.655724644660949707e-01,2.601616084575653076e-01,-1.670018136501312256e-01,-8.006434440612792969e-01,1.468654155731201172e+00,-1.493746399879455566e+00,-9.294590353965759277e-02,-1.517866373062133789e+00,-3.414711356163024902e-01,-1.871800124645233154e-01,8.348869681358337402e-01,-1.808146536350250244e-01,0.000000000000000000e+00
-4.513161182403564453e-01,1.376821100711822510e-01,1.616960287094116211e+00,9.482645392417907715e-01,-3.830151557922363281e-01,3.941768705844879150e-01,1.092491149902343750e+00,1.874474167823791504e+00,-5.908006429672241211e-01,2.666412353515625000e+00,0.000000000000000000e+00,-6.601393222808837891e-01,1.932255148887634277e+00,8.585054278373718262e-01,5.129416584968566895e-01,-2.094062566757202148e-01,-6.308513879776000977e-02,1.590928584337234497e-01,7.456895112991333008e-01,-4.955898821353912354e-01,-4.392172992229461670e-01,-6.478564143180847168e-01,2.990325093269348145e-01,2.282610833644866943e-01,-3.124957159161567688e-02,-3.822587132453918457e-01,-1.070426583290100098e+00,-3.820033371448516846e-01,-1.030036449432373047e+00,-1.071301698684692383e+00,-1.808341890573501587e-01,-5.040628314018249512e-01,-1.281963437795639038e-01,1.581969618797302246e+00,-1.286339879035949707e+00,1.030838847160339355e+00,1.077975153923034668e+00,-4.006242379546165466e-02,4.909453913569450378e-02,5.263960361480712891e-01,-1.842395663261413574e+00,-8.367729187011718750e-01,8.443932533264160156e-01,-8.651081323623657227e-01,-4.047613739967346191e-01,7.766109108924865723e-01,-4.045308753848075867e-02,-3.988965451717376709e-01,6.975999474525451660e-01,5.090222954750061035e-01,5.081101059913635254e-01,5.385339260101318359e-01,2.262394130229949951e-01,1.213721990585327148e+00,-2.661904990673065186e-01,-1.678265929222106934e-01,-7.883073091506958008e-01,-4.879812523722648621e-02,0.000000000000000000e+00
-3.501711785793304443e-01,3.268632888793945312e-01,-3.500349521636962891e-01,-1.268061280250549316e+00,-1.441058754920959473e+00,-5.875786542892456055e-01,-1.204023361206054688e+00,-5.744236111640930176e-01,1.243609189987182617e+00,6.738173961639404297e-01,-6.601393222808837891e-01,0.000000000000000000e+00,-2.789124250411987305e-01,8.134284019470214844e-01,2.123420953750610352e+00,3.680059015750885010e-01,2.039166688919067383e+00,-3.034235537052154541e-01,-1.899937540292739868e-01,1.783334612846374512e-01,4.493276476860046387e-01,-1.043816089630126953e+00,7.453700900077819824e-01,1.108909726142883301e+00,1.643516495823860168e-02,-3.506214320659637451e-01,3.017314970493316650e-01,-5.039202794432640076e-02,1.202196478843688965e+00,-4.533734321594238281e-01,-6.083287000656127930e-01,-3.030714690685272217e-01,-2.917959690093994141e-01,-4.917130470275878906e-01,-3.105052709579467773e-01,-2.302505373954772949e-01,-1.278913855552673340e+00,5.970761775970458984e-01,-1.312686085700988770e+00,-7.802972793579101562e-01,1.137452572584152222e-01,1.885766237974166870e-01,-2.775914967060089111e-01,-3.673862218856811523e-01,-3.003490269184112549e-01,-1.419649481773376465e+00,5.562885478138923645e-02,2.165963947772979736e-01,-6.238091588020324707e-01,-7.375607639551162720e-02,2.653476297855377197e-01,-5.050995945930480957e-01,-4.668747186660766602e-01,2.715948224067687988e-01,3.202655017375946045e-01,-2.051612176001071930e-02,4.195171594619750977e-01,4.229491353034973145e-01,0.000000000000000000e+00
-8.372612595558166504e-01,3.496574759483337402e-01,1.571278274059295654e-01,-8.058114647865295410e-01,-4.193604290485382080e-01,4.270564615726470947e-01,8.056796193122863770e-01,2.291918359696865082e-02,-1.077962040901184082e+00,1.199841856956481934e+00,1.932255148887634277e+00,-2.789124250411987305e-01,0.000000000000000000e+00,2.377114534378051758e+00,2.436959743499755859e+00,-3.641832768917083740e-01,4.453795254230499268e-01,1.967483043670654297e+00,5.358501076698303223e-01,-2.779137790203094482e-01,-4.853227734565734863e-01,1.679847240447998047e+00,1.113427758216857910e+00,-8.720980286598205566e-01,4.545161128044128418e-02,6.083204150199890137e-01,-1.190688133239746094e+00,-3.971820175647735596e-01,-1.601413846015930176e+00,6.139029264450073242e-01,-5.096918344497680664e-01,1.216962113976478577e-01,1.054703950881958008e+00,-2.038545608520507812e+00,-7.499198913574218750e-01,-6.764646172523498535e-01,8.855715394020080566e-01,-1.200068354606628418e+00,2.913901768624782562e-02,-3.761346042156219482e-01,3.981020450592041016e-01,-1.322658181190490723e+00,-1.869260817766189575e-01,2.399604469537734985e-01,-1.314117431640625000e+00,1.726690053939819336e+00,1.430544495582580566e+00,-1.528855681419372559e+00,-1.491143554449081421e-01,4.683133363723754883e-01,-4.951884746551513672e-01,1.759367436170578003e-01,1.724447160959243774e-01,-7.346308231353759766e-02,1.944858878850936890e-01,-1.343564033508300781e+00,-3.027096092700958252e-01,-1.954039484262466431e-01,0.000000000000000000e+00
9.083876386284828186e-03,-1.226298958063125610e-01,1.086175680160522461e+00,-3.385006487369537354e-01,3.583784997463226318e-01,7.068283557891845703e-01,1.019233241677284241e-01,7.842717766761779785e-01,1.099700450897216797e+00,-1.654242157936096191e+00,8.585054278373718262e-01,8.134284019470214844e-01,2.377114534378051758e+00,0.000000000000000000e+00,2.294398546218872070e+00,2.378050088882446289e+00,3.849416077136993408e-01,7.769053429365158081e-02,-2.663667798042297363e-01,-2.265622019767761230e-01,-5.630504488945007324e-01,5.929888486862182617e-01,-2.185360342264175415e-01,-1.323785305023193359e+00,-8.299582600593566895e-01,6.501647084951400757e-02,2.979274094104766846e-01,-8.877103924751281738e-01,-1.218275725841522217e-01,2.203443199396133423e-01,1.130815625190734863e+00,4.454264044761657715e-01,-2.460082530975341797e+00,5.225206911563873291e-02,-2.506787478923797607e-01,1.401940733194351196e-02,1.286353468894958496e-01,-5.458784103393554688e-01,9.733973145484924316e-01,-7.948611676692962646e-02,-9.544076919555664062e-01,-1.304902195930480957e+00,1.929461807012557983e-01,-1.460115164518356323e-01,9.380316138267517090e-01,-1.567973256111145020e+00,-2.622951030731201172e+00,5.071505308151245117e-01,-3.229615390300750732e-01,-4.778689444065093994e-01,-3.765609264373779297e-01,-1.455314904451370239e-01,-5.272183939814567566e-02,-9.403750896453857422e-01,-3.338014483451843262e-01,8.917512893676757812e-01,-9.664449840784072876e-02,4.975778758525848389e-01,0.000000000000000000e+00
2.894388139247894287e-01,-1.336722612380981445e+00,-4.435883164405822754e-01,3.075177073478698730e-01,-8.124883770942687988e-01,2.468139410018920898e+00,-6.358059048652648926e-01,1.103044033050537109e+00,7.867627739906311035e-01,1.701959133148193359e+00,5.129416584968566895e-01,2.123420953750610352e+00,2.436959743499755859e+00,2.294398546218872070e+00,0.000000000000000000e+00,1.082789063453674316e+00,-3.797433525323867798e-02,1.217294692993164062e+00,1.538211107254028320e+00,-2.672013342380523682e-01,-4.638422131538391113e-01,6.717878580093383789e-01,7.696170806884765625e-01,-1.134342432022094727e+00,8.789536952972412109e-01,-9.578484296798706055e-01,-7.540955543518066406e-01,-1.196429371833801270e+00,-1.480602025985717773e+00,-2.109713554382324219e-01,8.781553059816360474e-02,3.478701710700988770e-01,-5.769471645355224609e+00,-3.148140668869018555e+00,-1.247883081436157227e+00,6.658210158348083496e-01,-5.393636226654052734e-01,-1.482279896736145020e+00,3.694357275962829590e-01,-4.895204603672027588e-01,-9.180658459663391113e-01,-1.643223047256469727e+00,2.359634786844253540e-01,4.688461124897003174e-01,3.551580011844635010e-01,2.533186674118041992e-01,-1.931464076042175293e+00,-5.318906903266906738e-01,-1.271634340286254883e+00,2.836579978466033936e-01,-2.075822591781616211e+00,2.216321945190429688e+00,-2.881344854831695557e-01,8.688291907310485840e-01,-4.972814619541168213e-01,-1.066904306411743164e+00,-3.982700109481811523e-01,-2.475387573242187500e+00,0.000000000000000000e+00
-1.073012799024581909e-01,3.796613216400146484e-01,5.123292803764343262e-01,8.161424994468688965e-01,-4.911631941795349121e-01,2.094765752553939819e-01,-2.084686756134033203e-01,1.164632886648178101e-01,6.982665061950683594e-01,-1.663602948188781738e+00,-2.094062566757202148e-01,3.680059015750885010e-01,-3.641832768917083740e-01,2.378050088882446289e+00,1.082789063453674316e+00,0.000000000000000000e+00,3.557347059249877930e-01,2.346857309341430664e+00,6.452921628952026367e-01,-2.659912705421447754e-01,-4.166521430015563965e-01,8.299499750137329102e-01,6.031631678342819214e-02,7.163917273283004761e-02,-1.479008644819259644e-01,-5.496180057525634766e-01,-6.160144805908203125e-01,-7.722320407629013062e-02,2.041337788105010986e-01,6.602433323860168457e-01,-7.106324434280395508e-01,1.103399991989135742e+00,-8.456775546073913574e-01,-1.495562940835952759e-01,9.924728423357009888e-02,9.912974238395690918e-01,1.621085762977600098e+00,-2.154636621475219727e+00,6.604606509208679199e-01,9.565211534500122070e-01,-4.813829660415649414e-01,-1.138976123183965683e-02,-4.595420062541961670e-01,-1.722899228334426880e-01,-2.006462574005126953e+00,9.853119850158691406e-01,-4.636346697807312012e-01,-5.380914807319641113e-01,-5.883414149284362793e-01,5.215762257575988770e-01,4.037378430366516113e-01,-1.827991247177124023e+00,5.398328900337219238e-01,1.178443789482116699e+00,-6.842353940010070801e-02,2.699218094348907471e-01,-3.327832818031311035e-01,-1.175077676773071289e+00,0.000000000000000000e+00
-1.990834921598434448e-01,-8.333917260169982910e-01,5.172638297080993652e-01,-5.225294828414916992e-01,5.563095808029174805e-01,-5.920688509941101074e-01,-6.237925887107849121e-01,-2.404526807367801666e-02,1.886718571186065674e-01,-2.220988720655441284e-01,-6.308513879776000977e-02,2.039166688919067383e+00,4.453795254230499268e-01,3.849416077136993408e-01,-3.797433525323867798e-02,3.557347059249877930e-01,0.000000000000000000e+00,-5.312392711639404297e-01,-3.619359731674194336e-01,7.451713681221008301e-01,1.605822592973709106e-01,4.144605398178100586e-01,2.504346072673797607e-01,-5.073551535606384277e-01,7.192577719688415527e-01,1.811349987983703613e-01,-2.524323463439941406e-01,3.597902879118919373e-02,-5.346702877432107925e-03,4.716325104236602783e-01,1.239944219589233398e+00,4.270130097866058350e-01,-3.330572545528411865e-01,-1.623036146163940430e+00,-5.893571376800537109e-01,2.148725986480712891e-01,-1.639555692672729492e+00,-1.076786637306213379e+00,9.193360060453414917e-02,-1.283221840858459473e+00,1.523988485336303711e+00,-6.256560087203979492e-01,8.130221068859100342e-02,-8.242731541395187378e-02,-7.508828639984130859e-01,-8.365716934204101562e-01,6.221103072166442871e-01,-3.773178160190582275e-01,9.072459340095520020e-01,-6.008504629135131836e-01,-6.566414237022399902e-01,3.194182515144348145e-01,1.448356360197067261e-01,7.581081390380859375e-01,-3.867811262607574463e-01,5.955164432525634766e-01,-1.933173239231109619e-01,-5.974140763282775879e-01,0.000000000000000000e+00
-2.096572518348693848e-01,-1.150737047195434570e+00,-1.007112383842468262e+00,3.425557017326354980e-01,-1.145299911499023438e+00,1.264366507530212402e+00,7.292894721031188965e-01,6.587402224540710449e-01,1.210902452468872070e+00,1.371326923370361328e+00,1.590928584337234497e-01,-3.034235537052154541e-01,1.967483043670654297e+00,7.769053429365158081e-02,1.217294692993164062e+00,2.346857309341430664e+00,-5.312392711639404297e-01,0.000000000000000000e+00,3.194089651107788086e+00,7.738000750541687012e-01,2.163126766681671143e-01,1.946966052055358887e+00,-7.097715139389038086e-01,1.405650496482849121e+00,8.186618089675903320e-01,1.304636478424072266e+00,-4.948192834854125977e-01,-1.760952115058898926e+00,-1.765613913536071777e+00,1.408455073833465576e-01,-8.749665319919586182e-02,3.810515701770782471e-01,-1.553701877593994141e+00,-5.474771857261657715e-01,4.079838395118713379e-01,-2.727150619029998779e-01,1.280815899372100830e-01,-1.053382992744445801e+00,-1.365505099296569824e+00,-2.949691414833068848e-01,-1.128284215927124023e+00,-3.877309262752532959e-01,-8.835898637771606445e-01,-2.548290491104125977e-01,-1.208695173263549805e+00,2.036187887191772461e+00,-1.539580345153808594e+00,1.185224175453186035e+00,-9.538041353225708008e-01,4.393779635429382324e-01,-9.872950911521911621e-01,-1.867555618286132812e+00,4.210095107555389404e-01,-5.070011019706726074e-01,1.442335247993469238e-01,-6.932694464921951294e-02,-6.258381605148315430e-01,-3.233692884445190430e+00,0.000000000000000000e+00
-5.095892548561096191e-01,-7.642332348041236401e-04,1.246735453605651855e-01,-9.083407521247863770e-01,-6.220048069953918457e-01,4.074266552925109863e-02,5.683204531669616699e-01,-7.374289631843566895e-02,-4.161628484725952148e-01,-1.608466386795043945e+00,7.456895112991333008e-01,-1.899937540292739868e-01,5.358501076698303223e-01,-2.663667798042297363e-01,1.538211107254028320e+00,6.452921628952026367e-01,-3.619359731674194336e-01,3.194089651107788086e+00,0.000000000000000000e+00,-3.230875432491302490e-01,6.843818426132202148e-01,1.417605280876159668e+00,-3.134762644767761230e-01,-1.770896434783935547e+00,1.533796548843383789e+00,-5.356869697570800781e-01,5.103027224540710449e-01,-6.749317646026611328e-01,6.752896904945373535e-01,7.690891623497009277e-01,-4.255216419696807861e-01,-2.283416688442230225e-01,4.860303699970245361e-01,-9.394404292106628418e-01,6.440688967704772949e-01,8.067021369934082031e-01,7.112716436386108398e-01,3.909358382225036621e-01,1.515595674514770508e+00,1.116274237632751465e+00,-1.875028014183044434e-01,3.778398334980010986e-01,7.723429203033447266e-01,7.192416191101074219e-01,-7.882780432701110840e-01,1.526724100112915039e+00,-1.152865171432495117e+00,-7.590994834899902344e-01,2.518058121204376221e-01,-1.662287950515747070e+00,-2.880495190620422363e-01,-1.545472979545593262e+00,3.814671561121940613e-02,1.167411431670188904e-01,-1.131359696388244629e+00,3.484986722469329834e-01,-8.350310325622558594e-01,-2.051905170083045959e-02,0.000000000000000000e+00
-4.101153910160064697e-01,-3.669999539852142334e-01,-8.890244960784912109e-01,-8.687691092491149902e-01,-2.238729745149612427e-01,-2.888537943363189697e-01,-2.021165043115615845e-01,-7.868838310241699219e-01,8.763216137886047363e-01,5.624121800065040588e-02,-4.955898821353912354e-01,1.783334612846374512e-01,-2.779137790203094482e-01,-2.265622019767761230e-01,-2.672013342380523682e-01,-2.659912705421447754e-01,7.451713681221008301e-01,7.738000750541687012e-01,-3.230875432491302490e-01,0.000000000000000000e+00,1.617597579956054688e+00,3.324471235275268555e+00,1.265746075659990311e-03,5.763754248619079590e-01,5.870219469070434570e-01,-1.324032843112945557e-01,9.005016684532165527e-01,2.893118560314178467e-01,1.453747451305389404e-01,-5.745788812637329102e-01,1.406272202730178833e-01,4.306271299719810486e-02,3.193078935146331787e-01,-4.676916897296905518e-01,4.793827533721923828e-01,-2.616734504699707031e-01,-7.988757491111755371e-01,-5.745032057166099548e-02,-1.346324563026428223e+00,-7.654579877853393555e-01,1.247277483344078064e-01,-9.488212317228317261e-02,-8.177012801170349121e-01,8.187697082757949829e-02,-3.612996935844421387e-01,-1.566515564918518066e+00,4.591044485569000244e-01,-8.907179832458496094e-01,-1.352805197238922119e-01,-4.572214782238006592e-01,-1.559353172779083252e-01,-1.435763835906982422e+00,-1.378783702850341797e+00,-7.261680811643600464e-02,-3.972943425178527832e-01,4.735423624515533447e-01,7.585891485214233398e-01,2.665572464466094971e-01,0.000000000000000000e+00
1.347164958715438843e-01,-5.085535049438476562e-01,-7.769136428833007812e-01,-8.407122492790222168e-01,-1.523256003856658936e-01,-1.022625684738159180e+00,2.952845990657806396e-01,-1.299793720245361328e+00,-6.714226007461547852e-01,1.610079765319824219e+00,-4.392172992229461670e-01,4.493276476860046387e-01,-4.853227734565734863e-01,-5.630504488945007324e-01,-4.638422131538391113e-01,-4.166521430015563965e-01,1.605822592973709106e-01,2.163126766681671143e-01,6.843818426132202148e-01,1.617597579956054688e+00,0.000000000000000000e+00,-4.695077836513519287e-01,1.234590768814086914e+00,6.999853849411010742e-01,1.233410000801086426e+00,-8.988940715789794922e-01,2.528342306613922119e-01,8.807434439659118652e-01,7.225739955902099609e-02,1.473602890968322754e+00,1.186545610427856445e+00,-8.120200634002685547e-01,6.007966995239257812e-01,2.320168256759643555e+00,2.009786963462829590e-01,9.305538535118103027e-01,1.049717545509338379e+00,5.736808180809020996e-01,-1.387588262557983398e+00,-5.939865112304687500e-01,3.524389863014221191e-01,5.565097928047180176e-01,-3.811546266078948975e-01,-2.137768745422363281e+00,8.784428834915161133e-01,2.457090467214584351e-01,3.461214900016784668e-01,-3.660911619663238525e-01,-5.642185211181640625e-01,-3.211591243743896484e-01,-1.121080875396728516e+00,-1.226921081542968750e+00,-2.077592372894287109e+00,-6.175532341003417969e-01,8.520497679710388184e-01,1.190895140171051025e-01,-3.898849487304687500e-01,-1.405038237571716309e+00,0.000000000000000000e+00
-1.454267978668212891e+00,-1.006291031837463379e+00,-1.666090965270996094e+00,-1.024884104728698730e+00,-8.307557106018066406e-01,1.114500641822814941e+00,-5.889698863029479980e-01,1.898047775030136108e-01,1.161952495574951172e+00,-4.155275225639343262e-01,-6.478564143180847168e-01,-1.043816089630126953e+00,1.679847240447998047e+00,5.929888486862182617e-01,6.717878580093383789e-01,8.299499750137329102e-01,4.144605398178100586e-01,1.946966052055358887e+00,1.417605280876159668e+00,3.324471235275268555e+00,-4.695077836513519287e-01,0.000000000000000000e+00,2.086506605148315430e+00,-9.453062415122985840e-01,-2.539905905723571777e-01,-1.416050910949707031e+00,-1.948978662490844727e+00,4.690971076488494873e-01,-7.587688416242599487e-02,1.305072546005249023e+00,1.013768836855888367e-03,1.081008195877075195e+00,-1.057844877243041992e+00,4.250650703907012939e-01,-2.140501499176025391e+00,-1.054525136947631836e+00,-1.421822547912597656e+00,-1.900657892227172852e+00,4.699726700782775879e-01,-5.635963678359985352e-01,8.166064023971557617e-01,-6.482724547386169434e-01,-6.402731537818908691e-01,1.197453379631042480e+00,-4.595127105712890625e-01,1.148271918296813965e+00,-4.750845134258270264e-01,-6.534878015518188477e-01,-4.387958645820617676e-01,2.036293447017669678e-01,-7.075296044349670410e-01,1.544356703758239746e+00,9.124002456665039062e-01,2.160611897706985474e-01,-2.202045440673828125e+00,-1.101962327957153320e+00,-3.778623044490814209e-01,-1.457445025444030762e+00,0.000000000000000000e+00
1.019392848014831543e+00,-1.520260691642761230e+00,-1.730187416076660156e+00,-1.588456153869628906e+00,1.022524535655975342e-01,1.387568235397338867e+00,1.866877777501940727e-03,5.364507436752319336e-01,1.186384439468383789e+00,2.264362126588821411e-01,2.990325093269348145e-01,7.453700900077819824e-01,1.113427758216857910e+00,-2.185360342264175415e-01,7.696170806884765625e-01,6.031631678342819214e-02,2.504346072673797607e-01,-7.097715139389038086e-01,-3.134762644767761230e-01,1.265746075659990311e-03,1.234590768814086914e+00,2.086506605148315430e+00,0.000000000000000000e+00,1.348532319068908691e+00,7.661836147308349609e-01,3.593937456607818604e-01,-1.684272438287734985e-01,2.301236152648925781e+00,1.085613131523132324e+00,1.291703581809997559e+00,4.854761064052581787e-01,1.619105041027069092e-01,-8.769393563270568848e-01,-2.474338054656982422e+00,5.708016753196716309e-01,-4.714078903198242188e-01,2.414791435003280640e-01,3.806057274341583252e-01,1.870696544647216797e-01,8.013125061988830566e-01,6.593184471130371094e-01,5.044774413108825684e-01,-2.993306636810302734e+00,2.132210731506347656e-01,1.784916818141937256e-01,1.211873739957809448e-01,-7.593489885330200195e-01,-6.043165922164916992e-01,-1.953800171613693237e-01,-1.496300339698791504e+00,-9.360319375991821289e-02,-5.848752856254577637e-01,-2.225701212882995605e-01,-6.189976930618286133e-01,-1.852831482887268066e+00,-1.403352022171020508e-01,-2.532595694065093994e-01,-1.058916211128234863e+00,0.000000000000000000e+00
3.783076629042625427e-02,-4.207037985324859619e-01,-1.330495953559875488e+00,7.356611639261245728e-02,-1.061942815780639648e+00,-9.995790123939514160e-01,-1.985531747341156006e-01,-3.428394198417663574e-01,-1.262498646974563599e-01,-5.060469508171081543e-01,2.282610833644866943e-01,1.108909726142883301e+00,-8.720980286598205566e-01,-1.323785305023193359e+00,-1.134342432022094727e+00,7.163917273283004761e-02,-5.073551535606384277e-01,1.405650496482849121e+00,-1.770896434783935547e+00,5.763754248619079590e-01,6.999853849411010742e-01,-9.453062415122985840e-01,1.348532319068908691e+00,0.000000000000000000e+00,8.252019882202148438e-01,4.808023273944854736e-01,3.049043655395507812e+00,-1.066753387451171875e+00,1.615974903106689453e-01,1.166392803192138672e+00,7.767764329910278320e-01,2.384623527526855469e+00,1.334185153245925903e-01,1.077789068222045898e+00,6.370580196380615234e-02,6.214783787727355957e-01,1.532700359821319580e-01,-8.057655394077301025e-02,-1.883517026901245117e+00,-1.126387044787406921e-01,6.770583987236022949e-01,-2.569112777709960938e-01,6.763479113578796387e-01,8.568773865699768066e-01,-9.981853365898132324e-01,-2.285489797592163086e+00,-2.911704182624816895e-01,-1.664217233657836914e+00,9.477552175521850586e-01,-9.036953449249267578e-01,-3.560565114021301270e-01,-6.168436408042907715e-01,1.390709131956100464e-01,-5.790582895278930664e-01,-5.313984677195549011e-02,3.592389523983001709e-01,5.978701710700988770e-01,-4.552569091320037842e-01,0.000000000000000000e+00
-1.491651892662048340e+00,-6.272850632667541504e-01,-8.488946408033370972e-02,-4.866827726364135742e-01,-1.786938458681106567e-01,1.388764619827270508e+00,4.325608909130096436e-01,1.279513955116271973e+00,-2.303735911846160889e-01,-2.038918972015380859e+00,-3.124957159161567688e-02,1.643516495823860168e-02,4.545161128044128418e-02,-8.299582600593566895e-01,8.789536952972412109e-01,-1.479008644819259644e-01,7.192577719688415527e-01,8.186618089675903320e-01,1.533796548843383789e+00,5.870219469070434570e-01,1.233410000801086426e+00,-2.539905905723571777e-01,7.661836147308349609e-01,8.252019882202148438e-01,0.000000000000000000e+00,2.651237964630126953e+00,6.106223464012145996e-01,1.109385848045349121e+00,-1.072397455573081970e-01,1.145208120346069336e+00,-1.631386429071426392e-01,-6.898545622825622559e-01,-7.229871153831481934e-01,1.787417083978652954e-01,-9.397197365760803223e-01,5.320362448692321777e-01,-2.568639218807220459e-01,-1.414482474327087402e+00,2.065431885421276093e-02,-1.168881356716156006e-01,1.541529297828674316e-01,1.209803700447082520e+00,2.253589630126953125e-01,1.573755025863647461e+00,-1.932826489210128784e-01,2.212760411202907562e-02,-3.519208729267120361e-01,-1.198131203651428223e+00,6.275028586387634277e-01,-7.038563489913940430e-02,-8.368671536445617676e-01,-1.524524688720703125e+00,8.646510839462280273e-01,2.165475636720657349e-01,-1.674232333898544312e-01,-5.328019261360168457e-01,-5.313691869378089905e-02,-7.943108081817626953e-01,0.000000000000000000e+00
4.305514395236968994e-01,-4.488036632537841797e-01,-9.253570437431335449e-02,9.451201558113098145e-01,1.837026327848434448e-01,-3.043386638164520264e-01,-4.555440545082092285e-01,1.085694655776023865e-01,-1.448849439620971680e-01,-1.017458200454711914e+00,-3.822587132453918457e-01,-3.506214320659637451e-01,6.083204150199890137e-01,6.501647084951400757e-02,-9.578484296798706055e-01,-5.496180057525634766e-01,1.811349987983703613e-01,1.304636478424072266e+00,-5.356869697570800781e-01,-1.324032843112945557e-01,-8.988940715789794922e-01,-1.416050910949707031e+00,3.593937456607818604e-01,4.808023273944854736e-01,2.651237964630126953e+00,0.000000000000000000e+00,1.945086479187011719e+00,2.370646595954895020e-01,7.912206649780273438e-01,2.611284889280796051e-02,-1.301751494407653809e+00,1.025801181793212891e+00,1.987939178943634033e-01,3.624521493911743164e-01,-1.381909966468811035e+00,5.600379109382629395e-01,1.277423977851867676e+00,-1.541268467903137207e+00,1.022237420082092285e+00,8.213490843772888184e-01,7.684270143508911133e-01,2.534309625625610352e-01,1.500745534896850586e+00,6.930286884307861328e-01,7.109088301658630371e-01,-1.672230213880538940e-01,9.545151144266128540e-02,-7.269293665885925293e-01,1.018334269523620605e+00,2.849188446998596191e-01,-1.365242362022399902e+00,-1.904923468828201294e-01,2.516505420207977295e-01,1.657931953668594360e-01,-6.676952242851257324e-01,5.329899191856384277e-01,5.067193508148193359e-01,-8.107122778892517090e-01,0.000000000000000000e+00
