0.000000000000000000e+00,1.984997868537902832e+00,1.341876983642578125e+00,-1.043126940727233887e+00,-1.401675045490264893e-01,3.369106650352478027e-01,-6.862420439720153809e-01,3.991506397724151611e-01,-5.534981489181518555e-01,-1.495012283325195312e+00,-3.606694638729095459e-01,-2.520823180675506592e-01,2.951365709304809570e-01,1.690769642591476440e-01,-3.442542254924774170e-01,-1.927556693553924561e-01,-3.435352444648742676e-01,3.781369924545288086e-01,-1.290554285049438477e+00,-3.592234849929809570e-01,-6.804104149341583252e-02,-8.343455195426940918e-01,1.236542463302612305e+00,7.889620959758758545e-02,-3.712944388389587402e-01,-1.530828922986984253e-01,-8.329532742500305176e-01,1.053473129868507385e-01,4.756934940814971924e-01,-2.739613056182861328e-01,6.256678700447082520e-01,9.003145694732666016e-01,-2.132283747196197510e-01,1.652238368988037109e+00,7.652401924133300781e-01,-9.811632037162780762e-01,-1.050358653068542480e+00,6.781589984893798828e-01,1.996877193450927734e-01,7.106819748878479004e-01,-3.025895953178405762e-01,-1.286824226379394531e+00,7.312761545181274414e-01,5.146421194076538086e-01,-1.500580310821533203e+00,-3.631531894207000732e-01,9.757576882839202881e-02,1.550378799438476562e-01,5.566426366567611694e-02,1.389117985963821411e-01,-1.250701546669006348e+00,5.199801921844482422e-01,-1.126183271408081055e+00,-2.579146325588226318e-01,-8.874769508838653564e-02,1.911013364791870117e+00,-2.892147600650787354e-01,-7.308239936828613281e-01,0.000000000000000000e+00
1.984997868537902832e+00,0.000000000000000000e+00,4.496997296810150146e-01,2.559739649295806885e-01,1.950937509536743164e+00,-1.164382576942443848e+00,5.909721255302429199e-01,-6.781232953071594238e-01,-1.197124958038330078e+00,1.182711005210876465e+00,-1.224921047687530518e-01,7.337701972573995590e-03,6.025242209434509277e-01,8.785718083381652832e-01,-2.835672140121459961e+00,-2.609773278236389160e-01,-9.272747039794921875e-01,-8.481055498123168945e-01,7.631228566169738770e-01,-9.106934070587158203e-01,-2.146203219890594482e-01,-6.547107100486755371e-01,-4.286195933818817139e-01,-6.359299421310424805e-01,3.895648121833801270e-01,-6.701417565345764160e-01,5.855105072259902954e-02,-2.349262535572052002e-01,-5.269730687141418457e-01,-4.357797205448150635e-01,3.296695053577423096e-01,-4.022140502929687500e-01,2.117249488830566406e+00,6.505228877067565918e-01,-1.092901602387428284e-01,-4.621234834194183350e-01,-1.303752213716506958e-01,5.250030755996704102e-01,2.898940742015838623e-01,9.073673486709594727e-01,-9.798978567123413086e-01,-1.062893986701965332e+00,-5.718300938606262207e-01,1.258470267057418823e-01,4.209110140800476074e-01,-6.820017695426940918e-01,-2.540943920612335205e-01,-1.228995680809020996e+00,-1.531611084938049316e-01,4.874940812587738037e-01,3.471135497093200684e-01,-7.375565767288208008e-01,-3.595480918884277344e-01,2.300513684749603271e-01,9.041160345077514648e-01,1.594680190086364746e+00,9.080438315868377686e-02,1.868631005287170410e+00,0.000000000000000000e+00
1.341876983642578125e+00,4.496997296810150146e-01,0.000000000000000000e+00,1.922920465469360352e+00,8.849486112594604492e-01,1.555496901273727417e-01,9.725772738456726074e-01,7.925248742103576660e-01,-4.255265891551971436e-01,-4.888797104358673096e-01,1.437567114830017090e+00,-1.437967658042907715e+00,1.332631826400756836e+00,1.057416915893554688e+00,-9.049679636955261230e-01,-2.027685195207595825e-01,2.674457132816314697e-01,8.440445065498352051e-01,2.978831231594085693e-01,-1.291038870811462402e+00,-1.359395086765289307e-01,-9.252170324325561523e-01,-7.195547223091125488e-01,-1.496930837631225586e+00,9.478190541267395020e-01,-1.053651332855224609e+00,-2.061655759811401367e+00,4.296916425228118896e-01,-8.647044748067855835e-02,-7.074189186096191406e-01,1.003214359283447266e+00,3.064333200454711914e-01,6.436176300048828125e-01,-3.466548025608062744e-01,9.729005098342895508e-01,-5.384422540664672852e-01,-2.493029832839965820e+00,-6.771827936172485352e-01,1.000212430953979492e+00,-8.054534196853637695e-01,1.642343521118164062e+00,8.452433943748474121e-01,1.812562465667724609e+00,-8.483418226242065430e-01,-1.010871231555938721e-01,-3.418179452419281006e-01,1.160265430808067322e-01,2.522356994450092316e-02,3.982690870761871338e-01,3.439239859580993652e-01,-9.912098646163940430e-01,-1.498427271842956543e+00,-5.223473906517028809e-01,-6.947941184043884277e-01,5.922603011131286621e-01,-1.582099080085754395e+00,-2.544361352920532227e-01,-3.046864569187164307e-01,0.000000000000000000e+00
-1.043126940727233887e+00,2.559739649295806885e-01,1.922920465469360352e+00,0.000000000000000000e+00,1.796789646148681641e+00,2.369430541992187500e+00,7.308420538902282715e-01,9.275612235069274902e-01,-1.365488022565841675e-01,-2.480953186750411987e-01,1.294286608695983887e+00,-1.278946757316589355e+00,2.453557960689067841e-02,-1.581066966056823730e+00,2.921473681926727295e-01,1.687837243080139160e+00,8.073956966400146484e-01,1.072725534439086914e+00,-1.505620121955871582e+00,-8.958714008331298828e-01,-5.113388895988464355e-01,-1.390179634094238281e+00,-1.761801481246948242e+00,2.133502811193466187e-01,-1.538812756538391113e+00,5.740843415260314941e-01,-3.261755108833312988e-01,-1.250318646430969238e+00,-2.091067731380462646e-01,-4.317974150180816650e-01,-6.537134051322937012e-01,9.919016063213348389e-02,8.069771528244018555e-01,9.450370073318481445e-01,1.459965705871582031e+00,6.453391164541244507e-02,-5.395086407661437988e-01,1.082662343978881836e+00,1.096568226814270020e+00,9.762504696846008301e-01,-1.289823651313781738e+00,9.944891333580017090e-01,-1.635781049728393555e+00,-1.222773194313049316e+00,-1.638796210289001465e+00,7.750181555747985840e-01,-5.299735665321350098e-01,8.975579142570495605e-01,2.633295059204101562e-01,2.880588769912719727e-01,-2.021262645721435547e+00,-9.930452704429626465e-01,-7.694021463394165039e-01,3.273509144783020020e-01,6.931127309799194336e-01,-6.178143620491027832e-01,-1.127653419971466064e-01,-3.009620606899261475e-01,0.000000000000000000e+00
-1.401675045490264893e-01,1.950937509536743164e+00,8.849486112594604492e-01,1.796789646148681641e+00,0.000000000000000000e+00,7.208019495010375977e-01,3.034444093704223633e+00,2.622826099395751953e+00,-5.902195572853088379e-01,9.887404441833496094e-01,3.312383219599723816e-02,-1.168937087059020996e+00,-8.496198803186416626e-02,-3.537773489952087402e-01,-2.920111119747161865e-01,6.645976752042770386e-02,-2.085089832544326782e-01,-1.158259987831115723e+00,-8.275755047798156738e-01,-6.847868561744689941e-01,-1.123788833618164062e+00,6.156921386718750000e-01,-5.733953714370727539e-01,-1.180398464202880859e+00,-1.175289154052734375e+00,-1.028792619705200195e+00,8.099954724311828613e-01,-5.710784792900085449e-01,-1.362062692642211914e+00,1.108768820762634277e+00,2.692684531211853027e-01,6.189469695091247559e-01,-7.464530467987060547e-01,-2.345403283834457397e-01,1.024527698755264282e-01,1.346606254577636719e+00,-1.040633320808410645e+00,-1.016667366027832031e+00,-9.301252961158752441e-01,1.092410683631896973e-01,-3.632400929927825928e-01,7.186052799224853516e-01,5.726312994956970215e-01,5.741277709603309631e-02,7.868781685829162598e-01,3.868248313665390015e-02,-1.674956828355789185e-01,7.460778951644897461e-01,-1.183754801750183105e+00,4.968034625053405762e-01,2.986678779125213623e-01,1.080190777778625488e+00,-1.731748819351196289e+00,-7.996397018432617188e-01,6.302775740623474121e-01,-2.647521495819091797e+00,-3.604542911052703857e-01,-1.085753887891769409e-01,0.000000000000000000e+00
3.369106650352478027e-01,-1.164382576942443848e+00,1.555496901273727417e-01,2.369430541992187500e+00,7.208019495010375977e-01,0.000000000000000000e+00,2.119822263717651367e+00,1.636330246925354004e+00,1.095551609992980957e+00,-5.518929362297058105e-01,-3.970526158809661865e-01,-2.212343364953994751e-01,7.458754181861877441e-01,-3.418343961238861084e-01,2.203579664230346680e+00,9.525224566459655762e-02,2.031805217266082764e-01,3.669931292533874512e-01,-6.958762407302856445e-01,-2.263513952493667603e-01,2.642004787921905518e-01,6.449797153472900391e-01,1.234497427940368652e+00,-1.580333232879638672e+00,1.672911524772644043e+00,-1.119920909404754639e-01,-7.894135713577270508e-01,7.189218997955322266e-01,-1.078379511833190918e+00,-6.452303528785705566e-01,-2.124406337738037109e+00,7.840928435325622559e-02,-1.900450468063354492e+00,-3.495563864707946777e-01,1.353970527648925781e+00,2.962821125984191895e-01,-6.982331275939941406e-01,3.209612071514129639e-01,-4.415540099143981934e-01,-4.772230982780456543e-01,-4.008108377456665039e-01,1.309997916221618652e+00,-1.012434720993041992e+00,-5.427398085594177246e-01,-1.632988095283508301e+00,8.445330858230590820e-01,-4.077973663806915283e-01,7.663807868957519531e-01,-9.044171310961246490e-03,-9.038463979959487915e-02,-2.295540332794189453e+00,-3.315464854240417480e-01,-6.622053384780883789e-01,4.978313148021697998e-01,-9.454153776168823242e-01,-2.647982597351074219e+00,-3.766682147979736328e-01,-8.428858518600463867e-01,0.000000000000000000e+00
-6.862420439720153809e-01,5.909721255302429199e-01,9.725772738456726074e-01,7.308420538902282715e-01,3.034444093704223633e+00,2.119822263717651367e+00,0.000000000000000000e+00,2.507343769073486328e+00,-8.002433180809020996e-01,9.576308131217956543e-01,1.141322135925292969e+00,-4.641531705856323242e-01,2.232853770256042480e-01,-7.587701678276062012e-01,1.114455051720142365e-02,1.885758191347122192e-01,-4.584234952926635742e-01,-1.174251198768615723e+00,-3.577615320682525635e-01,-5.438529253005981445e-01,5.839163064956665039e-01,-1.030521869659423828e+00,1.098235011100769043e+00,-3.631097078323364258e-01,-1.310929775238037109e+00,7.806723713874816895e-01,-1.750020384788513184e-01,-6.951593160629272461e-01,-2.234150469303131104e-01,4.700230360031127930e-01,2.285708636045455933e-01,-1.624190449714660645e+00,-3.771960139274597168e-01,-8.168248534202575684e-01,5.003380775451660156e-01,4.514766633510589600e-01,-5.832536816596984863e-01,1.000235438346862793e+00,-3.327355086803436279e-01,3.559683859348297119e-01,5.004167556762695312e-01,-1.327690839767456055e+00,5.417318642139434814e-02,3.633314669132232666e-01,7.973584532737731934e-01,-4.435411468148231506e-02,2.116386443376541138e-01,1.071049869060516357e-01,9.334034323692321777e-01,3.261618912220001221e-01,-3.021270930767059326e-01,-8.190433979034423828e-01,-1.012724280357360840e+00,2.480676025152206421e-01,5.218992233276367188e-01,-3.069400787353515625e+00,4.248935580253601074e-01,-4.965260624885559082e-01,0.000000000000000000e+00
3.991506397724151611e-01,-6.781232953071594238e-01,7.925248742103576660e-01,9.275612235069274902e-01,2.622826099395751953e+00,1.636330246925354004e+00,2.507343769073486328e+00,0.000000000000000000e+00,4.847815930843353271e-01,-1.005241870880126953e+00,1.468774914741516113e+00,2.081775516271591187e-01,6.231674551963806152e-01,-7.924344539642333984e-01,8.853103518486022949e-01,-1.661862850189208984e+00,-6.216681599617004395e-01,1.381771087646484375e+00,-1.006407856941223145e+00,-4.004697799682617188e-01,5.528388619422912598e-01,5.435008406639099121e-01,1.150114059448242188e+00,-6.978067755699157715e-01,1.222191095352172852e+00,-1.184455990791320801e+00,-6.485336273908615112e-02,-3.116683065891265869e-01,-6.220954060554504395e-01,1.246415257453918457e+00,7.899138331413269043e-01,7.788562178611755371e-01,-4.361005723476409912e-01,-1.570983231067657471e-01,-1.823831081390380859e+00,-7.963103652000427246e-01,-1.645738124847412109e+00,4.144790470600128174e-01,1.264038085937500000e+00,4.904139935970306396e-01,-1.465701341629028320e+00,7.812088727951049805e-01,-1.358767867088317871e+00,5.345125794410705566e-01,7.999643087387084961e-01,-8.329439163208007812e-01,-6.051533222198486328e-01,6.079795360565185547e-01,8.291783928871154785e-01,-7.289707064628601074e-01,-4.717870652675628662e-01,-1.339932322502136230e+00,-1.182763099670410156e+00,-2.762672118842601776e-02,-1.879954695701599121e+00,-7.314811944961547852e-01,-2.589655220508575439e-01,-1.401830077171325684e+00,0.000000000000000000e+00
-5.534981489181518555e-01,-1.197124958038330078e+00,-4.255265891551971436e-01,-1.365488022565841675e-01,-5.902195572853088379e-01,1.095551609992980957e+00,-8.002433180809020996e-01,4.847815930843353271e-01,0.000000000000000000e+00,1.101588249206542969e+00,-2.354303300380706787e-01,1.791270732879638672e+00,-1.859250664710998535e+00,1.122449278831481934e+00,1.087643861770629883e+00,4.299004375934600830e-01,-3.240789100527763367e-02,8.748977184295654297e-01,2.315558344125747681e-01,1.333668589591979980e+00,2.882204949855804443e-01,-7.638125214725732803e-03,-6.924076080322265625e-01,1.100028157234191895e-01,4.006844758987426758e-01,-3.133350610733032227e-01,-3.963174223899841309e-01,3.016885519027709961e-01,3.973022997379302979e-01,1.022050142288208008e+00,-1.360646605491638184e+00,-7.771419882774353027e-01,-1.004362940788269043e+00,-5.103189945220947266e-01,-2.031376361846923828e+00,-1.690045237541198730e+00,-2.862666845321655273e-01,-5.669373273849487305e-01,-7.789111733436584473e-01,-1.460573524236679077e-01,-7.386366128921508789e-01,-1.477028012275695801e+00,-2.086379379034042358e-01,-1.560861766338348389e-01,-4.291737079620361328e-01,1.365544915199279785e+00,-2.084500156342983246e-02,7.770578861236572266e-01,-1.242951154708862305e+00,-1.203547954559326172e+00,-4.274759292602539062e-01,2.443103045225143433e-01,1.134853720664978027e+00,2.301208861172199249e-02,3.276496827602386475e-01,3.135683238506317139e-01,1.237597584724426270e+00,4.969547092914581299e-01,0.000000000000000000e+00
-1.495012283325195312e+00,1.182711005210876465e+00,-4.888797104358673096e-01,-2.480953186750411987e-01,9.887404441833496094e-01,-5.518929362297058105e-01,9.576308131217956543e-01,-1.005241870880126953e+00,1.101588249206542969e+00,0.000000000000000000e+00,2.858809471130371094e+00,7.929049134254455566e-01,1.236947298049926758e+00,-8.655542731285095215e-01,1.930462718009948730e+00,-1.343611955642700195e+00,3.847068250179290771e-01,7.579440474510192871e-01,-3.248741388320922852e+00,4.681333601474761963e-01,1.628487348556518555e+00,-4.006121158599853516e-01,6.119402498006820679e-02,-2.800611555576324463e-01,3.947281539440155029e-01,-1.746506452560424805e+00,-8.377847075462341309e-01,-3.210723027586936951e-02,1.075097918510437012e+00,-6.430534124374389648e-01,4.929538667201995850e-01,1.280000209808349609e-01,7.580173015594482422e-01,-2.290822118520736694e-01,-7.603504657745361328e-01,6.710077822208404541e-02,8.432097434997558594e-01,-5.353943109512329102e-01,-1.603008061647415161e-01,8.451222181320190430e-01,-7.453208565711975098e-01,3.101368248462677002e-01,-2.327389001846313477e+00,-4.296477138996124268e-01,-2.998057007789611816e-01,3.173946440219879150e-01,-2.960641145706176758e+00,-5.791851878166198730e-01,-4.190220236778259277e-01,-1.928080797195434570e+00,1.757458925247192383e+00,-1.925705909729003906e+00,-9.798917174339294434e-02,4.818515852093696594e-02,-1.613336205482482910e+00,-7.585594654083251953e-01,1.019991517066955566e+00,-3.810883760452270508e-01,0.000000000000000000e+00
-3.606694638729095459e-01,-1.224921047687530518e-01,1.437567114830017090e+00,1.294286608695983887e+00,3.312383219599723816e-02,-3.970526158809661865e-01,1.141322135925292969e+00,1.468774914741516113e+00,-2.354303300380706787e-01,2.858809471130371094e+00,0.000000000000000000e+00,1.110492423176765442e-01,1.791233062744140625e+00,1.021648406982421875e+00,-2.895255386829376221e-01,-1.310258269309997559e+00,-4.484759569168090820e-01,9.032445549964904785e-01,6.400738358497619629e-01,-5.046342015266418457e-01,-5.848760604858398438e-01,4.411518871784210205e-01,-4.594384729862213135e-01,1.521946787834167480e+00,-7.874045372009277344e-01,-3.617497086524963379e-01,-1.514254689216613770e+00,-5.847050547599792480e-01,-9.897939562797546387e-01,-6.613602042198181152e-01,-3.534094989299774170e-02,-5.525083541870117188e-01,4.812389910221099854e-01,2.213193655014038086e+00,-9.704945087432861328e-01,1.454205662012100220e-01,-2.767033874988555908e-01,1.652806848287582397e-01,-2.270539402961730957e-01,9.829692244529724121e-01,-9.108216166496276855e-01,-5.968545079231262207e-01,-3.070780932903289795e-01,-2.205627858638763428e-01,-9.052953720092773438e-01,4.413273334503173828e-01,-1.214999794960021973e+00,-1.195460319519042969e+00,-5.170936584472656250e-01,1.526792526245117188e+00,2.293863892555236816e-01,-2.588854171335697174e-02,4.207510352134704590e-01,1.100943684577941895e+00,1.009332299232482910e+00,1.001980677247047424e-01,-4.630414247512817383e-01,4.786568582057952881e-01,0.000000000000000000e+00
-2.520823180675506592e-01,7.337701972573995590e-03,-1.437967658042907715e+00,-1.278946757316589355e+00,-1.168937087059020996e+00,-2.212343364953994751e-01,-4.641531705856323242e-01,2.081775516271591187e-01,1.791270732879638672e+00,7.929049134254455566e-01,1.110492423176765442e-01,0.000000000000000000e+00,-4.938534796237945557e-01,1.173594951629638672e+00,2.287639379501342773e+00,-6.946475505828857422e-01,2.199890851974487305e+00,-2.254076004028320312e-01,-4.411523416638374329e-02,4.614091813564300537e-01,3.509978950023651123e-01,-5.297011137008666992e-01,3.307910859584808350e-01,7.459717392921447754e-01,-3.331319987773895264e-01,-1.601342558860778809e-01,-3.604542911052703857e-01,-4.385159611701965332e-01,8.484820723533630371e-01,-2.454586774110794067e-01,-5.102499127388000488e-01,1.609136313199996948e-01,-1.853940039873123169e-01,-7.327620387077331543e-01,-4.490688145160675049e-01,-6.498619318008422852e-01,-1.258496046066284180e+00,-2.227552384138107300e-01,-9.698128700256347656e-01,-5.827146172523498535e-01,-5.711423605680465698e-02,6.049663946032524109e-02,-5.178718566894531250e-01,2.785902656614780426e-02,3.479572534561157227e-01,1.874701976776123047e-01,3.307995498180389404e-01,-1.177699208259582520e+00,-6.104557514190673828e-01,-1.621139049530029297e-01,6.774719804525375366e-02,7.986254245042800903e-02,-5.851304531097412109e-01,-1.918997317552566528e-01,-4.061585664749145508e-02,-5.666273236274719238e-01,4.551090002059936523e-01,7.036888599395751953e-01,0.000000000000000000e+00
2.951365709304809570e-01,6.025242209434509277e-01,1.332631826400756836e+00,2.453557960689067841e-02,-8.496198803186416626e-02,7.458754181861877441e-01,2.232853770256042480e-01,6.231674551963806152e-01,-1.859250664710998535e+00,1.236947298049926758e+00,1.791233062744140625e+00,-4.938534796237945557e-01,0.000000000000000000e+00,2.265436649322509766e+00,1.410025835037231445e+00,-1.445249374955892563e-02,-4.052673876285552979e-01,3.225312232971191406e-01,1.517547845840454102e+00,-3.671427667140960693e-01,-1.474251747131347656e+00,6.584412418305873871e-03,9.836010932922363281e-01,-8.289357423782348633e-01,1.104634329676628113e-01,4.076900333166122437e-02,5.391306877136230469e-01,-2.298091173171997070e+00,-1.314770936965942383e+00,9.342776536941528320e-01,2.702970206737518311e-01,4.598847404122352600e-02,1.553697228431701660e+00,-1.103880524635314941e+00,-4.938513636589050293e-01,3.510098755359649658e-01,1.497020363807678223e+00,-1.637807607650756836e+00,-1.336765885353088379e-01,2.447441518306732178e-01,-1.411108225584030151e-01,-8.146213740110397339e-02,-6.604260802268981934e-01,4.449617862701416016e-01,-1.187747001647949219e+00,6.922070384025573730e-01,1.333706617355346680e+00,-1.744753599166870117e+00,-3.652573227882385254e-01,-2.055531293153762817e-01,5.372701287269592285e-01,5.601868629455566406e-01,-8.205168843269348145e-01,-1.214353367686271667e-01,7.118799090385437012e-01,-1.386472940444946289e+00,-3.646731376647949219e-01,-1.540217399597167969e-01,0.000000000000000000e+00
1.690769642591476440e-01,8.785718083381652832e-01,1.057416915893554688e+00,-1.581066966056823730e+00,-3.537773489952087402e-01,-3.418343961238861084e-01,-7.587701678276062012e-01,-7.924344539642333984e-01,1.122449278831481934e+00,-8.655542731285095215e-01,1.021648406982421875e+00,1.173594951629638672e+00,2.265436649322509766e+00,0.000000000000000000e+00,5.914353728294372559e-01,3.281986713409423828e+00,7.666481137275695801e-01,1.187623977661132812e+00,-1.860483765602111816e+00,6.839173287153244019e-02,8.804236650466918945e-01,7.586003094911575317e-02,-3.025160729885101318e-02,-2.288523912429809570e+00,-1.876171708106994629e+00,6.533699482679367065e-02,-9.750668406486511230e-01,-1.507684230804443359e+00,-2.200826704502105713e-01,-1.671147048473358154e-01,1.039497613906860352e+00,3.269229233264923096e-01,-1.187764644622802734e+00,-2.173429168760776520e-02,6.226903796195983887e-01,-3.210147619247436523e-01,7.892054319381713867e-01,-5.709384679794311523e-01,1.417780995368957520e+00,3.870125114917755127e-01,-1.362704992294311523e+00,-1.378640532493591309e+00,4.384132921695709229e-01,-3.387556970119476318e-01,6.794673204421997070e-01,1.493688225746154785e-01,-1.866158962249755859e+00,-3.231158554553985596e-01,-4.781852066516876221e-01,-1.194290995597839355e+00,2.446081489324569702e-01,6.094093322753906250e-01,-1.772531986236572266e+00,-9.715040922164916992e-01,-2.432246506214141846e-01,1.601414561271667480e+00,-2.686051279306411743e-02,3.351830542087554932e-01,0.000000000000000000e+00
-3.442542254924774170e-01,-2.835672140121459961e+00,-9.049679636955261230e-01,2.921473681926727295e-01,-2.920111119747161865e-01,2.203579664230346680e+00,1.114455051720142365e-02,8.853103518486022949e-01,1.087643861770629883e+00,1.930462718009948730e+00,-2.895255386829376221e-01,2.287639379501342773e+00,1.410025835037231445e+00,5.914353728294372559e-01,0.000000000000000000e+00,1.181830167770385742e+00,-1.338943243026733398e-01,9.014232754707336426e-01,9.469832777976989746e-01,1.648595333099365234e-01,-5.228481888771057129e-01,1.005327850580215454e-01,1.592623591423034668e-01,-6.695012450218200684e-01,7.745770215988159180e-01,2.073937207460403442e-01,1.130973339080810547e+00,-8.205029964447021484e-01,-1.101021528244018555e+00,3.171083331108093262e-01,-6.170781850814819336e-01,3.424589708447456360e-02,-2.159091234207153320e+00,-2.196244955062866211e+00,-5.094432830810546875e-01,-4.851391017436981201e-01,1.915227323770523071e-01,-1.061252653598785400e-01,1.114753842353820801e+00,-4.305031597614288330e-01,-1.474931478500366211e+00,-1.681249856948852539e+00,5.999218821525573730e-01,-6.370964050292968750e-01,-1.929416954517364502e-01,1.032824039459228516e+00,-2.008495807647705078e+00,-4.850484430789947510e-02,-9.010201692581176758e-01,4.920032620429992676e-01,-1.789190173149108887e+00,1.790349960327148438e+00,-3.908719718456268311e-01,-6.129525974392890930e-02,-1.352190852165222168e+00,-1.707885265350341797e+00,1.739095710217952728e-02,-1.599248409271240234e+00,0.000000000000000000e+00
-1.927556693553924561e-01,-2.609773278236389160e-01,-2.027685195207595825e-01,1.687837243080139160e+00,6.645976752042770386e-02,9.525224566459655762e-02,1.885758191347122192e-01,-1.661862850189208984e+00,4.299004375934600830e-01,-1.343611955642700195e+00,-1.310258269309997559e+00,-6.946475505828857422e-01,-1.445249374955892563e-02,3.281986713409423828e+00,1.181830167770385742e+00,0.000000000000000000e+00,-1.075690269470214844e+00,1.631446003913879395e+00,5.482225418090820312e-01,9.166421890258789062e-01,-2.199079096317291260e-02,-4.477903246879577637e-02,-4.669499695301055908e-01,8.991415053606033325e-02,-1.258853793144226074e+00,-1.102832704782485962e-01,5.468425750732421875e-01,7.283465862274169922e-01,6.398206353187561035e-01,1.527273654937744141e+00,-5.166085958480834961e-01,7.476755976676940918e-01,-6.128818988800048828e-01,-6.010975241661071777e-01,3.304194808006286621e-01,1.588368296623229980e+00,1.715213179588317871e+00,-2.368294715881347656e+00,9.716292619705200195e-01,-2.713986635208129883e-01,-8.569650650024414062e-01,2.987928390502929688e-01,1.896245926618576050e-01,-2.204631865024566650e-01,-1.220162868499755859e+00,-1.944050639867782593e-01,-9.466680884361267090e-01,-7.827351689338684082e-01,-1.546563386917114258e+00,4.114275872707366943e-01,4.040530025959014893e-01,-6.331476569175720215e-01,-4.337521493434906006e-01,-6.399636864662170410e-01,9.134575724601745605e-01,5.739743709564208984e-01,-5.995540618896484375e-01,-5.572613477706909180e-01,0.000000000000000000e+00
-3.435352444648742676e-01,-9.272747039794921875e-01,2.674457132816314697e-01,8.073956966400146484e-01,-2.085089832544326782e-01,2.031805217266082764e-01,-4.584234952926635742e-01,-6.216681599617004395e-01,-3.240789100527763367e-02,3.847068250179290771e-01,-4.484759569168090820e-01,2.199890851974487305e+00,-4.052673876285552979e-01,7.666481137275695801e-01,-1.338943243026733398e-01,-1.075690269470214844e+00,0.000000000000000000e+00,-2.541385293006896973e-01,1.862811855971813202e-02,6.291780471801757812e-01,7.597536593675613403e-02,3.032801747322082520e-01,1.296351313591003418e+00,-3.415194153785705566e-01,-3.806035518646240234e-01,-3.748774230480194092e-01,-5.624058842658996582e-01,9.966745376586914062e-01,8.981009572744369507e-02,4.129337072372436523e-01,8.546361327171325684e-01,4.728654325008392334e-01,-7.665287852287292480e-01,-9.937330484390258789e-01,-8.227109909057617188e-02,-4.943784475326538086e-01,-1.632235169410705566e+00,-1.182168602943420410e+00,5.505663156509399414e-01,-1.145596385002136230e+00,3.315678536891937256e-01,1.905279792845249176e-02,5.182967185974121094e-01,-2.669515088200569153e-03,-2.441047877073287964e-01,-3.537670075893402100e-01,1.444421648979187012e+00,-1.058699369430541992e+00,-1.801902651786804199e-01,3.618937134742736816e-01,-7.240044474601745605e-01,2.657862305641174316e-01,8.079928159713745117e-02,1.124632239341735840e+00,-8.997834920883178711e-01,7.192789316177368164e-01,-7.968766689300537109e-01,-5.684810280799865723e-01,0.000000000000000000e+00
3.781369924545288086e-01,-8.481055498123168945e-01,8.440445065498352051e-01,1.072725534439086914e+00,-1.158259987831115723e+00,3.669931292533874512e-01,-1.174251198768615723e+00,1.381771087646484375e+00,8.748977184295654297e-01,7.579440474510192871e-01,9.032445549964904785e-01,-2.254076004028320312e-01,3.225312232971191406e-01,1.187623977661132812e+00,9.014232754707336426e-01,1.631446003913879395e+00,-2.541385293006896973e-01,0.000000000000000000e+00,2.123411417007446289e+00,1.573052525520324707e+00,-7.180671691894531250e-01,7.209062576293945312e-01,-3.955948948860168457e-01,1.490639448165893555e-01,7.192611098289489746e-01,9.446085691452026367e-01,3.393866121768951416e-01,-5.231030583381652832e-01,-1.258462786674499512e+00,6.707336902618408203e-01,4.794862493872642517e-02,-6.962459683418273926e-01,-1.288751006126403809e+00,-1.153706431388854980e+00,-1.691237092018127441e-01,-1.625176817178726196e-01,-4.939154982566833496e-01,-2.453844547271728516e-01,-1.101490736007690430e+00,-6.518483757972717285e-01,3.915601992048323154e-04,-1.595162153244018555e+00,-1.083899259567260742e+00,-1.203796982765197754e+00,-2.780916094779968262e-01,2.080773353576660156e+00,9.045397639274597168e-01,1.955408930778503418e+00,-5.463826656341552734e-02,-4.662692844867706299e-01,7.943748831748962402e-01,-1.378167629241943359e+00,9.867927432060241699e-01,-6.398370862007141113e-01,-1.599663734436035156e+00,3.845950365066528320e-01,-6.661112904548645020e-01,-2.914707183837890625e+00,0.000000000000000000e+00
-1.290554285049438477e+00,7.631228566169738770e-01,2.978831231594085693e-01,-1.505620121955871582e+00,-8.275755047798156738e-01,-6.958762407302856445e-01,-3.577615320682525635e-01,-1.006407856941223145e+00,2.315558344125747681e-01,-3.248741388320922852e+00,6.400738358497619629e-01,-4.411523416638374329e-02,1.517547845840454102e+00,-1.860483765602111816e+00,9.469832777976989746e-01,5.482225418090820312e-01,1.862811855971813202e-02,2.123411417007446289e+00,0.000000000000000000e+00,-4.927116930484771729e-01,3.891701996326446533e-01,-2.070951759815216064e-01,-3.218112885951995850e-01,-1.556321859359741211e+00,1.952056050300598145e+00,4.678165018558502197e-01,5.122448205947875977e-01,7.429144382476806641e-01,1.145001411437988281e+00,9.428948163986206055e-01,-8.682904839515686035e-01,2.500838935375213623e-01,1.948172897100448608e-01,-2.551159262657165527e-01,2.845984995365142822e-01,3.191213309764862061e-01,2.649486064910888672e-01,9.029688239097595215e-01,9.782996773719787598e-01,1.872109174728393555e+00,7.076937556266784668e-01,-2.079271525144577026e-01,8.409824967384338379e-01,1.289395809173583984e+00,1.131320074200630188e-01,1.733785390853881836e+00,-4.531283974647521973e-01,-1.217120409011840820e+00,-1.914865672588348389e-01,-8.175703883171081543e-01,3.993946909904479980e-01,-6.007496714591979980e-01,-6.964625120162963867e-01,-5.572721362113952637e-01,-9.218149185180664062e-01,8.231812119483947754e-01,-4.937569499015808105e-01,3.623808622360229492e-01,0.000000000000000000e+00
-3.592234849929809570e-01,-9.106934070587158203e-01,-1.291038870811462402e+00,-8.958714008331298828e-01,-6.847868561744689941e-01,-2.263513952493667603e-01,-5.438529253005981445e-01,-4.004697799682617188e-01,1.333668589591979980e+00,4.681333601474761963e-01,-5.046342015266418457e-01,4.614091813564300537e-01,-3.671427667140960693e-01,6.839173287153244019e-02,1.648595333099365234e-01,9.166421890258789062e-01,6.291780471801757812e-01,1.573052525520324707e+00,-4.927116930484771729e-01,0.000000000000000000e+00,1.434670448303222656e+00,2.726980209350585938e+00,7.926982641220092773e-01,1.245111107826232910e+00,5.021631717681884766e-01,4.107891619205474854e-01,-2.617207765579223633e-01,2.903579771518707275e-01,-8.541861176490783691e-02,-1.235878616571426392e-01,-1.655975431203842163e-01,-6.256859749555587769e-02,-3.272703289985656738e-01,-5.815991163253784180e-01,-2.197181284427642822e-01,-4.169005155563354492e-01,-4.892026782035827637e-01,-7.537468075752258301e-01,-1.562221288681030273e+00,2.267549373209476471e-02,8.064500689506530762e-01,-5.551301836967468262e-01,-1.464691877365112305e+00,-6.786261796951293945e-01,-3.544157743453979492e-01,-1.064851403236389160e+00,4.021443128585815430e-01,-1.163316845893859863e+00,8.751218020915985107e-02,-3.033616840839385986e-01,8.411380113102495670e-04,-7.936422824859619141e-01,-1.031860947608947754e+00,-1.054013371467590332e-01,-1.154853627085685730e-01,-1.484706103801727295e-01,1.329044103622436523e+00,3.225380182266235352e-02,0.000000000000000000e+00
-6.804104149341583252e-02,-2.146203219890594482e-01,-1.359395086765289307e-01,-5.113388895988464355e-01,-1.123788833618164062e+00,2.642004787921905518e-01,5.839163064956665039e-01,5.528388619422912598e-01,2.882204949855804443e-01,1.628487348556518555e+00,-5.848760604858398438e-01,3.509978950023651123e-01,-1.474251747131347656e+00,8.804236650466918945e-01,-5.228481888771057129e-01,-2.199079096317291260e-02,7.597536593675613403e-02,-7.180671691894531250e-01,3.891701996326446533e-01,1.434670448303222656e+00,0.000000000000000000e+00,2.716413140296936035e-01,1.473011851310729980e+00,-1.264673620462417603e-01,1.957386612892150879e+00,-2.051919221878051758e+00,-9.397360086441040039e-01,1.527848601341247559e+00,6.975084543228149414e-01,8.702529668807983398e-01,1.140119433403015137e+00,-7.811670303344726562e-01,4.382364153861999512e-01,2.278250932693481445e+00,1.200379803776741028e-01,-2.567455768585205078e-01,1.204287409782409668e+00,4.432268738746643066e-01,-2.113435745239257812e+00,-1.655931711196899414e+00,3.694778084754943848e-01,-3.807907700538635254e-01,-2.934110760688781738e-01,-1.043881654739379883e+00,3.700845241546630859e-01,-9.914421439170837402e-01,1.687063127756118774e-01,5.381528735160827637e-01,-6.014498472213745117e-01,-9.197100996971130371e-01,-2.076306104660034180e+00,-1.749036163091659546e-01,-1.210461258888244629e+00,3.906986117362976074e-01,1.320508718490600586e+00,-2.502520680427551270e-01,-1.121872812509536743e-01,-2.195832967758178711e+00,0.000000000000000000e+00
-8.343455195426940918e-01,-6.547107100486755371e-01,-9.252170324325561523e-01,-1.390179634094238281e+00,6.156921386718750000e-01,6.449797153472900391e-01,-1.030521869659423828e+00,5.435008406639099121e-01,-7.638125214725732803e-03,-4.006121158599853516e-01,4.411518871784210205e-01,-5.297011137008666992e-01,6.584412418305873871e-03,7.586003094911575317e-02,1.005327850580215454e-01,-4.477903246879577637e-02,3.032801747322082520e-01,7.209062576293945312e-01,-2.070951759815216064e-01,2.726980209350585938e+00,2.716413140296936035e-01,0.000000000000000000e+00,1.634585022926330566e+00,1.696249604225158691e+00,3.239952623844146729e-01,-1.367069840431213379e+00,-7.015892267227172852e-01,1.575847268104553223e+00,5.871073007583618164e-01,3.743625581264495850e-01,-6.979240179061889648e-01,-2.437759339809417725e-01,2.302122563123703003e-01,9.261425137519836426e-01,-4.665032327175140381e-01,1.187014654278755188e-01,-1.199871778488159180e+00,-1.268428564071655273e+00,5.316457152366638184e-02,-3.964552879333496094e-01,-2.198696285486221313e-01,-4.071606099605560303e-01,7.524955272674560547e-01,1.840779185295104980e-01,-6.794163584709167480e-01,3.572358563542366028e-02,-1.448671579360961914e+00,-1.103631973266601562e+00,-6.142073869705200195e-01,1.049296744167804718e-02,2.197540551424026489e-01,1.913653612136840820e-01,5.557869076728820801e-01,-3.996565937995910645e-01,-1.530536890029907227e+00,-6.425105929374694824e-01,5.846543312072753906e-01,2.349760569632053375e-02,0.000000000000000000e+00
1.236542463302612305e+00,-4.286195933818817139e-01,-7.195547223091125488e-01,-1.761801481246948242e+00,-5.733953714370727539e-01,1.234497427940368652e+00,1.098235011100769043e+00,1.150114059448242188e+00,-6.924076080322265625e-01,6.119402498006820679e-02,-4.594384729862213135e-01,3.307910859584808350e-01,9.836010932922363281e-01,-3.025160729885101318e-02,1.592623591423034668e-01,-4.669499695301055908e-01,1.296351313591003418e+00,-3.955948948860168457e-01,-3.218112885951995850e-01,7.926982641220092773e-01,1.473011851310729980e+00,1.634585022926330566e+00,0.000000000000000000e+00,8.686097264289855957e-01,7.411597967147827148e-01,-9.912751317024230957e-01,9.452145695686340332e-01,2.568850994110107422e+00,1.030837774276733398e+00,8.084902763366699219e-01,-1.184989929199218750e+00,-4.852198809385299683e-02,-1.587668657302856445e+00,-3.062284231185913086e+00,6.826496124267578125e-01,-1.921145558357238770e+00,-6.476534605026245117e-01,6.577645540237426758e-01,7.975153326988220215e-01,9.559499621391296387e-01,6.045978665351867676e-01,-4.986297339200973511e-02,-2.203777313232421875e+00,-7.031744718551635742e-01,5.764895677566528320e-01,-8.012681603431701660e-01,6.689734458923339844e-01,-8.643420338630676270e-01,-5.632085204124450684e-01,-2.036057949066162109e+00,-4.166021943092346191e-01,-2.037935703992843628e-01,-4.961485862731933594e-01,9.681364893913269043e-01,-7.912271022796630859e-01,6.805452704429626465e-01,-3.503672182559967041e-01,-6.166448593139648438e-01,0.000000000000000000e+00
7.889620959758758545e-02,-6.359299421310424805e-01,-1.496930837631225586e+00,2.133502811193466187e-01,-1.180398464202880859e+00,-1.580333232879638672e+00,-3.631097078323364258e-01,-6.978067755699157715e-01,1.100028157234191895e-01,-2.800611555576324463e-01,1.521946787834167480e+00,7.459717392921447754e-01,-8.289357423782348633e-01,-2.288523912429809570e+00,-6.695012450218200684e-01,8.991415053606033325e-02,-3.415194153785705566e-01,1.490639448165893555e-01,-1.556321859359741211e+00,1.245111107826232910e+00,-1.264673620462417603e-01,1.696249604225158691e+00,8.686097264289855957e-01,0.000000000000000000e+00,9.621993899345397949e-01,1.769132852554321289e+00,3.000487565994262695e+00,-3.819870650768280029e-01,-7.961255311965942383e-01,1.683816432952880859e+00,6.988036632537841797e-01,-1.724666506052017212e-01,7.556383498013019562e-03,7.358978390693664551e-01,3.833905160427093506e-01,8.711192607879638672e-01,7.257829904556274414e-01,-9.589682817459106445e-01,1.252637952566146851e-01,6.101036667823791504e-01,2.850941121578216553e-01,-9.482662677764892578e-01,5.014065504074096680e-01,4.226268827915191650e-01,-1.182102799415588379e+00,-1.136897921562194824e+00,-9.391741752624511719e-01,-2.720392122864723206e-02,1.060266137123107910e+00,-2.424451828002929688e+00,-1.343399137258529663e-01,-3.107534050941467285e-01,1.008214615285396576e-02,-7.401385307312011719e-01,1.800427585840225220e-01,3.095204532146453857e-01,2.844023704528808594e-01,-1.370280742645263672e+00,0.000000000000000000e+00
-3.712944388389587402e-01,3.895648121833801270e-01,9.478190541267395020e-01,-1.538812756538391113e+00,-1.175289154052734375e+00,1.672911524772644043e+00,-1.310929775238037109e+00,1.222191095352172852e+00,4.006844758987426758e-01,3.947281539440155029e-01,-7.874045372009277344e-01,-3.331319987773895264e-01,1.104634329676628113e-01,-1.876171708106994629e+00,7.745770215988159180e-01,-1.258853793144226074e+00,-3.806035518646240234e-01,7.192611098289489746e-01,1.952056050300598145e+00,5.021631717681884766e-01,1.957386612892150879e+00,3.239952623844146729e-01,7.411597967147827148e-01,9.621993899345397949e-01,0.000000000000000000e+00,2.210268735885620117e+00,-6.613961607217788696e-02,1.688852429389953613e+00,-5.694398880004882812e-01,1.434631943702697754e+00,-3.418343961238861084e-01,-9.427531957626342773e-01,-7.842166423797607422e-01,-1.028812050819396973e+00,-1.567715287208557129e+00,8.549551367759704590e-01,-7.896371483802795410e-01,-2.808235168457031250e+00,6.668737530708312988e-02,3.107923865318298340e-01,-2.905346155166625977e-01,1.718570590019226074e+00,2.994164824485778809e-01,-9.762150049209594727e-01,-5.657544732093811035e-01,1.310550332069396973e+00,1.509407013654708862e-01,-1.380654871463775635e-01,4.485396146774291992e-01,-1.540029764175415039e+00,-3.672491759061813354e-03,-1.169035553932189941e+00,5.334903001785278320e-01,5.598402023315429688e-01,1.295263290405273438e+00,2.622311711311340332e-01,-5.794764161109924316e-01,-1.176463603973388672e+00,0.000000000000000000e+00
-1.530828922986984253e-01,-6.701417565345764160e-01,-1.053651332855224609e+00,5.740843415260314941e-01,-1.028792619705200195e+00,-1.119920909404754639e-01,7.806723713874816895e-01,-1.184455990791320801e+00,-3.133350610733032227e-01,-1.746506452560424805e+00,-3.617497086524963379e-01,-1.601342558860778809e-01,4.076900333166122437e-02,6.533699482679367065e-02,2.073937207460403442e-01,-1.102832704782485962e-01,-3.748774230480194092e-01,9.446085691452026367e-01,4.678165018558502197e-01,4.107891619205474854e-01,-2.051919221878051758e+00,-1.367069840431213379e+00,-9.912751317024230957e-01,1.769132852554321289e+00,2.210268735885620117e+00,0.000000000000000000e+00,1.614864230155944824e+00,1.597842723131179810e-01,4.284450709819793701e-01,6.232430934906005859e-01,-1.229839324951171875e+00,-1.908758431673049927e-01,1.252800077199935913e-01,5.938004255294799805e-01,-7.383608818054199219e-01,1.688480377197265625e+00,7.106758654117584229e-02,-1.601417422294616699e+00,1.586872100830078125e+00,3.432094454765319824e-01,1.278773546218872070e+00,3.873709440231323242e-01,1.458531022071838379e+00,3.494182825088500977e-01,-2.171634733676910400e-01,6.073558926582336426e-01,-9.694297909736633301e-01,-2.410460561513900757e-01,8.725370764732360840e-01,1.205444037914276123e-01,1.919279224239289761e-03,-1.021936908364295959e-01,3.466444611549377441e-01,2.219859808683395386e-01,-4.828289449214935303e-01,1.503935098648071289e+00,1.111021399497985840e+00,-2.655529677867889404e-01,0.000000000000000000e+00
