0.000000000000000000e+00,2.324173688888549805e+00,1.324388742446899414e+00,-1.089587450027465820e+00,-3.735609948635101318e-01,3.655999898910522461e-01,-4.795479774475097656e-01,3.341509103775024414e-01,-5.978083014488220215e-01,-6.899481415748596191e-01,1.501883566379547119e-01,-5.573369860649108887e-01,-8.723402768373489380e-02,-2.368710041046142578e-01,-2.720073759555816650e-01,-1.306087374687194824e-01,-4.916125833988189697e-01,2.536225616931915283e-01,-9.824974536895751953e-01,-3.073745667934417725e-01,-4.731503427028656006e-01,-1.082197427749633789e+00,9.963992238044738770e-01,-3.051066398620605469e-01,-1.273424178361892700e-01,5.164873003959655762e-01,-3.114627301692962646e-02,-6.534120440483093262e-02,2.354881763458251953e-01,-4.729439318180084229e-01,6.025409102439880371e-01,8.787817358970642090e-01,-1.262621879577636719e-01,1.379263758659362793e+00,5.815483927726745605e-01,-1.219061613082885742e+00,1.495445221662521362e-01,1.034695267677307129e+00,3.603988289833068848e-01,7.609467506408691406e-01,-5.196999907493591309e-01,-1.423365950584411621e+00,8.262770771980285645e-01,2.363463342189788818e-01,-5.795292854309082031e-01,-5.390433669090270996e-01,3.006077408790588379e-01,-8.302152156829833984e-01,1.480619311332702637e-01,-2.202665805816650391e-01,-1.342585802078247070e+00,1.751457005739212036e-01,-9.868721961975097656e-01,-7.382552623748779297e-01,-1.311014741659164429e-01,1.573619842529296875e+00,-1.830601394176483154e-01,-5.711150169372558594e-01,0.000000000000000000e+00
2.324173688888549805e+00,0.000000000000000000e+00,3.277092278003692627e-01,8.589441776275634766e-01,1.820343732833862305e+00,-9.214425086975097656e-01,5.507630109786987305e-01,-3.803440928459167480e-01,-1.260300755500793457e+00,3.633506596088409424e-01,-2.648312970995903015e-02,3.228073418140411377e-01,6.893087029457092285e-01,7.866094708442687988e-01,-2.924764633178710938e+00,-2.155673354864120483e-01,-1.067819356918334961e+00,-6.974406242370605469e-01,6.522927880287170410e-01,-1.003738522529602051e+00,-8.391656279563903809e-01,-1.277945995330810547e+00,-7.929409742355346680e-01,-9.723148941993713379e-01,4.884670972824096680e-01,-2.161281108856201172e-01,-4.028803110122680664e-01,5.704043507575988770e-01,-6.452726125717163086e-01,-8.181942105293273926e-01,-3.509331345558166504e-01,-2.595664858818054199e-01,2.259368419647216797e+00,5.343935489654541016e-01,1.904200762510299683e-01,-7.787662148475646973e-01,-3.955602347850799561e-01,9.203881621360778809e-01,2.179884314537048340e-01,1.013002395629882812e+00,-6.263948678970336914e-01,-6.052126884460449219e-01,2.302022725343704224e-01,-3.321425989270210266e-02,1.067863032221794128e-01,-8.198106288909912109e-01,-1.538626849651336670e-01,-1.037812829017639160e+00,-2.573400735855102539e-01,8.133996129035949707e-01,1.414574775844812393e-02,-1.888203740119934082e+00,1.504145860671997070e-01,-8.616841584444046021e-02,1.001029849052429199e+00,1.472446918487548828e+00,6.224705278873443604e-02,1.852507829666137695e+00,0.000000000000000000e+00
1.324388742446899414e+00,3.277092278003692627e-01,0.000000000000000000e+00,1.646732211112976074e+00,3.959146142005920410e-01,1.152920484542846680e+00,1.097793459892272949e+00,6.030509471893310547e-01,-5.125683546066284180e-01,-3.935703039169311523e-01,1.760217428207397461e+00,-4.021229445934295654e-01,8.591541051864624023e-01,1.185539960861206055e+00,-8.374758362770080566e-01,8.304727673530578613e-01,3.462027907371520996e-01,-1.628241688013076782e-01,8.347955346107482910e-02,-1.240794181823730469e+00,-1.179518461227416992e+00,-9.662371873855590820e-01,-8.608230352401733398e-01,-1.721686005592346191e+00,3.701562881469726562e-01,-1.396599709987640381e-01,-1.554395556449890137e+00,1.826978474855422974e-01,5.847468972206115723e-01,-9.357236623764038086e-01,9.684504270553588867e-01,5.342203378677368164e-01,8.637275099754333496e-01,-1.335920840501785278e-01,8.267888426780700684e-01,-8.274427056312561035e-01,-2.607944726943969727e+00,-5.605060607194900513e-02,7.587779760360717773e-01,-1.103143393993377686e-01,1.563745141029357910e+00,1.010279133915901184e-01,1.166191577911376953e+00,-7.785172462463378906e-01,5.426054000854492188e-01,-7.493515014648437500e-01,6.438182294368743896e-02,1.195744723081588745e-01,3.107391893863677979e-01,-1.467268913984298706e-01,-7.014983296394348145e-01,-2.240293025970458984e+00,1.985826641321182251e-01,-6.645542383193969727e-01,6.654962897300720215e-01,-1.402209520339965820e+00,-2.975983023643493652e-01,-3.294740021228790283e-01,0.000000000000000000e+00
-1.089587450027465820e+00,8.589441776275634766e-01,1.646732211112976074e+00,0.000000000000000000e+00,2.172441482543945312e+00,2.143954753875732422e+00,1.505506277084350586e+00,1.005283474922180176e+00,-2.405705899000167847e-01,5.189974904060363770e-01,7.905046343803405762e-01,-1.327691197395324707e+00,-2.352410703897476196e-01,-1.631731152534484863e+00,1.562472730875015259e-01,1.173952698707580566e+00,3.491521179676055908e-01,1.119261741638183594e+00,-1.354788780212402344e+00,-1.199072957038879395e+00,-3.940928876399993896e-01,-1.339973449707031250e+00,-2.127471685409545898e+00,3.321954011917114258e-01,-9.201613068580627441e-01,3.911613225936889648e-01,-1.598147451877593994e-01,-8.390992879867553711e-01,-4.623481333255767822e-01,-5.169029831886291504e-01,-8.781468868255615234e-01,3.457645177841186523e-01,8.543256521224975586e-01,9.625571966171264648e-01,1.358020782470703125e+00,4.837321639060974121e-01,-3.580459654331207275e-01,8.002199530601501465e-01,1.009353518486022949e+00,1.007683157920837402e+00,-4.651244580745697021e-01,1.112328410148620605e+00,-6.824337840080261230e-01,-1.421255230903625488e+00,-1.163035631179809570e+00,2.222517132759094238e-01,-1.937206387519836426e-01,5.091348886489868164e-01,1.206089854240417480e-01,-1.580090969800949097e-01,-1.917671442031860352e+00,-9.011956453323364258e-01,-1.187239170074462891e+00,-1.970186829566955566e-01,4.709030985832214355e-01,-8.242581486701965332e-01,2.788309454917907715e-01,-2.776482701301574707e-01,0.000000000000000000e+00
-3.735609948635101318e-01,1.820343732833862305e+00,3.959146142005920410e-01,2.172441482543945312e+00,0.000000000000000000e+00,6.090689897537231445e-01,3.218243598937988281e+00,2.222309112548828125e+00,-9.104956388473510742e-01,9.467111825942993164e-01,-1.553431898355484009e-01,-1.188638091087341309e+00,-2.747342288494110107e-01,4.573431611061096191e-01,-4.343440383672714233e-02,-2.339029014110565186e-01,5.781910941004753113e-02,-2.115157604217529297e+00,-4.808492064476013184e-01,-5.227473974227905273e-01,2.056967653334140778e-02,1.060771420598030090e-01,-6.221280694007873535e-01,-1.769512653350830078e+00,-7.798299193382263184e-01,-9.920499920845031738e-01,1.346185207366943359e+00,-1.410425901412963867e-01,-1.082567453384399414e+00,9.723321795463562012e-01,2.166354507207870483e-01,7.074147462844848633e-02,-5.161723494529724121e-01,-2.948391139507293701e-01,2.783163189888000488e-01,5.149178504943847656e-01,-7.930384278297424316e-01,-7.390267848968505859e-01,-2.407525777816772461e-01,-1.564006656408309937e-01,-4.683678150177001953e-01,9.508296251296997070e-01,8.776927590370178223e-01,7.325342297554016113e-01,3.301555812358856201e-01,-3.939482569694519043e-01,1.999525576829910278e-01,6.315615773200988770e-01,-1.019329071044921875e+00,6.584498286247253418e-01,3.062843084335327148e-01,5.453255772590637207e-01,-1.976711153984069824e+00,-5.036509037017822266e-01,7.295410633087158203e-01,-2.449926853179931641e+00,-4.062165617942810059e-01,5.822461098432540894e-03,0.000000000000000000e+00
3.655999898910522461e-01,-9.214425086975097656e-01,1.152920484542846680e+00,2.143954753875732422e+00,6.090689897537231445e-01,0.000000000000000000e+00,2.282722473144531250e+00,1.388579249382019043e+00,1.281591057777404785e+00,2.339778244495391846e-01,-1.300888806581497192e-01,1.157047972083091736e-01,1.708636283874511719e-01,-8.138334751129150391e-01,2.377788066864013672e+00,-6.204165220260620117e-01,2.291950881481170654e-01,1.206393480300903320e+00,-2.030951380729675293e-01,2.466606050729751587e-01,-7.270448654890060425e-02,3.485189080238342285e-01,1.252587914466857910e+00,-1.773930788040161133e+00,1.676733255386352539e+00,-1.214846819639205933e-01,-1.369644403457641602e+00,1.076822161674499512e+00,-7.630679607391357422e-01,-7.109344005584716797e-01,-7.916328310966491699e-01,-1.881550848484039307e-01,-2.187664270401000977e+00,-1.007227778434753418e+00,1.539283633232116699e+00,5.975517630577087402e-01,6.758366525173187256e-02,-2.047451026737689972e-02,-4.488846361637115479e-01,-5.915623903274536133e-01,-3.984233736991882324e-01,1.151502251625061035e+00,-1.111069321632385254e+00,-1.093187212944030762e+00,-2.172119140625000000e+00,9.083070158958435059e-01,-4.466402828693389893e-01,5.186669230461120605e-01,-6.307741999626159668e-01,-4.999732226133346558e-02,-2.778516054153442383e+00,2.404670715332031250e-01,-5.129730105400085449e-01,5.053737163543701172e-01,-1.857579588890075684e+00,-2.799213647842407227e+00,-5.181025862693786621e-01,-1.201072573661804199e+00,0.000000000000000000e+00
-4.795479774475097656e-01,5.507630109786987305e-01,1.097793459892272949e+00,1.505506277084350586e+00,3.218243598937988281e+00,2.282722473144531250e+00,0.000000000000000000e+00,2.635419368743896484e+00,-1.009068608283996582e+00,1.242092132568359375e+00,1.014618158340454102e+00,-6.863969564437866211e-01,3.415805399417877197e-01,-9.528425335884094238e-01,-9.943210482597351074e-01,2.605483829975128174e-01,2.755264341831207275e-01,-2.926569879055023193e-01,-2.939360737800598145e-01,-6.383626461029052734e-01,2.274424433708190918e-01,-6.976664066314697266e-01,9.714648723602294922e-01,-9.969965219497680664e-01,-1.231956005096435547e+00,3.750911653041839600e-01,-3.071783781051635742e-01,6.299022585153579712e-02,-7.732763886451721191e-01,5.983502864837646484e-01,2.285831868648529053e-01,-1.751600980758666992e+00,-1.856936961412429810e-01,-1.523320972919464111e-01,7.282847166061401367e-01,6.514997482299804688e-01,-1.294660329818725586e+00,5.740298628807067871e-01,-3.853893578052520752e-01,5.006442070007324219e-01,2.582134902477264404e-01,-2.148153781890869141e+00,9.190716743469238281e-01,1.801377534866333008e-01,2.898875474929809570e-01,4.125519990921020508e-01,-8.042991161346435547e-01,5.920521616935729980e-01,8.419056534767150879e-01,-3.074991405010223389e-01,-3.099611699581146240e-01,-7.357615232467651367e-01,-1.057472944259643555e+00,-2.986944019794464111e-01,1.910998076200485229e-01,-2.676775932312011719e+00,2.730944752693176270e-01,-5.149078369140625000e-01,0.000000000000000000e+00
3.341509103775024414e-01,-3.803440928459167480e-01,6.030509471893310547e-01,1.005283474922180176e+00,2.222309112548828125e+00,1.388579249382019043e+00,2.635419368743896484e+00,0.000000000000000000e+00,2.184870243072509766e-01,-7.612577080726623535e-01,1.506273984909057617e+00,1.455604843795299530e-02,1.559678316116333008e-01,-4.524164199829101562e-01,5.473787188529968262e-01,-1.791182160377502441e+00,-5.074711441993713379e-01,1.173843264579772949e+00,-1.032116651535034180e+00,-7.526879310607910156e-01,1.671440154314041138e-01,2.074617147445678711e-01,9.438921213150024414e-01,-6.883933544158935547e-01,1.028751969337463379e+00,-7.736579179763793945e-01,1.832095682621002197e-01,-9.548329114913940430e-01,-1.245548725128173828e+00,1.819722652435302734e+00,8.878542184829711914e-01,7.466434240341186523e-01,5.894567966461181641e-01,3.976255059242248535e-01,-2.029812335968017578e+00,-1.675321906805038452e-01,-1.310985326766967773e+00,2.057464271783828735e-01,1.134389877319335938e+00,4.028279483318328857e-01,-9.491053819656372070e-01,2.523348927497863770e-01,-5.227851867675781250e-01,1.183779478073120117e+00,8.191500902175903320e-01,3.219425082206726074e-01,-1.994521021842956543e-01,1.693962812423706055e-01,2.097025066614151001e-01,1.312268972396850586e-01,2.757159173488616943e-01,-1.484045982360839844e+00,-1.494496226310729980e+00,-6.073566153645515442e-02,-1.988550424575805664e+00,-7.842608094215393066e-01,-6.286492347717285156e-01,-1.251024007797241211e+00,0.000000000000000000e+00
-5.978083014488220215e-01,-1.260300755500793457e+00,-5.125683546066284180e-01,-2.405705899000167847e-01,-9.104956388473510742e-01,1.281591057777404785e+00,-1.009068608283996582e+00,2.184870243072509766e-01,0.000000000000000000e+00,8.354873657226562500e-01,5.285585671663284302e-02,1.802313446998596191e+00,-8.143270611763000488e-01,4.942330121994018555e-01,9.348588585853576660e-01,6.567221879959106445e-01,-3.914465904235839844e-01,1.537276387214660645e+00,-1.054975271224975586e+00,1.404550433158874512e+00,7.056584954261779785e-01,3.078783452510833740e-01,-4.704883992671966553e-01,7.245717942714691162e-02,4.176684319972991943e-01,-5.331186056137084961e-01,-1.113558888435363770e+00,4.924690723419189453e-01,3.665570914745330811e-01,1.368144392967224121e+00,-1.661725640296936035e+00,-7.894362807273864746e-01,-1.536346673965454102e+00,-4.855887293815612793e-01,-2.409482002258300781e+00,2.392845973372459412e-02,-6.178086400032043457e-01,-1.129914045333862305e+00,-5.786003470420837402e-01,-1.434615999460220337e-01,-4.290487468242645264e-01,-1.760998845100402832e+00,-3.796351253986358643e-01,1.353466063737869263e-01,-8.302667737007141113e-02,2.284670829772949219e+00,6.239626929163932800e-02,4.915416240692138672e-01,-1.297834038734436035e+00,-1.536212265491485596e-01,-1.030630111694335938e+00,9.140570759773254395e-01,4.077899456024169922e-01,-2.841621339321136475e-01,-2.527961134910583496e-01,-3.684581071138381958e-02,9.594905972480773926e-01,1.427973248064517975e-02,0.000000000000000000e+00
-6.899481415748596191e-01,3.633506596088409424e-01,-3.935703039169311523e-01,5.189974904060363770e-01,9.467111825942993164e-01,2.339778244495391846e-01,1.242092132568359375e+00,-7.612577080726623535e-01,8.354873657226562500e-01,0.000000000000000000e+00,3.029684305191040039e+00,6.883729100227355957e-01,1.369311809539794922e+00,-9.478886723518371582e-01,1.606951832771301270e+00,-1.761802554130554199e+00,2.005245983600616455e-01,1.541533470153808594e+00,-2.473500728607177734e+00,4.675660133361816406e-01,1.252596259117126465e+00,-1.794557273387908936e-01,7.251212596893310547e-01,-4.940827488899230957e-01,-6.855788826942443848e-01,-1.139216542243957520e+00,-1.068345665931701660e+00,2.180065959692001343e-01,8.058351278305053711e-01,-2.783378064632415771e-01,5.560701489448547363e-01,6.310396362096071243e-03,5.203557014465332031e-01,3.367166519165039062e-01,-9.358505606651306152e-01,-5.317353606224060059e-01,-6.518864631652832031e-01,-1.376032531261444092e-01,-6.350445747375488281e-02,7.995237112045288086e-01,6.484346091747283936e-02,-4.540359079837799072e-01,-1.900885224342346191e+00,-3.785171508789062500e-01,2.775522768497467041e-01,1.291401386260986328e-01,-1.824459075927734375e+00,-4.850534349679946899e-02,-9.420757889747619629e-01,-1.649823784828186035e+00,1.871194601058959961e+00,-2.943895101547241211e+00,-5.126873254776000977e-01,-6.591220498085021973e-01,-3.207715988159179688e+00,-1.632065027952194214e-01,1.025354385375976562e+00,-3.663523495197296143e-01,0.000000000000000000e+00
1.501883566379547119e-01,-2.648312970995903015e-02,1.760217428207397461e+00,7.905046343803405762e-01,-1.553431898355484009e-01,-1.300888806581497192e-01,1.014618158340454102e+00,1.506273984909057617e+00,5.285585671663284302e-02,3.029684305191040039e+00,0.000000000000000000e+00,-5.409283041954040527e-01,1.687092661857604980e+00,9.655737280845642090e-01,3.898218870162963867e-01,-5.239666104316711426e-01,-3.019613623619079590e-01,6.423487663269042969e-01,5.788391232490539551e-01,-4.319216609001159668e-01,-5.162476897239685059e-01,8.583397865295410156e-01,-1.646120846271514893e-01,9.471582174301147461e-01,-1.466744065284729004e+00,6.861519217491149902e-01,-8.140376210212707520e-01,-1.353486925363540649e-01,-1.223785281181335449e+00,-2.780848741531372070e-01,-2.783490717411041260e-01,-3.927261233329772949e-01,2.213787287473678589e-01,2.258437156677246094e+00,-1.137032985687255859e+00,5.080394074320793152e-02,-3.935972452163696289e-01,4.121500551700592041e-01,-6.457720398902893066e-01,7.707580327987670898e-01,-1.041160106658935547e+00,-5.398420095443725586e-01,-4.892169535160064697e-01,-5.385243296623229980e-01,-9.238790273666381836e-01,-2.701349258422851562e-01,-7.351220846176147461e-01,-6.843953132629394531e-01,-3.516869544982910156e-01,8.453303575515747070e-01,8.531106114387512207e-01,-3.457570075988769531e-01,-6.662490963935852051e-02,1.282684206962585449e+00,6.862354278564453125e-01,9.673749655485153198e-02,-4.934526681900024414e-01,9.869132936000823975e-02,0.000000000000000000e+00
-5.573369860649108887e-01,3.228073418140411377e-01,-4.021229445934295654e-01,-1.327691197395324707e+00,-1.188638091087341309e+00,1.157047972083091736e-01,-6.863969564437866211e-01,1.455604843795299530e-02,1.802313446998596191e+00,6.883729100227355957e-01,-5.409283041954040527e-01,0.000000000000000000e+00,-5.000258088111877441e-01,1.245349884033203125e+00,2.252066135406494141e+00,-2.854591906070709229e-01,2.080177545547485352e+00,-5.294601321220397949e-01,-1.806311011314392090e-01,3.857372701168060303e-01,4.069300889968872070e-01,-8.835429549217224121e-01,2.507825791835784912e-01,6.768348217010498047e-01,-4.822777584195137024e-02,-4.342592954635620117e-01,-3.541873767971992493e-02,-4.212979078292846680e-01,9.747960567474365234e-01,-3.646291494369506836e-01,-4.059227108955383301e-01,5.909696687012910843e-03,-4.279115498065948486e-01,-6.496957540512084961e-01,-4.957203865051269531e-01,-5.607566833496093750e-01,-1.225218296051025391e+00,4.838999509811401367e-01,-1.628133416175842285e+00,-6.648050546646118164e-01,1.053085103631019592e-01,-3.186582326889038086e-01,-4.046022891998291016e-01,-2.621261477470397949e-01,4.810554087162017822e-01,-5.195311307907104492e-01,1.963600367307662964e-01,-9.671725630760192871e-01,-7.072788476943969727e-01,-1.457589566707611084e-01,5.399411916732788086e-01,-1.779023855924606323e-01,-4.741212129592895508e-01,-2.460860460996627808e-02,1.479772012680768967e-02,-2.450838834047317505e-01,6.713514924049377441e-01,5.322660803794860840e-01,0.000000000000000000e+00
-8.723402768373489380e-02,6.893087029457092285e-01,8.591541051864624023e-01,-2.352410703897476196e-01,-2.747342288494110107e-01,1.708636283874511719e-01,3.415805399417877197e-01,1.559678316116333008e-01,-8.143270611763000488e-01,1.369311809539794922e+00,1.687092661857604980e+00,-5.000258088111877441e-01,0.000000000000000000e+00,1.701514482498168945e+00,1.810204744338989258e+00,1.922768652439117432e-01,-1.574255824089050293e-01,5.438292026519775391e-01,1.174720287322998047e+00,-4.288913905620574951e-01,-1.421768784523010254e+00,2.680615186691284180e-01,8.363404870033264160e-01,-1.111455440521240234e+00,-5.682633444666862488e-02,5.961743593215942383e-01,-1.672525331377983093e-02,-1.644568562507629395e+00,-9.804484844207763672e-01,7.162879109382629395e-01,1.108212620019912720e-01,2.527506053447723389e-01,1.331776618957519531e+00,-1.127436399459838867e+00,-4.222760796546936035e-01,6.861982941627502441e-01,7.211405634880065918e-01,-1.893108963966369629e+00,2.629434168338775635e-01,2.791500464081764221e-02,6.187947392463684082e-01,-4.379540681838989258e-01,-2.299002856016159058e-01,2.103770226240158081e-01,-8.683362007141113281e-01,1.433006763458251953e+00,1.290283322334289551e+00,-7.663159370422363281e-01,-9.567407965660095215e-01,6.075509190559387207e-01,4.629696607589721680e-01,1.479461044073104858e-01,-3.396567702293395996e-01,-2.154788523912429810e-01,5.734442472457885742e-01,-1.437853336334228516e+00,-4.163751304149627686e-01,-1.888527534902095795e-02,0.000000000000000000e+00
-2.368710041046142578e-01,7.866094708442687988e-01,1.185539960861206055e+00,-1.631731152534484863e+00,4.573431611061096191e-01,-8.138334751129150391e-01,-9.528425335884094238e-01,-4.524164199829101562e-01,4.942330121994018555e-01,-9.478886723518371582e-01,9.655737280845642090e-01,1.245349884033203125e+00,1.701514482498168945e+00,0.000000000000000000e+00,6.234507560729980469e-01,3.367957115173339844e+00,5.234214663505554199e-01,1.060803771018981934e+00,-1.291356682777404785e+00,5.942566692829132080e-02,6.573570966720581055e-01,3.601254522800445557e-01,2.045474648475646973e-01,-2.315162658691406250e+00,-8.700700402259826660e-01,6.906228605657815933e-03,-7.908623218536376953e-01,-1.141151785850524902e+00,9.544127434492111206e-02,-1.552486568689346313e-01,1.173177123069763184e+00,5.145063400268554688e-01,-1.566386342048645020e+00,1.853307783603668213e-01,5.752081871032714844e-01,-9.021740555763244629e-01,6.347100138664245605e-01,-5.578662157058715820e-01,1.348097205162048340e+00,5.778327584266662598e-01,-1.051853418350219727e+00,-1.125385999679565430e+00,5.227286219596862793e-01,-1.834040731191635132e-01,6.940599083900451660e-01,-4.968290030956268311e-01,-2.336378097534179688e+00,2.066379934549331665e-01,-1.378762274980545044e-01,-1.017997980117797852e+00,1.977785527706146240e-01,8.348771333694458008e-01,-1.660421729087829590e+00,-1.305886030197143555e+00,-1.867098510265350342e-01,1.466696500778198242e+00,-2.298151403665542603e-01,4.569491446018218994e-01,0.000000000000000000e+00
-2.720073759555816650e-01,-2.924764633178710938e+00,-8.374758362770080566e-01,1.562472730875015259e-01,-4.343440383672714233e-02,2.377788066864013672e+00,-9.943210482597351074e-01,5.473787188529968262e-01,9.348588585853576660e-01,1.606951832771301270e+00,3.898218870162963867e-01,2.252066135406494141e+00,1.810204744338989258e+00,6.234507560729980469e-01,0.000000000000000000e+00,1.628608822822570801e+00,-4.078333377838134766e-01,6.077804565429687500e-01,1.556580066680908203e+00,7.424759119749069214e-02,-3.706682240590453148e-03,9.958156943321228027e-01,3.004499673843383789e-01,-8.740526437759399414e-01,1.132457256317138672e+00,-7.384309768676757812e-01,7.420124411582946777e-01,-7.638459801673889160e-01,-1.017557382583618164e+00,4.502031803131103516e-01,-1.219761013984680176e+00,2.012258321046829224e-01,-3.063092708587646484e+00,-1.675643444061279297e+00,-5.501212477684020996e-01,-2.793385088443756104e-01,-6.369458278641104698e-04,-1.702229231595993042e-01,1.177543520927429199e+00,-4.403789341449737549e-01,-1.065603852272033691e+00,-1.640566825866699219e+00,-4.114196002483367920e-01,-2.484568580985069275e-02,3.007701039314270020e-01,6.124327778816223145e-01,-2.944093465805053711e+00,-4.752260446548461914e-01,-9.732976555824279785e-01,1.337521523237228394e-01,-1.850302100181579590e+00,2.210823297500610352e+00,-7.367019057273864746e-01,8.491140604019165039e-01,-9.595525860786437988e-01,-1.972278475761413574e+00,-2.018982470035552979e-01,-1.995172142982482910e+00,0.000000000000000000e+00
-1.306087374687194824e-01,-2.155673354864120483e-01,8.304727673530578613e-01,1.173952698707580566e+00,-2.339029014110565186e-01,-6.204165220260620117e-01,2.605483829975128174e-01,-1.791182160377502441e+00,6.567221879959106445e-01,-1.761802554130554199e+00,-5.239666104316711426e-01,-2.854591906070709229e-01,1.922768652439117432e-01,3.367957115173339844e+00,1.628608822822570801e+00,0.000000000000000000e+00,-3.502312898635864258e-01,1.129194140434265137e+00,4.234714806079864502e-01,6.536105275154113770e-01,2.945872247219085693e-01,3.780129253864288330e-01,-5.715234279632568359e-01,-7.161445170640945435e-02,-1.554875969886779785e+00,-2.055892795324325562e-01,-3.375608325004577637e-01,8.068181276321411133e-01,9.578807353973388672e-01,1.455332875251770020e+00,-8.843925595283508301e-02,9.330022335052490234e-01,-6.036213636398315430e-01,-5.426542162895202637e-01,1.970470696687698364e-01,1.074097871780395508e+00,1.780393958091735840e+00,-1.373153090476989746e+00,1.489532589912414551e+00,4.249098300933837891e-01,-4.663073420524597168e-01,5.725372433662414551e-01,-8.302146196365356445e-02,5.252027139067649841e-02,-1.839702367782592773e+00,-2.887361645698547363e-01,-6.600317358970642090e-01,-4.323789179325103760e-01,-2.451210021972656250e+00,-5.810189247131347656e-01,2.332010567188262939e-01,-8.158568143844604492e-01,-1.162471994757652283e-01,-9.566024541854858398e-01,7.206655740737915039e-01,7.944089174270629883e-01,-7.504206299781799316e-01,-1.028807044029235840e+00,0.000000000000000000e+00
-4.916125833988189697e-01,-1.067819356918334961e+00,3.462027907371520996e-01,3.491521179676055908e-01,5.781910941004753113e-02,2.291950881481170654e-01,2.755264341831207275e-01,-5.074711441993713379e-01,-3.914465904235839844e-01,2.005245983600616455e-01,-3.019613623619079590e-01,2.080177545547485352e+00,-1.574255824089050293e-01,5.234214663505554199e-01,-4.078333377838134766e-01,-3.502312898635864258e-01,0.000000000000000000e+00,1.091381162405014038e-01,-3.402922675013542175e-02,1.189468145370483398e+00,-4.894360899925231934e-02,3.658638000488281250e-01,8.220856189727783203e-01,-1.608843207359313965e-01,-2.375905960798263550e-01,-4.029575288295745850e-01,-9.133005738258361816e-01,7.791026234626770020e-01,-7.230795919895172119e-02,-1.353810280561447144e-01,8.145570755004882812e-01,3.541003465652465820e-01,-5.745017528533935547e-01,-1.361387491226196289e+00,-4.307439923286437988e-02,-3.473120331764221191e-01,-1.136439442634582520e+00,-7.825686931610107422e-01,8.536490797996520996e-01,-7.728779911994934082e-01,1.505723595619201660e-01,-1.657557487487792969e-01,5.631129145622253418e-01,-1.800407022237777710e-01,-4.586118161678314209e-01,-9.178704023361206055e-01,9.763325452804565430e-01,-1.140934824943542480e+00,5.902350321412086487e-02,3.352657854557037354e-01,-4.934685528278350830e-01,-1.551324129104614258e-01,1.367400735616683960e-01,1.179759502410888672e+00,-3.932580947875976562e-01,9.729779362678527832e-01,-7.265218496322631836e-01,-6.273506879806518555e-01,0.000000000000000000e+00
2.536225616931915283e-01,-6.974406242370605469e-01,-1.628241688013076782e-01,1.119261741638183594e+00,-2.115157604217529297e+00,1.206393480300903320e+00,-2.926569879055023193e-01,1.173843264579772949e+00,1.537276387214660645e+00,1.541533470153808594e+00,6.423487663269042969e-01,-5.294601321220397949e-01,5.438292026519775391e-01,1.060803771018981934e+00,6.077804565429687500e-01,1.129194140434265137e+00,1.091381162405014038e-01,0.000000000000000000e+00,2.554458856582641602e+00,1.099639534950256348e+00,-7.196829915046691895e-01,7.744261026382446289e-01,8.385332673788070679e-02,3.677646219730377197e-01,8.054724335670471191e-01,1.264387249946594238e+00,2.075178623199462891e-01,-6.336143612861633301e-01,-9.570899605751037598e-01,4.617792367935180664e-01,-3.172207158058881760e-03,1.140560805797576904e-01,-1.525323390960693359e+00,-1.351567864418029785e+00,9.926754236221313477e-02,-7.294319272041320801e-01,-5.434615015983581543e-01,-7.568604350090026855e-01,-8.206925392150878906e-01,-1.220971822738647461e+00,-1.217063143849372864e-02,-1.423831343650817871e+00,-6.464722156524658203e-01,-1.836939811706542969e+00,-1.096158251166343689e-01,2.509106636047363281e+00,-1.836269721388816833e-02,1.846782445907592773e+00,-5.720142722129821777e-01,-8.785352706909179688e-01,5.469112396240234375e-01,-1.860205054283142090e+00,6.426271796226501465e-01,-8.550809323787689209e-02,-8.642832636833190918e-01,4.357011914253234863e-01,-4.964099228382110596e-01,-2.906511783599853516e+00,0.000000000000000000e+00
-9.824974536895751953e-01,6.522927880287170410e-01,8.347955346107482910e-02,-1.354788780212402344e+00,-4.808492064476013184e-01,-2.030951380729675293e-01,-2.939360737800598145e-01,-1.032116651535034180e+00,-1.054975271224975586e+00,-2.473500728607177734e+00,5.788391232490539551e-01,-1.806311011314392090e-01,1.174720287322998047e+00,-1.291356682777404785e+00,1.556580066680908203e+00,4.234714806079864502e-01,-3.402922675013542175e-02,2.554458856582641602e+00,0.000000000000000000e+00,-4.983627200126647949e-01,4.869269132614135742e-01,1.460467465221881866e-03,-9.085441231727600098e-01,-8.056961297988891602e-01,1.911628603935241699e+00,1.440925002098083496e-01,6.241845488548278809e-01,2.082094848155975342e-01,1.107104659080505371e+00,1.121496438980102539e+00,-7.340648174285888672e-01,1.177719458937644958e-01,1.287962049245834351e-01,-4.110575318336486816e-01,7.817109227180480957e-01,8.512972295284271240e-02,6.144846677780151367e-01,7.507339119911193848e-01,1.260965466499328613e+00,1.411328077316284180e+00,1.757799275219440460e-02,5.071252956986427307e-02,1.041717171669006348e+00,1.190877676010131836e+00,-3.932931646704673767e-02,1.740655779838562012e+00,-5.607205629348754883e-01,-1.596712350845336914e+00,5.163182616233825684e-01,-1.121301531791687012e+00,-4.641928374767303467e-01,-9.688984751701354980e-01,-6.072103381156921387e-01,-3.433131575584411621e-01,-8.521508574485778809e-01,8.254681825637817383e-01,-2.827494740486145020e-01,3.575021028518676758e-01,0.000000000000000000e+00
-3.073745667934417725e-01,-1.003738522529602051e+00,-1.240794181823730469e+00,-1.199072957038879395e+00,-5.227473974227905273e-01,2.466606050729751587e-01,-6.383626461029052734e-01,-7.526879310607910156e-01,1.404550433158874512e+00,4.675660133361816406e-01,-4.319216609001159668e-01,3.857372701168060303e-01,-4.288913905620574951e-01,5.942566692829132080e-02,7.424759119749069214e-02,6.536105275154113770e-01,1.189468145370483398e+00,1.099639534950256348e+00,-4.983627200126647949e-01,0.000000000000000000e+00,1.455255270004272461e+00,2.919333696365356445e+00,6.476305127143859863e-01,1.512620806694030762e+00,3.114224672317504883e-01,3.608750700950622559e-01,-1.763256788253784180e-01,3.966642618179321289e-01,4.016258418560028076e-01,-2.536657452583312988e-01,-1.758381575345993042e-01,-9.565707296133041382e-02,1.224436461925506592e-01,-8.464688062667846680e-01,7.338838279247283936e-02,-6.449616551399230957e-01,-2.605717778205871582e-01,-6.185407638549804688e-01,-1.931497454643249512e+00,-2.293689399957656860e-01,5.785143971443176270e-01,-8.397917449474334717e-02,-1.311539649963378906e+00,-9.230049848556518555e-01,-6.040328741073608398e-01,-1.727358341217041016e+00,4.032432436943054199e-01,-9.167993664741516113e-01,-3.585084378719329834e-01,-1.971564292907714844e-01,-5.079288035631179810e-02,-9.376520514488220215e-01,-1.238997101783752441e+00,2.557216398417949677e-02,-1.576964706182479858e-01,-7.513289153575897217e-02,1.086108446121215820e+00,4.036717116832733154e-02,0.000000000000000000e+00
-4.731503427028656006e-01,-8.391656279563903809e-01,-1.179518461227416992e+00,-3.940928876399993896e-01,2.056967653334140778e-02,-7.270448654890060425e-02,2.274424433708190918e-01,1.671440154314041138e-01,7.056584954261779785e-01,1.252596259117126465e+00,-5.162476897239685059e-01,4.069300889968872070e-01,-1.421768784523010254e+00,6.573570966720581055e-01,-3.706682240590453148e-03,2.945872247219085693e-01,-4.894360899925231934e-02,-7.196829915046691895e-01,4.869269132614135742e-01,1.455255270004272461e+00,0.000000000000000000e+00,-6.341930478811264038e-02,1.405949592590332031e+00,5.007218122482299805e-01,1.931258320808410645e+00,-2.134772300720214844e+00,-3.652072250843048096e-01,1.655314683914184570e+00,4.376629590988159180e-01,1.295482039451599121e+00,9.548491835594177246e-01,-5.396183133125305176e-01,1.850085407495498657e-01,2.286237955093383789e+00,1.405575722455978394e-01,1.559292078018188477e-01,9.535326957702636719e-01,5.856994390487670898e-01,-1.695584416389465332e+00,-1.102801918983459473e+00,8.462135791778564453e-01,-3.136759698390960693e-01,-9.346595406532287598e-02,-1.791669726371765137e+00,5.283045768737792969e-01,-1.465208530426025391e+00,1.972092241048812866e-01,2.959658801555633545e-01,-1.034673824906349182e-01,-1.052938580513000488e+00,-1.262841939926147461e+00,-9.439847469329833984e-01,-1.810380101203918457e+00,2.611354589462280273e-01,9.854860305786132812e-01,1.416062861680984497e-01,-1.676981002092361450e-01,-2.118733406066894531e+00,0.000000000000000000e+00
-1.082197427749633789e+00,-1.277945995330810547e+00,-9.662371873855590820e-01,-1.339973449707031250e+00,1.060771420598030090e-01,3.485189080238342285e-01,-6.976664066314697266e-01,2.074617147445678711e-01,3.078783452510833740e-01,-1.794557273387908936e-01,8.583397865295410156e-01,-8.835429549217224121e-01,2.680615186691284180e-01,3.601254522800445557e-01,9.958156943321228027e-01,3.780129253864288330e-01,3.658638000488281250e-01,7.744261026382446289e-01,1.460467465221881866e-03,2.919333696365356445e+00,-6.341930478811264038e-02,0.000000000000000000e+00,1.790636420249938965e+00,1.393132209777832031e+00,3.311844766139984131e-01,-8.712074756622314453e-01,-5.785479545593261719e-01,1.300310850143432617e+00,6.951718926429748535e-01,4.755958616733551025e-01,5.129104107618331909e-02,-7.972361892461776733e-02,-1.311630457639694214e-01,2.886564433574676514e-01,-9.000872373580932617e-01,-7.242879271507263184e-02,-1.277522683143615723e+00,-1.347728729248046875e+00,1.324267089366912842e-01,-6.703472733497619629e-01,4.726586639881134033e-01,-9.746224284172058105e-01,5.117794871330261230e-01,4.922633171081542969e-01,-1.342876672744750977e+00,-8.160398155450820923e-02,-1.303719282150268555e+00,-1.778087377548217773e+00,-1.901963502168655396e-01,-1.024706363677978516e-01,-1.168582681566476822e-02,8.941544294357299805e-01,9.144690632820129395e-01,2.640257179737091064e-01,-2.196046590805053711e+00,-1.045181512832641602e+00,6.849379837512969971e-02,-3.316818177700042725e-01,0.000000000000000000e+00
9.963992238044738770e-01,-7.929409742355346680e-01,-8.608230352401733398e-01,-2.127471685409545898e+00,-6.221280694007873535e-01,1.252587914466857910e+00,9.714648723602294922e-01,9.438921213150024414e-01,-4.704883992671966553e-01,7.251212596893310547e-01,-1.646120846271514893e-01,2.507825791835784912e-01,8.363404870033264160e-01,2.045474648475646973e-01,3.004499673843383789e-01,-5.715234279632568359e-01,8.220856189727783203e-01,8.385332673788070679e-02,-9.085441231727600098e-01,6.476305127143859863e-01,1.405949592590332031e+00,1.790636420249938965e+00,0.000000000000000000e+00,9.983701705932617188e-01,8.421301841735839844e-01,-3.704102635383605957e-01,8.134192228317260742e-01,2.324349880218505859e+00,9.345520734786987305e-01,1.328369021415710449e+00,-1.236184120178222656e+00,2.983133196830749512e-01,-1.139376401901245117e+00,-3.051032781600952148e+00,6.667973399162292480e-01,-2.330140352249145508e+00,-1.895861178636550903e-01,4.771790504455566406e-01,6.605547666549682617e-01,1.171736717224121094e+00,2.436369806528091431e-01,1.007119417190551758e-01,-2.848454952239990234e+00,-1.213947311043739319e-01,1.449455142021179199e+00,-5.993226170539855957e-01,-5.996452271938323975e-02,-7.118883728981018066e-01,-1.386542081832885742e+00,-2.331834554672241211e+00,2.097799330949783325e-01,7.158752996474504471e-03,-8.177384138107299805e-01,8.395381569862365723e-01,-1.147457003593444824e+00,7.553198337554931641e-01,-2.895853519439697266e-01,-7.574568986892700195e-01,0.000000000000000000e+00
-3.051066398620605469e-01,-9.723148941993713379e-01,-1.721686005592346191e+00,3.321954011917114258e-01,-1.769512653350830078e+00,-1.773930788040161133e+00,-9.969965219497680664e-01,-6.883933544158935547e-01,7.245717942714691162e-02,-4.940827488899230957e-01,9.471582174301147461e-01,6.768348217010498047e-01,-1.111455440521240234e+00,-2.315162658691406250e+00,-8.740526437759399414e-01,-7.161445170640945435e-02,-1.608843207359313965e-01,3.677646219730377197e-01,-8.056961297988891602e-01,1.512620806694030762e+00,5.007218122482299805e-01,1.393132209777832031e+00,9.983701705932617188e-01,0.000000000000000000e+00,8.339275717735290527e-01,1.423965573310852051e+00,3.029287338256835938e+00,-1.331930421292781830e-02,-4.667017757892608643e-01,1.437509298324584961e+00,6.455159783363342285e-01,9.640343785285949707e-01,4.150563776493072510e-01,8.578781485557556152e-01,-1.973546892404556274e-01,9.741929769515991211e-01,1.169747829437255859e+00,-5.296673774719238281e-01,-8.441443443298339844e-01,6.009932160377502441e-01,2.488642334938049316e-01,-4.812586605548858643e-01,8.805848956108093262e-01,8.792024850845336914e-01,-1.370476365089416504e+00,-1.537370920181274414e+00,-1.472889184951782227e-01,-5.544126629829406738e-01,1.160653233528137207e+00,-1.319360613822937012e+00,-5.195847749710083008e-01,-8.839038014411926270e-01,4.838895201683044434e-01,-1.145777583122253418e+00,1.909606009721755981e-01,-1.739575713872909546e-01,8.333116769790649414e-02,-1.281977415084838867e+00,0.000000000000000000e+00
-1.273424178361892700e-01,4.884670972824096680e-01,3.701562881469726562e-01,-9.201613068580627441e-01,-7.798299193382263184e-01,1.676733255386352539e+00,-1.231956005096435547e+00,1.028751969337463379e+00,4.176684319972991943e-01,-6.855788826942443848e-01,-1.466744065284729004e+00,-4.822777584195137024e-02,-5.682633444666862488e-02,-8.700700402259826660e-01,1.132457256317138672e+00,-1.554875969886779785e+00,-2.375905960798263550e-01,8.054724335670471191e-01,1.911628603935241699e+00,3.114224672317504883e-01,1.931258320808410645e+00,3.311844766139984131e-01,8.421301841735839844e-01,8.339275717735290527e-01,0.000000000000000000e+00,1.801690697669982910e+00,8.030552864074707031e-01,1.564824581146240234e+00,-1.599019914865493774e-01,9.442005753517150879e-01,3.850892558693885803e-02,-1.253288745880126953e+00,-9.826629757881164551e-01,-2.313185930252075195e-01,-1.430094599723815918e+00,8.041956424713134766e-01,-8.005056381225585938e-01,-2.497815847396850586e+00,-1.352236792445182800e-02,-1.434545069932937622e-01,-2.516541071236133575e-02,1.907152056694030762e+00,2.016688883304595947e-01,1.845817565917968750e-01,-1.048442244529724121e+00,9.224684238433837891e-01,3.938818871974945068e-01,-1.468990743160247803e-01,-3.930306136608123779e-01,-6.675753593444824219e-01,-4.243480265140533447e-01,-7.907736301422119141e-01,7.751281857490539551e-01,3.406535089015960693e-01,1.293326139450073242e+00,3.200110048055648804e-02,-2.776520252227783203e-01,-1.226174473762512207e+00,0.000000000000000000e+00
5.164873003959655762e-01,-2.161281108856201172e-01,-1.396599709987640381e-01,3.911613225936889648e-01,-9.920499920845031738e-01,-1.214846819639205933e-01,3.750911653041839600e-01,-7.736579179763793945e-01,-5.331186056137084961e-01,-1.139216542243957520e+00,6.861519217491149902e-01,-4.342592954635620117e-01,5.961743593215942383e-01,6.906228605657815933e-03,-7.384309768676757812e-01,-2.055892795324325562e-01,-4.029575288295745850e-01,1.264387249946594238e+00,1.440925002098083496e-01,3.608750700950622559e-01,-2.134772300720214844e+00,-8.712074756622314453e-01,-3.704102635383605957e-01,1.423965573310852051e+00,1.801690697669982910e+00,0.000000000000000000e+00,1.438602805137634277e+00,-3.639057874679565430e-01,2.112658619880676270e-01,-4.046158492565155029e-01,-8.288125991821289062e-01,3.107183277606964111e-01,2.510647475719451904e-01,2.922018170356750488e-01,-5.692669749259948730e-01,1.495523452758789062e+00,1.057286858558654785e+00,-1.901212692260742188e+00,1.401338577270507812e+00,8.474900126457214355e-01,1.111811280250549316e+00,-6.462600082159042358e-02,1.349701762199401855e+00,7.394650578498840332e-01,-1.303812563419342041e-01,8.953657150268554688e-01,-1.088082313537597656e+00,-2.443016916513442993e-01,1.003753781318664551e+00,-1.279576569795608521e-01,-5.064806342124938965e-01,5.017148256301879883e-01,-3.732654750347137451e-01,6.526847481727600098e-01,-6.860002279281616211e-01,1.412479281425476074e+00,6.033310294151306152e-01,-4.147220551967620850e-01,0.000000000000000000e+00
