0.000000000000000000e+00,2.473253965377807617e+00,1.255812287330627441e+00,-7.823492288589477539e-01,1.392748802900314331e-01,4.908102154731750488e-01,-1.124998211860656738e+00,2.382825016975402832e-01,-6.137308478355407715e-01,-5.455130934715270996e-01,-1.031082794070243835e-01,-5.303319096565246582e-01,1.480797305703163147e-02,-2.514489889144897461e-01,3.298608362674713135e-01,-9.225668758153915405e-02,-5.759835243225097656e-01,-1.045613437891006470e-01,-4.604919254779815674e-01,-5.768162012100219727e-01,-3.983001410961151123e-01,-1.025970578193664551e+00,9.984984397888183594e-01,-6.417579948902130127e-03,-1.310390681028366089e-01,5.999614596366882324e-01,-1.537951976060867310e-01,-5.408098176121711731e-02,3.906887173652648926e-01,-2.394053488969802856e-01,4.691966474056243896e-01,1.047364473342895508e+00,-3.701352477073669434e-01,1.329190015792846680e+00,7.574213743209838867e-01,-1.064417362213134766e+00,-1.402608305215835571e-01,8.647454380989074707e-01,-2.805893309414386749e-02,8.360973000526428223e-01,7.297661155462265015e-02,-1.116434812545776367e+00,9.011871814727783203e-01,6.571726202964782715e-01,-8.107648491859436035e-01,-6.351058483123779297e-01,4.735199734568595886e-02,-1.246406912803649902e+00,6.869763135910034180e-02,-5.198125243186950684e-01,-1.379992723464965820e+00,-3.869993612170219421e-02,-1.395172595977783203e+00,-1.369587779045104980e+00,-3.802919015288352966e-02,1.439143300056457520e+00,-1.735403537750244141e-01,-5.324574708938598633e-01,0.000000000000000000e+00
2.473253965377807617e+00,0.000000000000000000e+00,1.023092985153198242e+00,1.060118079185485840e+00,1.672359108924865723e+00,-1.115413546562194824e+00,3.702445626258850098e-01,-4.674012660980224609e-01,-1.326325297355651855e+00,1.762484312057495117e-01,3.097410798072814941e-01,4.216927587985992432e-01,5.420800447463989258e-01,-7.228928804397583008e-02,-2.400411844253540039e+00,1.032848134636878967e-01,-7.022381424903869629e-01,-6.319268345832824707e-01,6.707923412322998047e-01,-7.413989305496215820e-01,-6.987453103065490723e-01,-9.199613928794860840e-01,-8.121823072433471680e-01,-6.574481725692749023e-01,1.253056824207305908e-01,-6.792013049125671387e-01,-7.948681116104125977e-01,3.967164754867553711e-01,-6.267492771148681641e-01,-5.801473259925842285e-01,-3.607234954833984375e-01,-4.331680536270141602e-01,2.318849563598632812e+00,3.595121502876281738e-01,2.386969625949859619e-01,-4.172611832618713379e-01,-7.265501618385314941e-01,9.811647534370422363e-01,7.258994132280349731e-02,1.131209254264831543e+00,-5.481546521186828613e-01,-1.711040288209915161e-01,1.514254063367843628e-01,-3.391276299953460693e-01,1.359121799468994141e-01,-7.114288210868835449e-01,-2.138530910015106201e-01,-1.045820236206054688e+00,-1.130919754505157471e-01,9.346277713775634766e-01,2.560535073280334473e-01,-1.676113605499267578e+00,-5.423192977905273438e-01,-4.929821789264678955e-01,9.362412095069885254e-01,1.305093646049499512e+00,7.330773025751113892e-02,1.816759824752807617e+00,0.000000000000000000e+00
1.255812287330627441e+00,1.023092985153198242e+00,0.000000000000000000e+00,1.688206553459167480e+00,1.746927648782730103e-01,8.676874041557312012e-01,1.009725928306579590e+00,5.646995306015014648e-01,-2.853280305862426758e-01,-5.620151758193969727e-01,1.670041322708129883e+00,-2.820647954940795898e-01,2.767834961414337158e-01,9.478366374969482422e-01,-8.708007931709289551e-01,8.601945042610168457e-01,-7.104547321796417236e-02,-1.866680979728698730e-01,2.592338323593139648e-01,-1.152544736862182617e+00,-1.132082939147949219e+00,-9.651246070861816406e-01,-9.193596243858337402e-01,-1.867017030715942383e+00,4.196316748857498169e-02,-1.040294915437698364e-01,-1.763651371002197266e+00,3.762638196349143982e-02,5.987857580184936523e-01,-2.327104061841964722e-01,7.441923618316650391e-01,6.916146278381347656e-01,9.544473290443420410e-01,-3.652991056442260742e-01,9.930791258811950684e-01,-6.088772416114807129e-01,-3.156004428863525391e+00,2.419902086257934570e-01,6.337708234786987305e-01,-1.273340433835983276e-01,1.196254730224609375e+00,2.663866877555847168e-01,1.472707509994506836e+00,-5.168011188507080078e-01,4.482215642929077148e-01,-9.225760698318481445e-01,3.015809878706932068e-02,4.553466141223907471e-01,5.238130688667297363e-01,-4.767012223601341248e-02,-7.108102440834045410e-01,-1.761261343955993652e+00,-1.405074913054704666e-02,-6.511981487274169922e-01,6.684785485267639160e-01,-1.148880481719970703e+00,-3.232366740703582764e-01,-2.537011802196502686e-01,0.000000000000000000e+00
-7.823492288589477539e-01,1.060118079185485840e+00,1.688206553459167480e+00,0.000000000000000000e+00,2.130403041839599609e+00,2.320158243179321289e+00,1.958166122436523438e+00,1.323759436607360840e+00,-5.415992736816406250e-01,6.121017336845397949e-01,9.539239406585693359e-01,-1.300716757774353027e+00,2.596917562186717987e-02,-8.042919039726257324e-01,-2.139527797698974609e-01,1.429026961326599121e+00,-4.819928109645843506e-02,9.187718033790588379e-01,-1.507877469062805176e+00,-1.139372706413269043e+00,-9.074692130088806152e-01,-1.547690629959106445e-01,-1.397471308708190918e+00,1.533910483121871948e-01,-1.006075382232666016e+00,7.620010375976562500e-01,-1.233713924884796143e-01,-7.431318163871765137e-01,-6.208662390708923340e-01,-9.365420937538146973e-01,-9.448827505111694336e-01,4.187601804733276367e-01,9.264259934425354004e-01,5.084329247474670410e-01,1.270519971847534180e+00,4.023535251617431641e-01,-3.983989357948303223e-01,6.107324361801147461e-01,9.888342022895812988e-01,9.815998077392578125e-01,-1.073769092559814453e+00,1.018767833709716797e+00,-2.981728315353393555e-01,-1.272870421409606934e+00,-1.437301039695739746e+00,1.221065223217010498e-01,-2.825704216957092285e-01,1.372097618877887726e-02,9.095416963100433350e-02,-2.557927370071411133e-01,-2.195562839508056641e+00,-9.500045776367187500e-01,-1.126089930534362793e+00,-2.050955034792423248e-02,1.092942133545875549e-01,-9.171589612960815430e-01,2.127770632505416870e-01,-4.283247292041778564e-01,0.000000000000000000e+00
1.392748802900314331e-01,1.672359108924865723e+00,1.746927648782730103e-01,2.130403041839599609e+00,0.000000000000000000e+00,5.356624722480773926e-01,3.279188871383666992e+00,2.255731582641601562e+00,-1.066668272018432617e+00,6.856057047843933105e-01,-8.854192495346069336e-01,-1.237518906593322754e+00,-1.849840581417083740e-01,4.785687327384948730e-01,-1.898647844791412354e-01,-3.965941667556762695e-01,3.738254904747009277e-01,-2.105323791503906250e+00,-4.997409582138061523e-01,-6.716304421424865723e-01,1.466324925422668457e-01,-2.924965620040893555e-01,-9.095809459686279297e-01,-2.104372501373291016e+00,-6.600111126899719238e-01,-4.973875284194946289e-01,1.786504864692687988e+00,1.433132588863372803e-01,-1.356480717658996582e+00,9.248909354209899902e-01,3.825510144233703613e-01,-3.344619572162628174e-01,-3.405356407165527344e-01,-2.855928242206573486e-01,3.492896556854248047e-01,8.352666348218917847e-02,-4.412869215011596680e-01,-6.739168763160705566e-01,-5.244672298431396484e-01,-2.459604740142822266e-01,-2.367794811725616455e-01,9.083982706069946289e-01,7.307187318801879883e-01,1.270766377449035645e+00,7.796416282653808594e-01,2.114785909652709961e-01,4.577088057994842529e-01,2.507058978080749512e-01,-1.122562766075134277e+00,5.601306557655334473e-01,7.668476551771163940e-02,4.169414937496185303e-01,-1.365352988243103027e+00,-1.815474331378936768e-01,5.345669388771057129e-01,-2.359278917312622070e+00,-6.808239817619323730e-01,-1.939945667982101440e-01,0.000000000000000000e+00
4.908102154731750488e-01,-1.115413546562194824e+00,8.676874041557312012e-01,2.320158243179321289e+00,5.356624722480773926e-01,0.000000000000000000e+00,2.505157709121704102e+00,1.451187133789062500e+00,1.336789965629577637e+00,6.644177436828613281e-01,-2.239671647548675537e-01,8.233436942100524902e-02,4.775874912738800049e-01,-2.039139717817306519e-01,2.403641939163208008e+00,-2.493670880794525146e-01,-8.159193210303783417e-03,1.227788805961608887e+00,-5.978992581367492676e-01,-1.480566561222076416e-01,-4.878762960433959961e-01,-3.340360820293426514e-01,1.461035966873168945e+00,-1.696712374687194824e+00,1.764332652091979980e+00,9.060513228178024292e-02,-1.501220345497131348e+00,9.154619574546813965e-01,-6.190282702445983887e-01,-7.525791525840759277e-01,-8.756933808326721191e-01,-5.088388323783874512e-01,-2.365533828735351562e+00,-1.638053297996520996e+00,1.156780123710632324e+00,5.435935854911804199e-01,2.096876800060272217e-01,7.075543999671936035e-01,-1.541785836219787598e+00,-3.118635416030883789e-01,-4.001371860504150391e-01,1.271555423736572266e+00,-1.415578842163085938e+00,-5.299720764160156250e-01,-2.036205053329467773e+00,7.200181484222412109e-01,-4.610730707645416260e-01,5.498440861701965332e-01,-2.072419524192810059e-01,5.984304547309875488e-01,-2.925049304962158203e+00,-3.197415769100189209e-01,-3.912333250045776367e-01,9.080944955348968506e-02,-1.916919112205505371e+00,-2.214981317520141602e+00,-6.189751625061035156e-01,-1.151404857635498047e+00,0.000000000000000000e+00
-1.124998211860656738e+00,3.702445626258850098e-01,1.009725928306579590e+00,1.958166122436523438e+00,3.279188871383666992e+00,2.505157709121704102e+00,0.000000000000000000e+00,2.565104246139526367e+00,-6.195961833000183105e-01,1.273634910583496094e+00,1.324158668518066406e+00,-7.033603191375732422e-01,5.716673135757446289e-01,-3.748976886272430420e-01,-7.264314293861389160e-01,3.481609821319580078e-01,1.360259801149368286e-01,7.647328078746795654e-02,3.526868671178817749e-02,-4.860018491744995117e-01,2.157392054796218872e-01,-5.716586112976074219e-01,6.342234015464782715e-01,-9.446414709091186523e-01,-1.132246017456054688e+00,3.920508027076721191e-01,-2.948318421840667725e-01,-2.848891615867614746e-01,-5.969216227531433105e-01,6.237817406654357910e-01,2.236291021108627319e-01,-1.845417380332946777e+00,-1.115519925951957703e-01,-1.342189610004425049e-01,7.755544185638427734e-01,4.357022643089294434e-01,-6.590784788131713867e-01,1.733700931072235107e-01,-8.550682663917541504e-01,8.602406382560729980e-01,3.352581560611724854e-01,-2.503456592559814453e+00,6.667692065238952637e-01,-4.895740002393722534e-02,4.255622029304504395e-01,1.657579839229583740e-01,-7.731514573097229004e-01,2.880957126617431641e-01,-1.669504940509796143e-01,-4.821124374866485596e-01,-8.092432469129562378e-02,-8.879366517066955566e-01,-1.142687201499938965e+00,-4.442801773548126221e-01,2.228893637657165527e-01,-2.757974386215209961e+00,2.337221428751945496e-02,-4.383973479270935059e-01,0.000000000000000000e+00
2.382825016975402832e-01,-4.674012660980224609e-01,5.646995306015014648e-01,1.323759436607360840e+00,2.255731582641601562e+00,1.451187133789062500e+00,2.565104246139526367e+00,0.000000000000000000e+00,2.711343467235565186e-01,-1.252810120582580566e+00,9.398418664932250977e-01,-1.791890561580657959e-01,6.697734594345092773e-01,5.402788519859313965e-01,5.927512645721435547e-01,-1.435077309608459473e+00,-5.925245881080627441e-01,1.119893431663513184e+00,-7.480978965759277344e-01,-9.154283404350280762e-01,-5.621081590652465820e-01,3.593499660491943359e-01,8.497076630592346191e-01,-9.607033729553222656e-01,7.131198048591613770e-01,3.918536603450775146e-01,-3.005190938711166382e-02,-1.245788097381591797e+00,-1.533136248588562012e+00,1.804294705390930176e+00,5.470988154411315918e-01,6.160043478012084961e-01,1.316587328910827637e-01,5.003315210342407227e-01,-2.001573085784912109e+00,-1.957072764635086060e-01,-1.299161791801452637e+00,2.107011973857879639e-01,1.258746743202209473e+00,-2.591643929481506348e-01,-1.935532242059707642e-01,3.282280862331390381e-01,-2.437483966350555420e-01,1.451332330703735352e+00,8.019309043884277344e-01,3.641330301761627197e-01,-4.522108733654022217e-01,-6.995668262243270874e-02,6.524850130081176758e-01,4.508642256259918213e-01,-7.378447055816650391e-02,-7.101919054985046387e-01,-9.342782497406005859e-01,-7.599565386772155762e-02,-2.211900949478149414e+00,-9.853267669677734375e-01,-5.795863270759582520e-01,-1.334732890129089355e+00,0.000000000000000000e+00
-6.137308478355407715e-01,-1.326325297355651855e+00,-2.853280305862426758e-01,-5.415992736816406250e-01,-1.066668272018432617e+00,1.336789965629577637e+00,-6.195961833000183105e-01,2.711343467235565186e-01,0.000000000000000000e+00,7.813218832015991211e-01,-2.172216176986694336e-01,1.742780923843383789e+00,-1.522412776947021484e+00,1.247283935546875000e+00,1.090724229812622070e+00,7.578286528587341309e-01,-6.180062294006347656e-01,1.405604958534240723e+00,-7.731310725212097168e-01,1.216363668441772461e+00,5.212523937225341797e-01,7.577731013298034668e-01,-6.797714531421661377e-02,6.536813378334045410e-01,2.425368428230285645e-01,-1.008901119232177734e+00,-8.690067529678344727e-01,4.957106411457061768e-01,4.148280024528503418e-01,1.193128108978271484e+00,-1.239017844200134277e+00,-1.096294045448303223e+00,-1.444265007972717285e+00,-4.151974320411682129e-01,-2.391455650329589844e+00,-4.366279542446136475e-01,-8.695977330207824707e-01,-1.128141760826110840e+00,-2.548170685768127441e-01,-6.580907106399536133e-01,-2.850468754768371582e-01,-2.013770341873168945e+00,1.645477712154388428e-01,-4.836311638355255127e-01,-5.016810894012451172e-01,1.830448508262634277e+00,3.140352964401245117e-01,5.164567828178405762e-01,-9.967722892761230469e-01,4.341551065444946289e-01,-9.298299551010131836e-01,8.580437898635864258e-01,3.727577626705169678e-01,1.001138836145401001e-01,-3.031265735626220703e-01,-9.659794718027114868e-02,9.116054773330688477e-01,-1.688823103904724121e-01,0.000000000000000000e+00
-5.455130934715270996e-01,1.762484312057495117e-01,-5.620151758193969727e-01,6.121017336845397949e-01,6.856057047843933105e-01,6.644177436828613281e-01,1.273634910583496094e+00,-1.252810120582580566e+00,7.813218832015991211e-01,0.000000000000000000e+00,2.858204364776611328e+00,7.722513079643249512e-01,1.249283194541931152e+00,-1.707698583602905273e+00,1.473831295967102051e+00,-1.859413385391235352e+00,4.297654628753662109e-01,1.927466750144958496e+00,-1.665167927742004395e+00,4.546816945075988770e-01,1.437013626098632812e+00,-4.253993332386016846e-01,5.672575235366821289e-01,-5.200161933898925781e-01,-8.404657244682312012e-01,-1.787604451179504395e+00,-1.439840674400329590e+00,3.203699886798858643e-01,7.800946235656738281e-01,-9.377203136682510376e-02,2.203600555658340454e-01,8.754532039165496826e-02,5.149342417716979980e-01,4.712294936180114746e-01,-8.480912446975708008e-01,-1.940224409103393555e+00,-4.931327402591705322e-01,-3.123272955417633057e-01,-5.532412528991699219e-01,6.398227810859680176e-01,4.478863999247550964e-02,-1.280055165290832520e+00,-2.053611755371093750e+00,-7.528010010719299316e-02,6.245784163475036621e-01,-8.220999240875244141e-01,-1.288726449012756348e+00,2.198770456016063690e-02,-2.161751687526702881e-01,-8.103992342948913574e-01,1.925708055496215820e+00,-3.022731542587280273e+00,-4.994806274771690369e-02,-6.798969507217407227e-01,-1.007956743240356445e+00,-1.055788844823837280e-01,1.078321814537048340e+00,-3.460201621055603027e-01,0.000000000000000000e+00
-1.031082794070243835e-01,3.097410798072814941e-01,1.670041322708129883e+00,9.539239406585693359e-01,-8.854192495346069336e-01,-2.239671647548675537e-01,1.324158668518066406e+00,9.398418664932250977e-01,-2.172216176986694336e-01,2.858204364776611328e+00,0.000000000000000000e+00,-4.783523082733154297e-01,2.124265432357788086e+00,6.369521021842956543e-01,6.180264353752136230e-01,-7.860336452722549438e-03,-3.936094045639038086e-01,4.184855222702026367e-01,2.920502722263336182e-01,-5.173268914222717285e-01,-4.218571782112121582e-01,4.897707104682922363e-01,-9.948290586471557617e-01,4.020349681377410889e-01,-9.615869522094726562e-01,-1.652554720640182495e-01,-7.529783844947814941e-01,-1.630740910768508911e-01,-1.284805297851562500e+00,-4.231287837028503418e-01,-2.613525092601776123e-01,-3.540715873241424561e-01,1.982101500034332275e-01,2.192088127136230469e+00,-5.138533115386962891e-01,4.834234714508056641e-01,6.058776974678039551e-01,3.059007525444030762e-01,-3.346510529518127441e-01,9.682847857475280762e-01,-2.165404081344604492e+00,-2.425782829523086548e-01,6.713443398475646973e-01,-5.433693528175354004e-01,-9.486827850341796875e-01,1.329415291547775269e-01,-4.490571916103363037e-01,-5.570340752601623535e-01,-1.571339219808578491e-01,8.283019661903381348e-01,1.069504499435424805e+00,-3.381866812705993652e-01,1.810561269521713257e-01,1.005868554115295410e+00,3.850256502628326416e-01,1.185757964849472046e-01,-3.889981806278228760e-01,1.855031400918960571e-01,0.000000000000000000e+00
-5.303319096565246582e-01,4.216927587985992432e-01,-2.820647954940795898e-01,-1.300716757774353027e+00,-1.237518906593322754e+00,8.233436942100524902e-02,-7.033603191375732422e-01,-1.791890561580657959e-01,1.742780923843383789e+00,7.722513079643249512e-01,-4.783523082733154297e-01,0.000000000000000000e+00,-3.453151285648345947e-01,1.127611756324768066e+00,2.254243612289428711e+00,-3.744397759437561035e-01,1.976367712020874023e+00,-5.332971811294555664e-01,-2.786539196968078613e-01,3.178299367427825928e-01,4.657586514949798584e-01,-9.822595715522766113e-01,2.215613126754760742e-01,7.744410037994384766e-01,-8.110354654490947723e-03,-3.382418155670166016e-01,1.866246312856674194e-01,-4.699997901916503906e-01,1.094094038009643555e+00,-1.972893923521041870e-01,-5.017727017402648926e-01,-8.694940060377120972e-02,-3.743913769721984863e-01,-6.187706589698791504e-01,-3.976157307624816895e-01,-3.760527968406677246e-01,-1.214272379875183105e+00,4.351605772972106934e-01,-1.556280851364135742e+00,-5.572007894515991211e-01,-2.519940771162509918e-02,-3.383117020130157471e-01,-3.067258596420288086e-01,-3.004787564277648926e-01,4.901636540889739990e-01,-8.493630886077880859e-01,1.047477349638938904e-01,-8.823733329772949219e-01,-6.146397590637207031e-01,-2.756873071193695068e-01,4.071804881095886230e-01,-2.138548791408538818e-01,-6.804113388061523438e-01,-2.154860459268093109e-02,-5.405364930629730225e-02,-1.281186044216156006e-01,7.500100135803222656e-01,5.544223189353942871e-01,0.000000000000000000e+00
1.480797305703163147e-02,5.420800447463989258e-01,2.767834961414337158e-01,2.596917562186717987e-02,-1.849840581417083740e-01,4.775874912738800049e-01,5.716673135757446289e-01,6.697734594345092773e-01,-1.522412776947021484e+00,1.249283194541931152e+00,2.124265432357788086e+00,-3.453151285648345947e-01,0.000000000000000000e+00,1.832597374916076660e+00,2.405232191085815430e+00,-1.614931076765060425e-01,-8.774672746658325195e-01,5.314166545867919922e-01,1.109450459480285645e+00,-2.571871038526296616e-03,-1.215331077575683594e+00,4.612408578395843506e-01,4.320268332958221436e-01,-6.285296678543090820e-01,1.856250166893005371e-01,7.403959631919860840e-01,-6.048908233642578125e-01,-1.964666128158569336e+00,-9.514688253402709961e-01,5.700542926788330078e-01,-2.751283645629882812e-01,4.540158808231353760e-02,1.480982303619384766e+00,-9.235973954200744629e-01,-5.206325054168701172e-01,-1.194593757390975952e-01,7.885190844535827637e-01,-1.812035441398620605e+00,8.047308325767517090e-01,-4.145233333110809326e-01,7.261381745338439941e-01,-5.818887352943420410e-01,-3.380542993545532227e-01,1.595859378576278687e-01,-1.232905387878417969e+00,1.384230256080627441e+00,1.365917086601257324e+00,-6.754082441329956055e-01,-5.949394106864929199e-01,5.549998879432678223e-01,2.845914065837860107e-01,2.830984592437744141e-01,-8.148086071014404297e-01,-2.669163048267364502e-01,6.761224865913391113e-01,-1.680781483650207520e+00,-4.778771400451660156e-01,-5.961453542113304138e-03,0.000000000000000000e+00
-2.514489889144897461e-01,-7.228928804397583008e-02,9.478366374969482422e-01,-8.042919039726257324e-01,4.785687327384948730e-01,-2.039139717817306519e-01,-3.748976886272430420e-01,5.402788519859313965e-01,1.247283935546875000e+00,-1.707698583602905273e+00,6.369521021842956543e-01,1.127611756324768066e+00,1.832597374916076660e+00,0.000000000000000000e+00,1.484073519706726074e+00,2.963320493698120117e+00,2.515836358070373535e-01,5.681540966033935547e-01,-1.273476958274841309e+00,-3.336890414357185364e-02,-4.824227392673492432e-01,1.429225411266088486e-02,3.078247308731079102e-01,-2.324295043945312500e+00,-5.213758349418640137e-01,2.763049602508544922e-01,-8.485841155052185059e-01,-1.244907855987548828e+00,-9.184088557958602905e-02,2.670444315299391747e-03,9.168052673339843750e-01,6.521229743957519531e-01,-1.642468452453613281e+00,2.193873077630996704e-01,2.187389731407165527e-01,7.552608251571655273e-01,5.625528693199157715e-01,-2.965138852596282959e-01,1.171980500221252441e+00,5.233672261238098145e-01,-1.405550599098205566e+00,-1.344798445701599121e+00,5.185053125023841858e-02,2.065848708152770996e-01,7.111734151840209961e-01,-9.774209856986999512e-01,-3.101374864578247070e+00,4.447548985481262207e-01,-4.593431055545806885e-01,-6.845659613609313965e-01,-5.927983298897743225e-02,6.081292033195495605e-01,-5.875701308250427246e-01,-1.593594402074813843e-01,1.041294075548648834e-02,1.500635623931884766e+00,-2.239848673343658447e-01,2.502287030220031738e-01,0.000000000000000000e+00
3.298608362674713135e-01,-2.400411844253540039e+00,-8.708007931709289551e-01,-2.139527797698974609e-01,-1.898647844791412354e-01,2.403641939163208008e+00,-7.264314293861389160e-01,5.927512645721435547e-01,1.090724229812622070e+00,1.473831295967102051e+00,6.180264353752136230e-01,2.254243612289428711e+00,2.405232191085815430e+00,1.484073519706726074e+00,0.000000000000000000e+00,1.118461370468139648e+00,-4.086062312126159668e-01,6.051110625267028809e-01,1.752909302711486816e+00,-1.023528501391410828e-01,-5.469524860382080078e-01,1.308849811553955078e+00,6.140579581260681152e-01,-1.720415949821472168e-01,1.349775671958923340e+00,-1.193594813346862793e+00,2.575469017028808594e-01,-1.275096178054809570e+00,-1.205271959304809570e+00,2.902441620826721191e-01,-9.017748236656188965e-01,9.175091385841369629e-01,-3.895525932312011719e+00,-1.849066376686096191e+00,-1.059758424758911133e+00,5.361320450901985168e-02,-4.282140433788299561e-01,-4.551608860492706299e-01,7.227790951728820801e-01,-1.418357491493225098e+00,-1.193099260330200195e+00,-2.255671977996826172e+00,2.823004722595214844e-01,9.914338588714599609e-02,2.030035108327865601e-01,7.527154088020324707e-01,-3.338102817535400391e+00,-2.251032292842864990e-01,-1.460816025733947754e+00,-3.541233241558074951e-01,-1.860059022903442383e+00,2.210398912429809570e+00,-6.821730732917785645e-02,7.349139451980590820e-01,-9.490112066268920898e-01,-1.778645277023315430e+00,-4.893647730350494385e-01,-2.387432336807250977e+00,0.000000000000000000e+00
-9.225668758153915405e-02,1.032848134636878967e-01,8.601945042610168457e-01,1.429026961326599121e+00,-3.965941667556762695e-01,-2.493670880794525146e-01,3.481609821319580078e-01,-1.435077309608459473e+00,7.578286528587341309e-01,-1.859413385391235352e+00,-7.860336452722549438e-03,-3.744397759437561035e-01,-1.614931076765060425e-01,2.963320493698120117e+00,1.118461370468139648e+00,0.000000000000000000e+00,-6.405856013298034668e-01,1.633246898651123047e+00,-1.135852932929992676e-01,-1.521024256944656372e-01,-9.711680561304092407e-02,7.910739183425903320e-01,-1.410232186317443848e-01,-7.457113265991210938e-01,-2.031164884567260742e+00,-1.849168539047241211e-01,1.156535446643829346e-01,5.589047670364379883e-01,6.853444576263427734e-01,1.683839321136474609e+00,-4.307899475097656250e-01,1.022168636322021484e+00,-7.227960824966430664e-01,-7.516673952341079712e-02,-1.192559525370597839e-01,1.746672272682189941e+00,1.867507219314575195e+00,-1.134620308876037598e+00,9.953897595405578613e-01,8.293687701225280762e-01,-3.598916903138160706e-02,4.550638794898986816e-01,1.936538219451904297e-01,3.711326420307159424e-01,-2.616998672485351562e+00,5.417019128799438477e-01,-3.505166769027709961e-01,-6.272692680358886719e-01,-1.895951509475708008e+00,-3.978021442890167236e-02,5.016358196735382080e-02,-1.225730895996093750e+00,-5.156847834587097168e-01,-2.769015729427337646e-01,5.537748932838439941e-01,6.642152667045593262e-01,-9.484244585037231445e-01,-1.198243856430053711e+00,0.000000000000000000e+00
-5.759835243225097656e-01,-7.022381424903869629e-01,-7.104547321796417236e-02,-4.819928109645843506e-02,3.738254904747009277e-01,-8.159193210303783417e-03,1.360259801149368286e-01,-5.925245881080627441e-01,-6.180062294006347656e-01,4.297654628753662109e-01,-3.936094045639038086e-01,1.976367712020874023e+00,-8.774672746658325195e-01,2.515836358070373535e-01,-4.086062312126159668e-01,-6.405856013298034668e-01,0.000000000000000000e+00,1.694580763578414917e-01,-2.205036580562591553e-01,8.981341123580932617e-01,3.707078844308853149e-02,2.136794626712799072e-01,3.251597583293914795e-01,-2.750125229358673096e-01,-5.305783152580261230e-01,-4.643875956535339355e-01,-8.685179352760314941e-01,6.984896659851074219e-01,1.335419416427612305e-01,-3.355798870325088501e-02,1.323137521743774414e+00,3.159857094287872314e-01,-4.209232032299041748e-01,-1.340889096260070801e+00,-1.628823280334472656e-01,-9.551110863685607910e-01,-7.771488428115844727e-01,-1.127230167388916016e+00,3.605315089225769043e-01,-4.973740875720977783e-01,1.242089509963989258e+00,-1.559732258319854736e-01,2.988361716270446777e-01,-1.654790639877319336e-01,-6.848525255918502808e-02,-6.959453821182250977e-01,1.003019332885742188e+00,-4.429075419902801514e-01,-5.365632772445678711e-01,6.722261197865009308e-03,-1.949424482882022858e-02,7.296505570411682129e-01,2.791219353675842285e-01,1.160405755043029785e+00,-3.629228174686431885e-01,1.088422536849975586e+00,-2.530967593193054199e-01,-2.321825921535491943e-01,0.000000000000000000e+00
-1.045613437891006470e-01,-6.319268345832824707e-01,-1.866680979728698730e-01,9.187718033790588379e-01,-2.105323791503906250e+00,1.227788805961608887e+00,7.647328078746795654e-02,1.119893431663513184e+00,1.405604958534240723e+00,1.927466750144958496e+00,4.184855222702026367e-01,-5.332971811294555664e-01,5.314166545867919922e-01,5.681540966033935547e-01,6.051110625267028809e-01,1.633246898651123047e+00,1.694580763578414917e-01,0.000000000000000000e+00,2.914005041122436523e+00,1.205910921096801758e+00,1.579070538282394409e-01,1.005561232566833496e+00,-3.685430586338043213e-01,5.827313065528869629e-01,5.528156161308288574e-01,8.130423426628112793e-01,-1.080024540424346924e-01,-1.096856117248535156e+00,-1.202754259109497070e+00,5.462170243263244629e-01,3.717437982559204102e-01,-3.169786036014556885e-01,-1.500768303871154785e+00,-8.961606025695800781e-01,1.555717587471008301e-01,-5.011628866195678711e-01,-2.911904640495777130e-02,-6.807401776313781738e-01,-1.587379574775695801e+00,-4.993379414081573486e-01,1.484462469816207886e-01,-1.766656756401062012e+00,-6.832011938095092773e-01,-1.567108631134033203e+00,-1.217870488762855530e-01,2.501861810684204102e+00,-3.094545602798461914e-01,1.568951010704040527e+00,-4.372339844703674316e-01,-2.892093658447265625e-01,-1.057849973440170288e-01,-1.884155154228210449e+00,7.550162076950073242e-01,-5.643119812011718750e-01,-7.906749248504638672e-01,2.460003495216369629e-01,-5.084022283554077148e-01,-3.223109483718872070e+00,0.000000000000000000e+00
-4.604919254779815674e-01,6.707923412322998047e-01,2.592338323593139648e-01,-1.507877469062805176e+00,-4.997409582138061523e-01,-5.978992581367492676e-01,3.526868671178817749e-02,-7.480978965759277344e-01,-7.731310725212097168e-01,-1.665167927742004395e+00,2.920502722263336182e-01,-2.786539196968078613e-01,1.109450459480285645e+00,-1.273476958274841309e+00,1.752909302711486816e+00,-1.135852932929992676e-01,-2.205036580562591553e-01,2.914005041122436523e+00,0.000000000000000000e+00,-3.595410585403442383e-01,5.338550209999084473e-01,7.717983126640319824e-01,1.929929256439208984e-01,-1.224289894104003906e+00,1.937554836273193359e+00,-5.904018878936767578e-01,4.256518185138702393e-01,1.961342841386795044e-01,1.145459413528442383e+00,8.938304781913757324e-01,-7.276506423950195312e-01,3.078569769859313965e-01,3.142230510711669922e-01,-7.666521072387695312e-01,8.011687397956848145e-01,-1.593735516071319580e-01,3.511195182800292969e-01,5.896704196929931641e-01,1.478655099868774414e+00,1.074210882186889648e+00,-3.705557584762573242e-01,-5.462492629885673523e-02,9.483711719512939453e-01,9.969149827957153320e-01,-1.697224229574203491e-01,1.743857145309448242e+00,-3.659687340259552002e-01,-1.397806882858276367e+00,4.985625743865966797e-01,-1.641558289527893066e+00,-3.938365578651428223e-01,-1.029508948326110840e+00,-6.683846712112426758e-01,-2.168616047129034996e-03,-8.165398836135864258e-01,5.801621079444885254e-01,-2.676818072795867920e-01,3.149193227291107178e-01,0.000000000000000000e+00
-5.768162012100219727e-01,-7.413989305496215820e-01,-1.152544736862182617e+00,-1.139372706413269043e+00,-6.716304421424865723e-01,-1.480566561222076416e-01,-4.860018491744995117e-01,-9.154283404350280762e-01,1.216363668441772461e+00,4.546816945075988770e-01,-5.173268914222717285e-01,3.178299367427825928e-01,-2.571871038526296616e-03,-3.336890414357185364e-02,-1.023528501391410828e-01,-1.521024256944656372e-01,8.981341123580932617e-01,1.205910921096801758e+00,-3.595410585403442383e-01,0.000000000000000000e+00,1.845786571502685547e+00,3.064551830291748047e+00,5.001966357231140137e-01,1.392485260963439941e+00,2.841603755950927734e-01,3.181050419807434082e-01,7.688281126320362091e-03,6.401624083518981934e-01,2.735968828201293945e-01,-2.964847385883331299e-01,6.504324078559875488e-02,-3.999304026365280151e-02,-3.731453092768788338e-03,-3.201092183589935303e-01,1.116778925061225891e-01,-6.858171820640563965e-01,-4.833703935146331787e-01,-3.628007173538208008e-01,-1.514734148979187012e+00,-7.195235043764114380e-02,5.289245247840881348e-01,8.070880919694900513e-02,-1.224402308464050293e+00,-4.544899165630340576e-01,-6.096615791320800781e-01,-1.427819013595581055e+00,2.898969054222106934e-01,-7.766107320785522461e-01,-7.494022250175476074e-01,-1.804837286472320557e-01,-2.939485013484954834e-01,-1.058452367782592773e+00,-1.452914237976074219e+00,-1.187151446938514709e-01,-3.373855650424957275e-01,-1.077578067779541016e-01,1.043673753738403320e+00,7.792365550994873047e-02,0.000000000000000000e+00
-3.983001410961151123e-01,-6.987453103065490723e-01,-1.132082939147949219e+00,-9.074692130088806152e-01,1.466324925422668457e-01,-4.878762960433959961e-01,2.157392054796218872e-01,-5.621081590652465820e-01,5.212523937225341797e-01,1.437013626098632812e+00,-4.218571782112121582e-01,4.657586514949798584e-01,-1.215331077575683594e+00,-4.824227392673492432e-01,-5.469524860382080078e-01,-9.711680561304092407e-02,3.707078844308853149e-02,1.579070538282394409e-01,5.338550209999084473e-01,1.845786571502685547e+00,0.000000000000000000e+00,-1.089474111795425415e-01,1.355602264404296875e+00,4.624017775058746338e-01,1.839946985244750977e+00,-2.071390867233276367e+00,-3.740114271640777588e-01,1.603720664978027344e+00,4.932113587856292725e-01,1.520725846290588379e+00,9.653965830802917480e-01,-8.583135604858398438e-01,3.585949838161468506e-01,2.204859495162963867e+00,3.417102396488189697e-01,5.768917202949523926e-01,8.682658672332763672e-01,5.461981892585754395e-01,-1.070442438125610352e+00,-6.047165393829345703e-01,4.735571742057800293e-01,-2.509167194366455078e-01,1.003276109695434570e-01,-1.371121525764465332e+00,2.157835513353347778e-01,-1.569819211959838867e+00,6.545814871788024902e-01,1.880467832088470459e-01,-4.546109139919281006e-01,-4.604787230491638184e-01,-1.446594357490539551e+00,-1.049993157386779785e+00,-2.199971914291381836e+00,-4.977063275873661041e-03,1.064265727996826172e+00,1.728579550981521606e-01,-3.423142433166503906e-02,-1.844345808029174805e+00,0.000000000000000000e+00
-1.025970578193664551e+00,-9.199613928794860840e-01,-9.651246070861816406e-01,-1.547690629959106445e-01,-2.924965620040893555e-01,-3.340360820293426514e-01,-5.716586112976074219e-01,3.593499660491943359e-01,7.577731013298034668e-01,-4.253993332386016846e-01,4.897707104682922363e-01,-9.822595715522766113e-01,4.612408578395843506e-01,1.429225411266088486e-02,1.308849811553955078e+00,7.910739183425903320e-01,2.136794626712799072e-01,1.005561232566833496e+00,7.717983126640319824e-01,3.064551830291748047e+00,-1.089474111795425415e-01,0.000000000000000000e+00,1.562159299850463867e+00,1.349208831787109375e+00,4.225395917892456055e-01,-9.829296916723251343e-02,-5.131458044052124023e-01,9.093629717826843262e-01,3.206128478050231934e-01,5.801863074302673340e-01,7.382837682962417603e-02,3.350870013236999512e-01,-3.103764355182647705e-02,-1.192604377865791321e-02,-1.593631148338317871e+00,9.407043457031250000e-02,-1.113659143447875977e+00,-1.725183486938476562e+00,2.878712117671966553e-01,-1.032165527343750000e+00,-2.690020203590393066e-01,-7.497911453247070312e-01,5.420890450477600098e-01,6.090983748435974121e-01,-6.618369221687316895e-01,2.901101708412170410e-01,-1.321029424667358398e+00,-1.487750291824340820e+00,-9.521836787462234497e-02,-1.592364460229873657e-01,1.362728625535964966e-01,7.380369305610656738e-01,1.808571964502334595e-01,2.295255959033966064e-01,-2.626674652099609375e+00,-1.499248266220092773e+00,-1.062509790062904358e-01,-4.411020874977111816e-01,0.000000000000000000e+00
9.984984397888183594e-01,-8.121823072433471680e-01,-9.193596243858337402e-01,-1.397471308708190918e+00,-9.095809459686279297e-01,1.461035966873168945e+00,6.342234015464782715e-01,8.497076630592346191e-01,-6.797714531421661377e-02,5.672575235366821289e-01,-9.948290586471557617e-01,2.215613126754760742e-01,4.320268332958221436e-01,3.078247308731079102e-01,6.140579581260681152e-01,-1.410232186317443848e-01,3.251597583293914795e-01,-3.685430586338043213e-01,1.929929256439208984e-01,5.001966357231140137e-01,1.355602264404296875e+00,1.562159299850463867e+00,0.000000000000000000e+00,9.310419559478759766e-01,8.958659768104553223e-01,-3.085078001022338867e-01,6.859085559844970703e-01,2.323593139648437500e+00,9.754887223243713379e-01,1.411705374717712402e+00,-1.616290092468261719e+00,6.784197092056274414e-01,-1.242533802986145020e+00,-2.965470790863037109e+00,8.868035078048706055e-01,-1.494156479835510254e+00,-5.762480497360229492e-01,5.936980247497558594e-01,4.892657399177551270e-01,1.164815545082092285e+00,3.645524084568023682e-01,3.729589283466339111e-01,-1.484839677810668945e+00,-3.736381884664297104e-03,1.072985410690307617e+00,-6.227285861968994141e-01,-1.655317097902297974e-01,-3.972765505313873291e-01,-1.807636380195617676e+00,-1.861917853355407715e+00,3.497955203056335449e-01,-2.520928680896759033e-01,2.462992211803793907e-03,4.316213428974151611e-01,-1.313799262046813965e+00,2.268188595771789551e-01,-2.564265131950378418e-01,-7.147811651229858398e-01,0.000000000000000000e+00
-6.417579948902130127e-03,-6.574481725692749023e-01,-1.867017030715942383e+00,1.533910483121871948e-01,-2.104372501373291016e+00,-1.696712374687194824e+00,-9.446414709091186523e-01,-9.607033729553222656e-01,6.536813378334045410e-01,-5.200161933898925781e-01,4.020349681377410889e-01,7.744410037994384766e-01,-6.285296678543090820e-01,-2.324295043945312500e+00,-1.720415949821472168e-01,-7.457113265991210938e-01,-2.750125229358673096e-01,5.827313065528869629e-01,-1.224289894104003906e+00,1.392485260963439941e+00,4.624017775058746338e-01,1.349208831787109375e+00,9.310419559478759766e-01,0.000000000000000000e+00,1.072777152061462402e+00,1.129989147186279297e+00,3.020106315612792969e+00,2.449998259544372559e-02,-3.299647867679595947e-01,1.360964179039001465e+00,8.732070922851562500e-01,1.413895010948181152e+00,4.746428132057189941e-01,7.640486359596252441e-01,-3.963351845741271973e-01,8.341621756553649902e-01,1.039305210113525391e+00,-4.533009827136993408e-01,-5.254706740379333496e-01,2.529699504375457764e-01,6.996058225631713867e-01,-5.955727100372314453e-01,4.880429804325103760e-01,1.308203220367431641e+00,-1.481331110000610352e+00,-1.350256443023681641e+00,-5.057109594345092773e-01,-9.877570867538452148e-01,1.228357434272766113e+00,-1.025285601615905762e+00,-3.599974215030670166e-01,-1.092951297760009766e+00,4.102497100830078125e-01,-1.040963888168334961e+00,-2.331257611513137817e-01,-2.990225553512573242e-01,1.292127668857574463e-01,-1.027569055557250977e+00,0.000000000000000000e+00
-1.310390681028366089e-01,1.253056824207305908e-01,4.196316748857498169e-02,-1.006075382232666016e+00,-6.600111126899719238e-01,1.764332652091979980e+00,-1.132246017456054688e+00,7.131198048591613770e-01,2.425368428230285645e-01,-8.404657244682312012e-01,-9.615869522094726562e-01,-8.110354654490947723e-03,1.856250166893005371e-01,-5.213758349418640137e-01,1.349775671958923340e+00,-2.031164884567260742e+00,-5.305783152580261230e-01,5.528156161308288574e-01,1.937554836273193359e+00,2.841603755950927734e-01,1.839946985244750977e+00,4.225395917892456055e-01,8.958659768104553223e-01,1.072777152061462402e+00,0.000000000000000000e+00,2.155158519744873047e+00,7.550448775291442871e-01,1.608648419380187988e+00,-6.474662572145462036e-02,1.313044548034667969e+00,2.398968636989593506e-01,-9.795102477073669434e-01,-9.125551581382751465e-01,-7.116817235946655273e-01,-1.858461260795593262e+00,5.885381698608398438e-01,-1.493569314479827881e-01,-1.897902488708496094e+00,5.369408130645751953e-01,3.003703355789184570e-01,5.121517926454544067e-02,1.599240899085998535e+00,-2.528807818889617920e-01,1.676864326000213623e-01,-1.520702004432678223e+00,1.140865325927734375e+00,4.545163512229919434e-01,-5.780750513076782227e-02,-8.288237452507019043e-01,-1.187317728996276855e+00,-8.501256704330444336e-01,-9.146251678466796875e-01,1.244631409645080566e+00,4.836076200008392334e-01,1.059732317924499512e+00,-2.505983710289001465e-01,-5.261859893798828125e-01,-1.248877644538879395e+00,0.000000000000000000e+00
5.999614596366882324e-01,-6.792013049125671387e-01,-1.040294915437698364e-01,7.620010375976562500e-01,-4.973875284194946289e-01,9.060513228178024292e-02,3.920508027076721191e-01,3.918536603450775146e-01,-1.008901119232177734e+00,-1.787604451179504395e+00,-1.652554720640182495e-01,-3.382418155670166016e-01,7.403959631919860840e-01,2.763049602508544922e-01,-1.193594813346862793e+00,-1.849168539047241211e-01,-4.643875956535339355e-01,8.130423426628112793e-01,-5.904018878936767578e-01,3.181050419807434082e-01,-2.071390867233276367e+00,-9.829296916723251343e-02,-3.085078001022338867e-01,1.129989147186279297e+00,2.155158519744873047e+00,0.000000000000000000e+00,1.842379450798034668e+00,-2.551013827323913574e-01,2.538436651229858398e-01,-3.092829287052154541e-01,-4.977695047855377197e-01,1.413897275924682617e-01,1.469873487949371338e-01,2.252259999513626099e-01,-7.197916507720947266e-01,1.331799864768981934e+00,9.739652872085571289e-01,-2.050478458404541016e+00,1.562506198883056641e+00,5.667454004287719727e-01,9.979540705680847168e-01,2.794328927993774414e-01,1.415302872657775879e+00,2.724269926548004150e-01,5.334830880165100098e-01,1.085252881050109863e+00,-3.509295582771301270e-01,-5.419371128082275391e-01,1.187805175781250000e+00,5.446048974990844727e-01,-6.223331689834594727e-01,3.960950300097465515e-02,-7.170987725257873535e-01,6.258867383003234863e-01,-8.933960795402526855e-01,9.347214102745056152e-01,4.429093301296234131e-01,-4.035805463790893555e-01,0.000000000000000000e+00
