0.000000000000000000e+00,2.017853021621704102e+00,1.595928788185119629e+00,-8.940625786781311035e-01,9.251331537961959839e-02,-2.664472460746765137e-01,-9.962877631187438965e-01,4.567452371120452881e-01,-3.418748378753662109e-01,-2.151828050613403320e+00,-9.701594710350036621e-02,-4.234993159770965576e-01,7.425403594970703125e-01,-7.779501378536224365e-02,-3.554815948009490967e-01,-4.181929826736450195e-01,-8.540827631950378418e-01,8.957223296165466309e-01,-1.017643451690673828e+00,2.102796882390975952e-01,-9.789332747459411621e-01,-3.321828842163085938e-01,1.467301964759826660e+00,5.212195962667465210e-02,-2.238624393939971924e-01,8.107852339744567871e-01,-1.514887332916259766e+00,2.455345988273620605e-01,7.596539855003356934e-01,-3.274137973785400391e-01,1.603090316057205200e-01,1.176421999931335449e+00,-9.896159917116165161e-02,1.388331055641174316e+00,1.149089932441711426e+00,-4.106673896312713623e-01,-8.204986453056335449e-01,1.630167514085769653e-01,9.026077389717102051e-01,1.375179290771484375e-01,-1.383964866399765015e-01,-1.574685096740722656e+00,4.009164273738861084e-01,6.080329045653343201e-02,-2.189025402069091797e+00,-2.458204776048660278e-01,1.929451338946819305e-02,-2.196403145790100098e-01,4.694371521472930908e-01,2.752685844898223877e-01,-1.508304953575134277e+00,4.608598053455352783e-01,1.537228077650070190e-01,-3.265508115291595459e-01,3.641958907246589661e-02,1.967994689941406250e+00,-3.860059976577758789e-01,-1.109124183654785156e+00,-1.370018005371093750e+00
2.017853021621704102e+00,0.000000000000000000e+00,2.947999238967895508e-01,-5.710972547531127930e-01,2.075587749481201172e+00,-9.191071987152099609e-01,1.095439434051513672e+00,-1.103193640708923340e+00,-1.332363009452819824e+00,1.643051981925964355e+00,-4.894056022167205811e-01,-3.694889247417449951e-01,9.445480108261108398e-01,9.791292548179626465e-01,-2.169024229049682617e+00,2.067251130938529968e-02,-1.537898778915405273e+00,-7.127100825309753418e-01,8.260136842727661133e-01,-6.867460608482360840e-01,-4.689538180828094482e-01,-2.111043483018875122e-01,3.643831312656402588e-01,-7.311781644821166992e-01,7.210769653320312500e-01,-1.265218496322631836e+00,-3.332019448280334473e-01,-1.016462445259094238e+00,-6.413002610206604004e-01,-4.527346193790435791e-01,5.964382290840148926e-01,-4.592741131782531738e-01,2.100294589996337891e+00,1.474840044975280762e-01,-1.575596779584884644e-01,-5.635302886366844177e-02,5.661437511444091797e-01,8.145528435707092285e-01,4.177369773387908936e-01,6.177577972412109375e-01,1.431441027671098709e-02,-1.195294976234436035e+00,-6.258617639541625977e-01,6.650815904140472412e-02,3.236632645130157471e-01,-2.013296075165271759e-02,-8.943873047828674316e-01,-2.707716703414916992e+00,2.532727420330047607e-01,1.764326691627502441e-01,4.178915321826934814e-01,-9.150600433349609375e-02,-1.575678586959838867e-02,-1.926817446947097778e-01,4.107831120491027832e-01,1.525716900825500488e+00,-4.025902599096298218e-02,1.968137145042419434e+00,3.716080486774444580e-01
1.595928788185119629e+00,2.947999238967895508e-01,0.000000000000000000e+00,2.220254898071289062e+00,1.089091539382934570e+00,1.095773577690124512e+00,1.001672863960266113e+00,9.600753784179687500e-01,5.167350769042968750e-01,-3.922619223594665527e-01,1.521035671234130859e+00,-1.213486552238464355e+00,1.376004099845886230e+00,1.121092081069946289e+00,-1.323310494422912598e+00,-1.692846775054931641e+00,1.895703971385955811e-01,5.384085178375244141e-01,-4.325567185878753662e-02,-1.097438693046569824e+00,4.635861515998840332e-01,3.540647625923156738e-01,-1.879347562789916992e+00,-2.321470737457275391e+00,1.383258938789367676e+00,-1.504519104957580566e+00,-2.343521833419799805e+00,5.147843435406684875e-02,-6.934584975242614746e-01,-6.952452659606933594e-01,6.987168192863464355e-01,6.924031376838684082e-01,1.333709061145782471e-01,-9.534372687339782715e-01,7.447729110717773438e-01,-7.473168522119522095e-02,-2.814312696456909180e+00,-4.791487753391265869e-01,1.003173947334289551e+00,-3.870590329170227051e-01,1.957940459251403809e+00,1.311542093753814697e-01,7.717238068580627441e-01,-4.789487719535827637e-01,-1.792292892932891846e-01,-1.060899138450622559e+00,-2.829722315073013306e-02,6.194201707839965820e-01,2.193117886781692505e-01,-5.741398781538009644e-03,-8.493331074714660645e-01,-2.004649162292480469e+00,-2.636521756649017334e-01,8.162649869918823242e-01,4.015106260776519775e-01,-1.910747885704040527e+00,-1.345544904470443726e-01,-1.186766102910041809e-01,2.880693376064300537e-01
-8.940625786781311035e-01,-5.710972547531127930e-01,2.220254898071289062e+00,0.000000000000000000e+00,1.471958160400390625e+00,2.278478860855102539e+00,7.307740449905395508e-01,6.609220504760742188e-01,-3.120207786560058594e-01,-1.204857349395751953e+00,1.453181743621826172e+00,-6.371128559112548828e-01,-2.443134635686874390e-01,-1.533571243286132812e+00,4.249746501445770264e-01,1.734398365020751953e+00,9.520506262779235840e-01,1.199743151664733887e+00,-1.650923728942871094e+00,-4.892379939556121826e-01,-1.583561420440673828e+00,-1.782425880432128906e+00,-2.530147135257720947e-01,8.989218473434448242e-01,-1.183227896690368652e+00,4.765989482402801514e-01,-1.168870329856872559e+00,-1.934430450201034546e-01,-4.570530652999877930e-01,-8.235997706651687622e-02,-2.326204180717468262e-01,6.166613698005676270e-01,5.185839533805847168e-01,1.031211137771606445e+00,1.093330860137939453e+00,4.669677913188934326e-01,3.652095794677734375e-01,6.368663311004638672e-01,1.188506603240966797e+00,7.907258272171020508e-01,-2.573192834854125977e+00,1.018150568008422852e+00,-1.188706398010253906e+00,-1.962215542793273926e+00,-1.577796339988708496e+00,9.909932017326354980e-01,-2.944029271602630615e-01,1.206624507904052734e+00,3.643251657485961914e-01,5.419787168502807617e-01,-3.273563623428344727e+00,-1.470245718955993652e+00,-2.686631977558135986e-01,5.371595621109008789e-01,6.387659907341003418e-01,-7.863141596317291260e-02,-8.350631594657897949e-01,-3.509695231914520264e-01,-7.783839106559753418e-01
9.251331537961959839e-02,2.075587749481201172e+00,1.089091539382934570e+00,1.471958160400390625e+00,0.000000000000000000e+00,9.549920558929443359e-01,3.224173069000244141e+00,2.916214466094970703e+00,-1.457723677158355713e-01,1.267001867294311523e+00,-6.465046405792236328e-01,-1.189626336097717285e+00,-1.374271392822265625e+00,-5.560657382011413574e-01,-3.534324765205383301e-01,-7.048776745796203613e-01,-9.769396185874938965e-01,-6.799684762954711914e-01,-1.005581259727478027e+00,-1.590840667486190796e-01,-1.851663351058959961e+00,6.525658965110778809e-01,2.444092631340026855e-01,-4.012102186679840088e-01,-8.224100470542907715e-01,-3.451269567012786865e-01,6.797686815261840820e-01,-1.638044357299804688e+00,-1.754364371299743652e+00,7.919500470161437988e-01,-2.371501326560974121e-01,5.708619952201843262e-01,-3.889425992965698242e-01,-6.447981595993041992e-01,5.752956271171569824e-01,1.027902722358703613e+00,-7.768176198005676270e-01,2.216184139251708984e-01,-1.179406881332397461e+00,4.677760899066925049e-01,-7.412725090980529785e-01,5.640593767166137695e-01,-3.598503768444061279e-02,1.881806552410125732e-02,7.380408048629760742e-01,8.145120143890380859e-01,-2.577809989452362061e-01,8.999851346015930176e-01,-1.363987445831298828e+00,8.027517795562744141e-01,7.227318882942199707e-01,1.040334343910217285e+00,-3.054129838943481445e+00,-7.532296776771545410e-01,1.025408387184143066e+00,-3.002058506011962891e+00,-9.849153459072113037e-02,-1.541800945997238159e-01,-8.192994594573974609e-01
-2.664472460746765137e-01,-9.191071987152099609e-01,1.095773577690124512e+00,2.278478860855102539e+00,9.549920558929443359e-01,0.000000000000000000e+00,2.028435945510864258e+00,1.716001033782958984e+00,8.574879169464111328e-01,5.142940878868103027e-01,-1.694641470909118652e+00,1.499411016702651978e-01,1.889577805995941162e-01,-1.251353859901428223e+00,2.373820543289184570e+00,6.659552454948425293e-02,-2.588611245155334473e-01,5.031183958053588867e-01,-7.001029849052429199e-01,-7.383782863616943359e-01,4.450999498367309570e-01,-2.709754370152950287e-02,9.185382723808288574e-01,-8.456650972366333008e-01,4.651693105697631836e-01,7.779322564601898193e-02,-2.037412375211715698e-01,5.474794507026672363e-01,-8.400251269340515137e-01,-1.058854341506958008e+00,-8.594767451286315918e-01,-4.605956375598907471e-01,-1.678808808326721191e+00,-1.120036244392395020e+00,1.896268248558044434e+00,-3.658395707607269287e-01,-1.929781079292297363e+00,6.798302531242370605e-01,-7.089506369084119797e-03,-6.083900332450866699e-01,-4.518522322177886963e-02,1.487236618995666504e+00,-9.673449993133544922e-01,8.924281224608421326e-03,-1.633181810379028320e+00,-4.365675523877143860e-02,-3.824465572834014893e-01,6.727266907691955566e-01,5.103034153580665588e-02,5.550556182861328125e-01,-1.718721747398376465e+00,-5.044003129005432129e-01,-6.246516108512878418e-01,7.151306867599487305e-01,-6.404600143432617188e-01,-1.560061335563659668e+00,-2.250516563653945923e-01,-4.423199295997619629e-01,-2.721199393272399902e-02
-9.962877631187438965e-01,1.095439434051513672e+00,1.001672863960266113e+00,7.307740449905395508e-01,3.224173069000244141e+00,2.028435945510864258e+00,0.000000000000000000e+00,2.325915098190307617e+00,-5.658854246139526367e-01,9.264848828315734863e-01,1.289348244667053223e+00,-2.153788506984710693e-01,5.035227537155151367e-01,-7.248806357383728027e-01,3.941189125180244446e-02,5.844125151634216309e-01,8.206644654273986816e-02,-1.595569401979446411e-01,-1.307865828275680542e-01,-5.185772776603698730e-01,5.122350454330444336e-01,-6.213190555572509766e-01,9.758582115173339844e-01,-1.660393595695495605e+00,-1.446418523788452148e+00,6.582008004188537598e-01,-7.611975073814392090e-01,-5.292783379554748535e-01,1.835845112800598145e-01,3.380571305751800537e-01,4.560255706310272217e-01,-1.914950489997863770e+00,-2.629636824131011963e-01,3.776652216911315918e-01,9.007282555103302002e-02,1.561397872865200043e-02,-8.382856249809265137e-01,1.384372830390930176e+00,-5.669724941253662109e-01,-1.255698680877685547e+00,1.310864984989166260e-01,-2.772042751312255859e-01,-1.728566288948059082e-01,-4.009021222591400146e-01,-2.409210950136184692e-01,-2.083016037940979004e-01,9.127064347267150879e-01,-1.414735913276672363e-01,-8.054896444082260132e-02,-6.056979298591613770e-02,9.833327531814575195e-01,8.636342734098434448e-02,-6.520105004310607910e-01,-7.645784020423889160e-01,5.381489992141723633e-01,-2.315045118331909180e+00,5.314137935638427734e-01,-5.628752708435058594e-01,-6.355545017868280411e-03
4.567452371120452881e-01,-1.103193640708923340e+00,9.600753784179687500e-01,6.609220504760742188e-01,2.916214466094970703e+00,1.716001033782958984e+00,2.325915098190307617e+00,0.000000000000000000e+00,6.942542791366577148e-01,-1.018483400344848633e+00,5.084218978881835938e-01,3.601574301719665527e-01,-3.782108798623085022e-02,-1.230020284652709961e+00,8.656302094459533691e-01,-1.231890320777893066e+00,-2.167136669158935547e-01,8.739820122718811035e-01,-1.075063228607177734e+00,5.875059962272644043e-02,8.737030029296875000e-01,3.142941892147064209e-01,1.921963334083557129e+00,-9.860324859619140625e-01,6.717234849929809570e-01,-3.491480350494384766e-01,2.916042506694793701e-01,-1.237284302711486816e+00,-6.607409119606018066e-01,1.588521242141723633e+00,2.472756244242191315e-02,7.686459273099899292e-02,-1.788841560482978821e-02,8.328306078910827637e-01,-1.291006445884704590e+00,-1.383494734764099121e+00,-9.772778749465942383e-01,8.792829513549804688e-01,7.427312135696411133e-01,-4.319793283939361572e-01,-2.925065755844116211e-01,1.026861548423767090e+00,-1.237039566040039062e+00,1.998026818037033081e-01,9.754173159599304199e-01,-8.915922045707702637e-01,3.926213681697845459e-01,2.148288190364837646e-01,6.848366856575012207e-01,-2.623816251754760742e+00,-3.049532473087310791e-01,-1.271951079368591309e+00,-1.506913900375366211e+00,-1.635893940925598145e+00,-1.521915197372436523e+00,-5.567404627799987793e-01,-4.812372326850891113e-01,-1.088113427162170410e+00,1.226332783699035645e+00
-3.418748378753662109e-01,-1.332363009452819824e+00,5.167350769042968750e-01,-3.120207786560058594e-01,-1.457723677158355713e-01,8.574879169464111328e-01,-5.658854246139526367e-01,6.942542791366577148e-01,0.000000000000000000e+00,1.691943049430847168e+00,2.748738788068294525e-02,1.716461420059204102e+00,-1.792594432830810547e+00,1.429242253303527832e+00,1.883110165596008301e+00,-6.677269339561462402e-01,4.809702932834625244e-01,7.735320329666137695e-01,-3.693711757659912109e-01,1.506373763084411621e+00,7.179906368255615234e-01,6.090744733810424805e-01,-3.713397979736328125e-01,-1.393848806619644165e-01,2.929687201976776123e-01,-6.431671977043151855e-01,-2.468972653150558472e-01,-4.169741570949554443e-01,7.921937704086303711e-01,9.214204549789428711e-01,-3.329595029354095459e-01,-6.955827474594116211e-01,-5.360147953033447266e-01,-1.134021282196044922e+00,-1.825712203979492188e+00,-1.681505799293518066e+00,-1.491844058036804199e+00,-1.276946187019348145e+00,-1.017619967460632324e+00,-6.024460792541503906e-01,-2.272251695394515991e-01,-5.652046203613281250e-01,-7.907961010932922363e-01,-4.095594212412834167e-02,-7.976002097129821777e-01,-4.887439310550689697e-01,4.867885708808898926e-01,1.161715149879455566e+00,-1.511093735694885254e+00,-9.571564197540283203e-01,-2.039609402418136597e-01,-1.551334142684936523e+00,9.980252385139465332e-01,2.094754725694656372e-01,2.544685900211334229e-01,3.287276625633239746e-01,1.069146156311035156e+00,2.241743654012680054e-01,2.789003252983093262e-01
-2.151828050613403320e+00,1.643051981925964355e+00,-3.922619223594665527e-01,-1.204857349395751953e+00,1.267001867294311523e+00,5.142940878868103027e-01,9.264848828315734863e-01,-1.018483400344848633e+00,1.691943049430847168e+00,0.000000000000000000e+00,3.216031312942504883e+00,7.922464013099670410e-01,1.633382558822631836e+00,-1.069304272532463074e-01,1.640606641769409180e+00,-1.850059509277343750e+00,-1.222495958209037781e-01,-2.914039790630340576e-01,-2.579077243804931641e+00,3.937587141990661621e-01,1.673047065734863281e+00,-1.143389105796813965e+00,1.045480012893676758e+00,-4.140794277191162109e-01,-5.630270019173622131e-02,-2.537387847900390625e+00,-1.253618359565734863e+00,-2.480931207537651062e-02,1.030036449432373047e+00,-8.547973036766052246e-01,1.113122180104255676e-01,-1.476222127676010132e-01,9.281545877456665039e-01,-5.294007062911987305e-01,7.163310796022415161e-02,-6.703659296035766602e-01,-2.049828134477138519e-02,-1.083572149276733398e+00,9.013477563858032227e-01,4.208838343620300293e-01,-6.453782916069030762e-01,-1.538788899779319763e-02,-2.027489185333251953e+00,-1.296060681343078613e-01,-6.470728516578674316e-01,-6.358610987663269043e-01,-1.257512211799621582e+00,-2.803278863430023193e-01,-2.369782686233520508e+00,-1.546690702438354492e+00,2.462531089782714844e+00,-1.337793707847595215e+00,-6.111636757850646973e-01,9.013018012046813965e-01,-1.828581571578979492e+00,-4.608874022960662842e-01,7.557910084724426270e-01,-3.428783118724822998e-01,-4.502284824848175049e-01
-9.701594710350036621e-02,-4.894056022167205811e-01,1.521035671234130859e+00,1.453181743621826172e+00,-6.465046405792236328e-01,-1.694641470909118652e+00,1.289348244667053223e+00,5.084218978881835938e-01,2.748738788068294525e-02,3.216031312942504883e+00,0.000000000000000000e+00,4.539677798748016357e-01,1.490468859672546387e+00,1.504970788955688477e+00,-1.051053643226623535e+00,-7.568249106407165527e-01,-5.585404634475708008e-01,4.001592099666595459e-01,3.872273862361907959e-01,-4.485362470149993896e-01,-3.629543259739875793e-02,5.930547714233398438e-01,-1.157418370246887207e+00,1.001198172569274902e+00,-2.092392444610595703e+00,-1.087311506271362305e+00,1.305579394102096558e-01,-2.966985404491424561e-01,-3.310764431953430176e-01,-3.588100969791412354e-01,5.617545247077941895e-01,3.670267462730407715e-01,5.848212838172912598e-01,1.826999545097351074e+00,-3.892703652381896973e-01,1.460720300674438477e-01,6.318783015012741089e-02,7.301072478294372559e-01,2.192788273096084595e-01,1.270638227462768555e+00,-1.256038188934326172e+00,-3.585571944713592529e-01,6.410139054059982300e-02,-1.474683880805969238e+00,-1.899786293506622314e-01,-1.093963623046875000e+00,-1.623471677303314209e-01,-1.045647382736206055e+00,-5.740609765052795410e-01,1.768610119819641113e+00,2.921486645936965942e-02,3.978459537029266357e-01,5.214349627494812012e-01,1.010916709899902344e+00,7.759086489677429199e-01,-2.714736014604568481e-02,-7.935668826103210449e-01,3.073475062847137451e-01,-1.026776909828186035e+00
-4.234993159770965576e-01,-3.694889247417449951e-01,-1.213486552238464355e+00,-6.371128559112548828e-01,-1.189626336097717285e+00,1.499411016702651978e-01,-2.153788506984710693e-01,3.601574301719665527e-01,1.716461420059204102e+00,7.922464013099670410e-01,4.539677798748016357e-01,0.000000000000000000e+00,-3.612010180950164795e-01,1.259306669235229492e+00,2.400959014892578125e+00,-6.584662199020385742e-01,2.439570665359497070e+00,-5.582017302513122559e-01,-1.427197754383087158e-01,-6.415202021598815918e-01,5.842106938362121582e-01,-6.211195588111877441e-01,6.146740317344665527e-01,7.055679559707641602e-01,2.400808632373809814e-01,-1.582433134317398071e-01,-3.834395706653594971e-01,-1.333193033933639526e-01,8.465554118156433105e-01,-6.018199026584625244e-02,-3.228562176227569580e-01,1.451564282178878784e-01,-1.968670934438705444e-01,-1.067896366119384766e+00,-6.917141675949096680e-01,-8.343869447708129883e-01,-9.699919223785400391e-01,-3.053035140037536621e-01,-7.165600061416625977e-01,-6.332933902740478516e-01,-1.926015317440032959e-01,-8.127193897962570190e-02,-1.019930362701416016e+00,9.474304318428039551e-02,3.611179888248443604e-01,-3.303131088614463806e-02,-1.564787924289703369e-01,-9.753135442733764648e-01,-5.897188782691955566e-01,-1.832490861415863037e-01,4.788986966013908386e-02,4.511006474494934082e-01,-4.814094305038452148e-01,-2.751962840557098389e-01,-2.180293351411819458e-01,-6.124323010444641113e-01,2.417436987161636353e-01,1.598857194185256958e-01,2.013761103153228760e-01
7.425403594970703125e-01,9.445480108261108398e-01,1.376004099845886230e+00,-2.443134635686874390e-01,-1.374271392822265625e+00,1.889577805995941162e-01,5.035227537155151367e-01,-3.782108798623085022e-02,-1.792594432830810547e+00,1.633382558822631836e+00,1.490468859672546387e+00,-3.612010180950164795e-01,0.000000000000000000e+00,2.079222679138183594e+00,2.196040451526641846e-01,-3.557705283164978027e-01,-2.943919301033020020e-01,-1.472170352935791016e-01,1.863975048065185547e+00,2.133879810571670532e-01,-5.851281285285949707e-01,7.486925721168518066e-01,5.022196173667907715e-01,-2.680753469467163086e-01,7.798717617988586426e-01,4.270569682121276855e-01,1.138471126556396484e+00,-1.693590402603149414e+00,-1.251695990562438965e+00,1.909460872411727905e-01,-6.504227640107274055e-04,6.313298344612121582e-01,1.513105392456054688e+00,-1.286500990390777588e-01,1.513911336660385132e-01,3.374994397163391113e-01,1.333640813827514648e+00,-2.735825300216674805e+00,-2.052330732345581055e+00,5.532783269882202148e-02,-1.358604431152343750e-01,-6.937249302864074707e-01,-3.688027560710906982e-01,3.222122043371200562e-02,-8.340063095092773438e-01,-7.846679091453552246e-01,8.916195631027221680e-01,-9.559776782989501953e-01,4.053135514259338379e-01,2.078430354595184326e-01,7.343211770057678223e-01,2.499590665102005005e-01,-8.068934082984924316e-01,1.117191836237907410e-01,9.973339438438415527e-01,-5.949618816375732422e-01,-1.012263223528862000e-01,-9.316552430391311646e-02,-3.893500864505767822e-01
-7.779501378536224365e-02,9.791292548179626465e-01,1.121092081069946289e+00,-1.533571243286132812e+00,-5.560657382011413574e-01,-1.251353859901428223e+00,-7.248806357383728027e-01,-1.230020284652709961e+00,1.429242253303527832e+00,-1.069304272532463074e-01,1.504970788955688477e+00,1.259306669235229492e+00,2.079222679138183594e+00,0.000000000000000000e+00,1.390214800834655762e+00,3.597954750061035156e+00,1.002342700958251953e+00,1.194480538368225098e+00,-1.781305074691772461e+00,4.069733321666717529e-01,6.543948054313659668e-01,2.228267788887023926e-01,4.623458683490753174e-01,-1.090104505419731140e-01,-1.454038023948669434e+00,3.933430612087249756e-01,-2.293233424425125122e-01,-8.885689973831176758e-01,-1.037357211112976074e+00,-6.204177737236022949e-01,2.256402522325515747e-01,1.991762667894363403e-01,-1.198092103004455566e+00,-9.372797012329101562e-01,1.574787050485610962e-01,-8.375812768936157227e-01,1.266868263483047485e-01,-1.113141179084777832e+00,1.096712231636047363e+00,-5.558289289474487305e-01,-2.381501913070678711e+00,-1.585934758186340332e+00,4.466404318809509277e-01,6.293842196464538574e-01,-7.573772221803665161e-02,4.309166073799133301e-01,-2.454081058502197266e+00,-8.572099804878234863e-01,-8.344400525093078613e-01,-1.063446164131164551e+00,-8.519516885280609131e-02,-6.010726690292358398e-01,-1.948865771293640137e+00,-1.500559210777282715e+00,-3.456810712814331055e-01,2.244846820831298828e+00,6.521032452583312988e-01,7.328737378120422363e-01,9.249913692474365234e-01
-3.554815948009490967e-01,-2.169024229049682617e+00,-1.323310494422912598e+00,4.249746501445770264e-01,-3.534324765205383301e-01,2.373820543289184570e+00,3.941189125180244446e-02,8.656302094459533691e-01,1.883110165596008301e+00,1.640606641769409180e+00,-1.051053643226623535e+00,2.400959014892578125e+00,2.196040451526641846e-01,1.390214800834655762e+00,0.000000000000000000e+00,6.479115486145019531e-01,5.532691478729248047e-01,1.657896041870117188e-01,2.126877456903457642e-01,7.052041888236999512e-01,2.961536347866058350e-01,5.150270462036132812e-02,1.397157204337418079e-03,-4.865420460700988770e-01,6.006639003753662109e-01,1.100322008132934570e+00,-2.991970442235469818e-02,-5.606207847595214844e-01,-9.997383952140808105e-01,9.776920080184936523e-01,-9.688054770231246948e-02,-3.954399526119232178e-01,-1.578921079635620117e+00,-2.341168403625488281e+00,-8.781908452510833740e-02,-9.022145867347717285e-01,-1.289388775825500488e+00,-1.259451955556869507e-01,-5.065503120422363281e-01,-3.462936878204345703e-01,-8.405577391386032104e-02,-1.055709242820739746e+00,9.403144121170043945e-01,-4.064718484878540039e-01,3.832226693630218506e-01,4.978230297565460205e-01,-9.983184933662414551e-01,5.023583397269248962e-02,-8.666625618934631348e-01,3.280174732208251953e-01,-9.123181104660034180e-01,4.321992993354797363e-01,-7.777538895606994629e-01,-3.369708657264709473e-01,-1.047171235084533691e+00,-9.626213908195495605e-01,2.780723385512828827e-02,-5.348248481750488281e-01,-1.176408886909484863e+00
-4.181929826736450195e-01,2.067251130938529968e-02,-1.692846775054931641e+00,1.734398365020751953e+00,-7.048776745796203613e-01,6.659552454948425293e-02,5.844125151634216309e-01,-1.231890320777893066e+00,-6.677269339561462402e-01,-1.850059509277343750e+00,-7.568249106407165527e-01,-6.584662199020385742e-01,-3.557705283164978027e-01,3.597954750061035156e+00,6.479115486145019531e-01,0.000000000000000000e+00,-4.543938934803009033e-01,1.537175178527832031e+00,-4.990858212113380432e-02,4.150371849536895752e-01,-2.384616613388061523e+00,-1.083431124687194824e+00,-5.025295019149780273e-01,1.700168401002883911e-01,-8.198449015617370605e-01,1.496393978595733643e-01,1.238060355186462402e+00,1.234942078590393066e+00,6.201426386833190918e-01,1.197855710983276367e+00,-6.939155459403991699e-01,6.239534616470336914e-01,-1.869630813598632812e-01,-7.354886829853057861e-02,1.491473615169525146e-01,1.756475448608398438e+00,1.410068273544311523e+00,-2.064580678939819336e+00,2.381444126367568970e-01,1.243774175643920898e+00,-5.123745203018188477e-01,6.280940771102905273e-01,1.647166311740875244e-01,-6.094949245452880859e-01,-1.060313820838928223e+00,-2.035889774560928345e-01,-1.401236772537231445e+00,1.432747244834899902e+00,-1.026800632476806641e+00,4.262264370918273926e-01,6.177595853805541992e-01,-1.579083085060119629e+00,2.199116200208663940e-01,-1.356915950775146484e+00,1.157583713531494141e+00,3.253442421555519104e-02,-1.158891916275024414e-01,-2.638662457466125488e-01,-6.255225539207458496e-01
-8.540827631950378418e-01,-1.537898778915405273e+00,1.895703971385955811e-01,9.520506262779235840e-01,-9.769396185874938965e-01,-2.588611245155334473e-01,8.206644654273986816e-02,-2.167136669158935547e-01,4.809702932834625244e-01,-1.222495958209037781e-01,-5.585404634475708008e-01,2.439570665359497070e+00,-2.943919301033020020e-01,1.002342700958251953e+00,5.532691478729248047e-01,-4.543938934803009033e-01,0.000000000000000000e+00,-8.536040186882019043e-01,1.621387004852294922e-01,8.140639066696166992e-01,4.215281084179878235e-02,-7.227301001548767090e-01,1.119798421859741211e+00,-3.030265122652053833e-02,2.130479551851749420e-02,4.479517340660095215e-01,2.443338930606842041e-01,4.546861350536346436e-01,4.322046637535095215e-01,7.806552648544311523e-01,1.346441656351089478e-01,-6.843850016593933105e-01,-1.012039661407470703e+00,-3.285685181617736816e-01,-7.899093627929687500e-01,-6.280447840690612793e-01,-1.605828762054443359e+00,-6.823101043701171875e-01,3.319189846515655518e-01,-1.262267231941223145e-01,-2.903953790664672852e-01,-7.225517928600311279e-02,2.894429862499237061e-01,4.325056076049804688e-01,-3.154294937849044800e-02,-9.705687761306762695e-01,1.394947648048400879e+00,-7.726560235023498535e-01,-1.295163929462432861e-01,-4.473151266574859619e-01,-8.123190402984619141e-01,9.299510717391967773e-01,1.346142739057540894e-01,6.949944049119949341e-02,3.380129113793373108e-02,-4.316666424274444580e-01,-4.459263980388641357e-01,-1.859281808137893677e-01,3.975736200809478760e-01
8.957223296165466309e-01,-7.127100825309753418e-01,5.384085178375244141e-01,1.199743151664733887e+00,-6.799684762954711914e-01,5.031183958053588867e-01,-1.595569401979446411e-01,8.739820122718811035e-01,7.735320329666137695e-01,-2.914039790630340576e-01,4.001592099666595459e-01,-5.582017302513122559e-01,-1.472170352935791016e-01,1.194480538368225098e+00,1.657896041870117188e-01,1.537175178527832031e+00,-8.536040186882019043e-01,0.000000000000000000e+00,1.247403383255004883e+00,1.642845630645751953e+00,-3.159711137413978577e-02,1.305052399635314941e+00,-2.662551403045654297e-01,-1.063022315502166748e-01,6.094681024551391602e-01,1.259159445762634277e+00,-4.113216400146484375e-01,-3.504284322261810303e-01,3.596143126487731934e-01,6.965660452842712402e-01,-4.429772496223449707e-02,-5.137972235679626465e-01,-6.899166703224182129e-01,-1.216250777244567871e+00,-2.299208790063858032e-01,-3.670482039451599121e-01,5.996785759925842285e-01,5.411006808280944824e-01,-8.883850574493408203e-01,-2.176606953144073486e-01,3.992668688297271729e-01,-3.496787548065185547e+00,-4.881333708763122559e-01,-2.018239498138427734e-01,-3.375799059867858887e-01,7.440826296806335449e-01,7.071529030799865723e-01,2.117424249649047852e+00,-1.635741740465164185e-01,-5.876886844635009766e-01,6.888270974159240723e-01,-9.360054135322570801e-01,1.347473978996276855e+00,-1.615129947662353516e+00,-1.612820148468017578e+00,6.730087399482727051e-01,-1.689336448907852173e-01,-2.730679273605346680e+00,-5.871902704238891602e-01
-1.017643451690673828e+00,8.260136842727661133e-01,-4.325567185878753662e-02,-1.650923728942871094e+00,-1.005581259727478027e+00,-7.001029849052429199e-01,-1.307865828275680542e-01,-1.075063228607177734e+00,-3.693711757659912109e-01,-2.579077243804931641e+00,3.872273862361907959e-01,-1.427197754383087158e-01,1.863975048065185547e+00,-1.781305074691772461e+00,2.126877456903457642e-01,-4.990858212113380432e-02,1.621387004852294922e-01,1.247403383255004883e+00,0.000000000000000000e+00,-7.313858717679977417e-02,2.454554140567779541e-01,8.212316036224365234e-02,-9.313213825225830078e-01,-7.462972998619079590e-01,2.168487310409545898e+00,9.933125972747802734e-02,4.644877016544342041e-01,5.280234813690185547e-01,1.531031131744384766e+00,1.623138189315795898e+00,-1.292369067668914795e-01,-2.924130856990814209e-01,-2.662375271320343018e-01,-3.206937015056610107e-01,5.029566884040832520e-01,3.771488964557647705e-01,4.531602263450622559e-01,6.132580041885375977e-01,9.620230793952941895e-01,1.724503040313720703e+00,1.343579053878784180e+00,-1.161958098411560059e+00,1.264293432235717773e+00,1.509093999862670898e+00,6.430591344833374023e-01,1.613716006278991699e+00,-7.042781263589859009e-02,-8.403610587120056152e-01,-1.517316222190856934e+00,-6.687741279602050781e-01,2.726004719734191895e-01,-3.876936137676239014e-01,-6.920023560523986816e-01,-7.842908054590225220e-02,-1.028923869132995605e+00,7.480646371841430664e-01,-1.895604282617568970e-01,4.809830486774444580e-01,-2.081186920404434204e-01
2.102796882390975952e-01,-6.867460608482360840e-01,-1.097438693046569824e+00,-4.892379939556121826e-01,-1.590840667486190796e-01,-7.383782863616943359e-01,-5.185772776603698730e-01,5.875059962272644043e-02,1.506373763084411621e+00,3.937587141990661621e-01,-4.485362470149993896e-01,-6.415202021598815918e-01,2.133879810571670532e-01,4.069733321666717529e-01,7.052041888236999512e-01,4.150371849536895752e-01,8.140639066696166992e-01,1.642845630645751953e+00,-7.313858717679977417e-02,0.000000000000000000e+00,1.553022861480712891e+00,2.671689271926879883e+00,1.064526796340942383e+00,6.568703055381774902e-01,5.585941076278686523e-01,5.647425055503845215e-01,-7.309234887361526489e-02,5.975075811147689819e-02,-3.300824165344238281e-01,1.204605475068092346e-01,7.659149914979934692e-02,-4.245835170149803162e-02,-5.570411086082458496e-01,-1.275042533874511719e+00,-1.223436355590820312e+00,-6.451003551483154297e-01,-5.355388522148132324e-01,-9.937096238136291504e-01,-1.355363726615905762e+00,2.021685689687728882e-01,3.984741270542144775e-01,-9.777854681015014648e-01,-1.137738704681396484e+00,-7.944669127464294434e-01,-6.903123855590820312e-01,-7.936818599700927734e-01,6.019366383552551270e-01,-1.078306976705789566e-02,1.198865100741386414e-01,-4.260583519935607910e-01,-3.764956593513488770e-01,-8.026439547538757324e-01,-8.635389208793640137e-01,-6.268627047538757324e-01,1.747419834136962891e-01,-6.918776780366897583e-02,1.482599377632141113e+00,-1.079075217247009277e+00,2.731050252914428711e-01
-9.789332747459411621e-01,-4.689538180828094482e-01,4.635861515998840332e-01,-1.583561420440673828e+00,-1.851663351058959961e+00,4.450999498367309570e-01,5.122350454330444336e-01,8.737030029296875000e-01,7.179906368255615234e-01,1.673047065734863281e+00,-3.629543259739875793e-02,5.842106938362121582e-01,-5.851281285285949707e-01,6.543948054313659668e-01,2.961536347866058350e-01,-2.384616613388061523e+00,4.215281084179878235e-02,-3.159711137413978577e-02,2.454554140567779541e-01,1.553022861480712891e+00,0.000000000000000000e+00,4.670150578022003174e-01,1.487280607223510742e+00,-3.385373950004577637e-01,2.024195671081542969e+00,-1.848927378654479980e+00,-1.056797027587890625e+00,1.817761301994323730e+00,1.093090176582336426e+00,1.005526781082153320e+00,6.046119332313537598e-01,-2.195636749267578125e+00,1.861062459647655487e-02,1.691293716430664062e+00,4.852598533034324646e-02,1.050358731299638748e-02,9.473116397857666016e-01,4.785093367099761963e-01,-2.432348728179931641e-01,-2.925969362258911133e+00,1.361818313598632812e-01,-1.316355824470520020e+00,-4.156753420829772949e-01,7.715795040130615234e-01,2.569341063499450684e-01,-8.847290277481079102e-01,-4.937222301959991455e-01,-1.699642091989517212e-01,1.585279107093811035e-01,-2.538357973098754883e-01,-3.215122699737548828e+00,-8.577354997396469116e-02,-5.923514962196350098e-01,1.181014776229858398e+00,1.457456231117248535e+00,-7.905436754226684570e-01,1.493954211473464966e-01,-2.422903776168823242e+00,5.274865031242370605e-01
-3.321828842163085938e-01,-2.111043483018875122e-01,3.540647625923156738e-01,-1.782425880432128906e+00,6.525658965110778809e-01,-2.709754370152950287e-02,-6.213190555572509766e-01,3.142941892147064209e-01,6.090744733810424805e-01,-1.143389105796813965e+00,5.930547714233398438e-01,-6.211195588111877441e-01,7.486925721168518066e-01,2.228267788887023926e-01,5.150270462036132812e-02,-1.083431124687194824e+00,-7.227301001548767090e-01,1.305052399635314941e+00,8.212316036224365234e-02,2.671689271926879883e+00,4.670150578022003174e-01,0.000000000000000000e+00,3.685439527034759521e-01,1.637716293334960938e+00,-3.262189626693725586e-01,-9.055645465850830078e-01,-1.957013905048370361e-01,1.220840215682983398e+00,2.379487156867980957e-01,-3.286379873752593994e-01,-4.051239788532257080e-01,-2.027888447046279907e-01,6.829324364662170410e-01,1.132603526115417480e+00,-7.516695261001586914e-01,-2.274262309074401855e-01,-1.162353277206420898e+00,-5.218406319618225098e-01,-6.741062402725219727e-01,2.566508054733276367e-01,5.058511495590209961e-01,-1.287688493728637695e+00,6.524162292480468750e-01,-2.486648559570312500e-01,-8.049963116645812988e-01,3.729367554187774658e-01,-4.549927115440368652e-01,-5.572186708450317383e-01,-7.526996135711669922e-01,9.090743958950042725e-02,-3.210204243659973145e-01,-5.010194182395935059e-01,-1.535059046000242233e-02,2.082471847534179688e-01,-6.637081503868103027e-01,1.175717078149318695e-02,5.771605372428894043e-01,-8.589157462120056152e-02,-4.486445784568786621e-01
1.467301964759826660e+00,3.643831312656402588e-01,-1.879347562789916992e+00,-2.530147135257720947e-01,2.444092631340026855e-01,9.185382723808288574e-01,9.758582115173339844e-01,1.921963334083557129e+00,-3.713397979736328125e-01,1.045480012893676758e+00,-1.157418370246887207e+00,6.146740317344665527e-01,5.022196173667907715e-01,4.623458683490753174e-01,1.397157204337418079e-03,-5.025295019149780273e-01,1.119798421859741211e+00,-2.662551403045654297e-01,-9.313213825225830078e-01,1.064526796340942383e+00,1.487280607223510742e+00,3.685439527034759521e-01,0.000000000000000000e+00,1.330564022064208984e+00,6.950216889381408691e-01,-1.782533049583435059e+00,4.549587145447731018e-02,2.394194841384887695e+00,6.148845553398132324e-01,8.078427314758300781e-01,-1.993165165185928345e-01,-5.619862079620361328e-01,-1.594417214393615723e+00,-3.143739461898803711e+00,2.289549559354782104e-01,-8.297460675239562988e-01,-1.226255416870117188e+00,1.818401813507080078e-01,7.464460134506225586e-01,1.768718212842941284e-01,7.991511821746826172e-01,2.719308733940124512e-01,-2.164984226226806641e+00,-8.348838239908218384e-02,6.310322284698486328e-01,-1.429167389869689941e-01,9.213539958000183105e-01,-1.791637182235717773e+00,-1.185465753078460693e-01,-1.958349585533142090e+00,1.593474447727203369e-01,-7.640965580940246582e-01,1.625203639268875122e-01,7.012150287628173828e-01,-9.311773180961608887e-01,5.827783346176147461e-01,3.100904822349548340e-01,-6.867828369140625000e-01,-2.454097986221313477e+00
5.212195962667465210e-02,-7.311781644821166992e-01,-2.321470737457275391e+00,8.989218473434448242e-01,-4.012102186679840088e-01,-8.456650972366333008e-01,-1.660393595695495605e+00,-9.860324859619140625e-01,-1.393848806619644165e-01,-4.140794277191162109e-01,1.001198172569274902e+00,7.055679559707641602e-01,-2.680753469467163086e-01,-1.090104505419731140e-01,-4.865420460700988770e-01,1.700168401002883911e-01,-3.030265122652053833e-02,-1.063022315502166748e-01,-7.462972998619079590e-01,6.568703055381774902e-01,-3.385373950004577637e-01,1.637716293334960938e+00,1.330564022064208984e+00,0.000000000000000000e+00,3.818270564079284668e-01,1.410002946853637695e+00,3.132716417312622070e+00,6.985742449760437012e-01,-2.650140821933746338e-01,7.104269862174987793e-01,3.892343491315841675e-02,-5.117841362953186035e-01,2.238652557134628296e-01,6.353802680969238281e-01,-3.890529647469520569e-02,9.812230467796325684e-01,-6.105569005012512207e-01,-1.808331847190856934e+00,8.313506841659545898e-02,8.731282353401184082e-01,3.686990439891815186e-01,-8.206394314765930176e-01,-3.087454140186309814e-01,3.343265056610107422e-01,-6.962231993675231934e-01,-2.228661179542541504e-01,-1.088076114654541016e+00,-1.323837786912918091e-01,1.404877662658691406e+00,-6.566048860549926758e-01,7.751005887985229492e-01,-3.178342282772064209e-01,2.973832190036773682e-01,-1.197631239891052246e+00,2.809969484806060791e-01,1.377388983964920044e-01,4.846117198467254639e-01,-2.008883714675903320e+00,3.152407109737396240e-01
-2.238624393939971924e-01,7.210769653320312500e-01,1.383258938789367676e+00,-1.183227896690368652e+00,-8.224100470542907715e-01,4.651693105697631836e-01,-1.446418523788452148e+00,6.717234849929809570e-01,2.929687201976776123e-01,-5.630270019173622131e-02,-2.092392444610595703e+00,2.400808632373809814e-01,7.798717617988586426e-01,-1.454038023948669434e+00,6.006639003753662109e-01,-8.198449015617370605e-01,2.130479551851749420e-02,6.094681024551391602e-01,2.168487310409545898e+00,5.585941076278686523e-01,2.024195671081542969e+00,-3.262189626693725586e-01,6.950216889381408691e-01,3.818270564079284668e-01,0.000000000000000000e+00,1.869933605194091797e+00,5.140271186828613281e-01,2.288025617599487305e+00,4.046608209609985352e-01,1.800993919372558594e+00,-4.630570709705352783e-01,6.362754702568054199e-01,-8.914061821997165680e-03,-1.615877389907836914e+00,-9.272241592407226562e-01,4.405694603919982910e-01,-3.998388648033142090e-01,-2.698928833007812500e+00,8.493229001760482788e-02,8.811913132667541504e-01,-5.058199539780616760e-02,1.338746070861816406e+00,1.153235882520675659e-01,-1.266562700271606445e+00,-1.741351246833801270e+00,7.736876010894775391e-01,-6.150020956993103027e-01,2.012253850698471069e-01,-7.381437420845031738e-01,-1.181004524230957031e+00,-1.007689356803894043e+00,-9.912629723548889160e-01,-8.351817131042480469e-01,-2.006286084651947021e-01,1.442708492279052734e+00,-7.208273559808731079e-02,-3.041528761386871338e-01,-5.894467830657958984e-01,1.152991890907287598e+00
8.107852339744567871e-01,-1.265218496322631836e+00,-1.504519104957580566e+00,4.765989482402801514e-01,-3.451269567012786865e-01,7.779322564601898193e-02,6.582008004188537598e-01,-3.491480350494384766e-01,-6.431671977043151855e-01,-2.537387847900390625e+00,-1.087311506271362305e+00,-1.582433134317398071e-01,4.270569682121276855e-01,3.933430612087249756e-01,1.100322008132934570e+00,1.496393978595733643e-01,4.479517340660095215e-01,1.259159445762634277e+00,9.933125972747802734e-02,5.647425055503845215e-01,-1.848927378654479980e+00,-9.055645465850830078e-01,-1.782533049583435059e+00,1.410002946853637695e+00,1.869933605194091797e+00,0.000000000000000000e+00,1.360945343971252441e+00,-8.649708628654479980e-01,-2.743841409683227539e-01,6.289097666740417480e-01,-7.949742674827575684e-01,1.496871709823608398e-01,3.633934557437896729e-01,5.857810974121093750e-01,-1.322493195533752441e+00,1.415651321411132812e+00,6.723780035972595215e-01,-1.123176455497741699e+00,1.628069758415222168e+00,9.797745347023010254e-01,7.009454965591430664e-01,7.042936682701110840e-01,1.857883095741271973e+00,-3.139598071575164795e-01,-4.007856249809265137e-01,1.380176246166229248e-01,-2.209469318389892578e+00,-1.345480978488922119e-01,1.399411678314208984e+00,-1.529068350791931152e-01,-5.097541585564613342e-02,-3.805246651172637939e-01,-2.730807363986968994e-01,-2.701528370380401611e-01,-2.764015831053256989e-02,1.406318068504333496e+00,1.041152358055114746e+00,-5.582522973418235779e-02,5.283055305480957031e-01
