0.000000000000000000e+00,2.303962707519531250e+00,1.413375139236450195e+00,5.195286273956298828e-01,8.116743713617324829e-02,-4.925070405006408691e-01,-1.888541221618652344e+00,-3.624794781208038330e-01,-5.934511125087738037e-02,-1.837879657745361328e+00,3.953874707221984863e-01,-4.302672147750854492e-01,-1.578157097101211548e-01,-1.280731916427612305e+00,-5.049473643302917480e-01,4.362742900848388672e-01,2.546615004539489746e-01,8.774154186248779297e-01,-1.206946372985839844e+00,-1.606704890727996826e-01,-1.758151531219482422e+00,2.064564675092697144e-01,2.138205528259277344e+00,-1.814514994621276855e-01,1.220955103635787964e-01,-4.686472713947296143e-01,-8.433104753494262695e-01,2.883732914924621582e-01,8.172602057456970215e-01,-3.882958590984344482e-01,-7.161653786897659302e-02,6.011859178543090820e-01,-1.192652702331542969e+00,1.075363636016845703e+00,1.218865871429443359e+00,3.999537825584411621e-01,5.491962432861328125e-01,-8.616691231727600098e-01,2.129184007644653320e-01,9.430140256881713867e-02,4.380604028701782227e-01,1.256050169467926025e-01,8.211553096771240234e-01,6.180787086486816406e-01,-7.975680232048034668e-01,1.314494907855987549e-01,-1.301651120185852051e+00,-2.634920179843902588e-01,-6.881506443023681641e-01,2.298640161752700806e-01,-1.961428761482238770e+00,5.589717626571655273e-01,8.090715408325195312e-01,8.045071959495544434e-01,-3.073761425912380219e-02,1.551908612251281738e+00,-7.943800687789916992e-01,-1.737669348716735840e+00,-1.343528628349304199e+00
2.303962707519531250e+00,0.000000000000000000e+00,1.646469593048095703e+00,-8.960963487625122070e-01,2.061777830123901367e+00,-1.763397336006164551e+00,8.774296045303344727e-01,-1.035145759582519531e+00,-2.374427080154418945e+00,1.751319646835327148e+00,-1.845289319753646851e-01,-7.420609593391418457e-01,6.830958127975463867e-01,7.695031166076660156e-01,-1.967026233673095703e+00,-7.719073295593261719e-01,-2.582970261573791504e-01,-8.234629034996032715e-01,6.428003907203674316e-01,8.235552161931991577e-02,3.747548758983612061e-01,-9.462847113609313965e-01,-6.700367331504821777e-01,-7.453481554985046387e-01,3.577789068222045898e-01,-1.921410799026489258e+00,-5.390196442604064941e-01,-1.463949084281921387e+00,-9.869218468666076660e-01,-9.882260560989379883e-01,4.367212355136871338e-01,-1.079474806785583496e+00,1.604297995567321777e+00,8.172961473464965820e-01,-6.968290805816650391e-01,1.087144851684570312e+00,4.214911162853240967e-01,6.820594668388366699e-01,9.003747105598449707e-01,4.209633767604827881e-01,3.489147424697875977e-01,-9.917312860488891602e-01,4.114385545253753662e-01,-5.182801932096481323e-02,8.364461064338684082e-01,2.480758875608444214e-01,-1.284664988517761230e+00,-2.830621719360351562e+00,7.362748384475708008e-01,1.570814847946166992e-01,-3.142698481678962708e-02,9.083535671234130859e-01,1.203879192471504211e-01,-6.501733064651489258e-01,6.037972569465637207e-01,1.899144768714904785e+00,-6.910948157310485840e-01,1.673892021179199219e+00,5.593481063842773438e-01
1.413375139236450195e+00,1.646469593048095703e+00,0.000000000000000000e+00,1.809030055999755859e+00,1.604547381401062012e+00,1.271368384361267090e+00,1.628161072731018066e-01,1.735376119613647461e-01,1.787890195846557617e-01,-1.872687339782714844e+00,6.531224250793457031e-01,-8.965561389923095703e-01,7.279770374298095703e-01,1.252290368080139160e+00,5.061921477317810059e-01,-1.183140397071838379e+00,-1.011835485696792603e-01,1.522771120071411133e+00,5.800988078117370605e-01,-1.286014080047607422e+00,-8.008044362068176270e-01,9.709882140159606934e-01,-2.464841127395629883e+00,-9.338345378637313843e-02,8.816281557083129883e-01,-5.252365395426750183e-02,-1.589796185493469238e+00,-3.632232844829559326e-01,-5.276114344596862793e-01,-4.140205308794975281e-02,1.391254901885986328e+00,6.836403608322143555e-01,4.865471124649047852e-01,-9.373074173927307129e-01,-1.199917793273925781e-01,-1.922294050455093384e-01,-1.530897498130798340e+00,-3.044573664665222168e-01,3.374389111995697021e-01,-1.107798576354980469e+00,1.519268870353698730e+00,-7.762414216995239258e-01,6.893970966339111328e-01,-1.220974847674369812e-01,-4.258575737476348877e-01,-1.865024209022521973e+00,-1.304308414459228516e+00,5.560705065727233887e-01,1.115095734596252441e+00,3.550382554531097412e-01,-1.183448791503906250e+00,-1.100680589675903320e+00,8.314071297645568848e-01,-3.930115997791290283e-01,3.494669198989868164e-01,-1.738303184509277344e+00,-5.082025527954101562e-01,-2.604911327362060547e-01,4.640595018863677979e-01
5.195286273956298828e-01,-8.960963487625122070e-01,1.809030055999755859e+00,0.000000000000000000e+00,1.029473066329956055e+00,1.609902024269104004e+00,7.690027356147766113e-02,9.014407545328140259e-02,-7.110825181007385254e-01,-7.143143415451049805e-01,1.797198653221130371e+00,-2.828886918723583221e-02,4.070318639278411865e-01,-2.342178106307983398e+00,7.968150079250335693e-02,1.998152732849121094e+00,7.234449982643127441e-01,1.572276353836059570e+00,-1.100031495094299316e+00,-1.291357159614562988e+00,-1.897668719291687012e+00,-1.705524325370788574e+00,4.497852623462677002e-01,-1.022502556443214417e-01,-2.395645380020141602e+00,4.079468548297882080e-01,-8.165985345840454102e-01,-5.370870828628540039e-01,6.209797039628028870e-02,-8.997130393981933594e-01,8.834228515625000000e-01,4.937122762203216553e-01,-2.461641281843185425e-02,-1.005738377571105957e+00,5.659653991460800171e-02,4.646430015563964844e-01,6.758485436439514160e-01,-1.002016067504882812e-01,1.847917795181274414e+00,2.066528320312500000e+00,-2.427745342254638672e+00,1.142909884452819824e+00,-4.222369194030761719e-02,-2.256991386413574219e+00,-2.547852993011474609e+00,6.864427328109741211e-01,-2.268766313791275024e-01,1.400016546249389648e+00,1.192084029316902161e-01,7.066501379013061523e-01,-1.261647343635559082e+00,-3.844047188758850098e-01,-3.814420849084854126e-02,1.152893185615539551e+00,1.050003767013549805e+00,3.191250935196876526e-02,-1.566754817962646484e+00,-5.075560808181762695e-01,-1.010759472846984863e+00
8.116743713617324829e-02,2.061777830123901367e+00,1.604547381401062012e+00,1.029473066329956055e+00,0.000000000000000000e+00,6.119123697280883789e-01,3.299451351165771484e+00,2.770686149597167969e+00,-2.243335545063018799e-01,8.463671207427978516e-01,1.654901355504989624e-01,-1.069853663444519043e+00,-1.443892955780029297e+00,-9.903476238250732422e-01,-5.998246669769287109e-01,-1.690890192985534668e+00,-5.022709965705871582e-01,-5.975276231765747070e-01,-8.168129324913024902e-01,-1.092071056365966797e+00,-2.115660905838012695e+00,2.864262461662292480e-01,1.190006375312805176e+00,4.722623229026794434e-01,-2.487864732742309570e+00,-1.045493841171264648e+00,8.076542615890502930e-01,-1.027636170387268066e+00,-1.768580913543701172e+00,1.135651469230651855e+00,-5.796478986740112305e-01,9.165650010108947754e-01,6.237371638417243958e-02,-1.161373496055603027e+00,8.354440331459045410e-01,-3.503571450710296631e-01,-1.021553874015808105e+00,4.753064513206481934e-01,-1.678072214126586914e+00,-3.193566501140594482e-01,-1.055627822875976562e+00,9.195408225059509277e-01,4.174822270870208740e-01,-3.471345901489257812e-01,9.288967400789260864e-02,8.494959473609924316e-01,-9.791402220726013184e-01,5.687175989151000977e-01,-7.030162811279296875e-01,-4.047371447086334229e-01,9.398524761199951172e-01,1.416762948036193848e+00,-1.398731827735900879e+00,-2.283295840024948120e-01,1.407103180885314941e+00,-2.041861534118652344e+00,-4.935064613819122314e-01,4.830491542816162109e-01,-4.640825986862182617e-01
-4.925070405006408691e-01,-1.763397336006164551e+00,1.271368384361267090e+00,1.609902024269104004e+00,6.119123697280883789e-01,0.000000000000000000e+00,1.463558554649353027e+00,6.733585596084594727e-01,7.758641242980957031e-01,2.159220933914184570e+00,-1.577141404151916504e+00,3.778382241725921631e-01,-1.291837334632873535e+00,1.488130092620849609e-01,1.134830832481384277e+00,-2.523638308048248291e-01,-8.072788715362548828e-01,1.366663932800292969e+00,-1.195183873176574707e+00,-1.623506665229797363e+00,9.113802313804626465e-01,-1.188568592071533203e+00,1.074781179428100586e+00,3.772052824497222900e-01,1.792352944612503052e-01,6.324911862611770630e-02,2.550173997879028320e-01,4.021772444248199463e-01,4.261907041072845459e-01,-4.314427971839904785e-01,-3.154381215572357178e-01,1.330347061157226562e-01,-7.372653484344482422e-01,-1.049091100692749023e+00,1.187837958335876465e+00,-8.096157908439636230e-01,-1.516606330871582031e+00,-2.979885041713714600e-01,-2.344811335206031799e-02,-3.572363257408142090e-01,-1.369880676269531250e+00,9.591633677482604980e-01,-1.445762276649475098e+00,-4.367103334516286850e-03,-1.288320660591125488e+00,-3.796088397502899170e-01,3.508159518241882324e-01,1.256062150001525879e+00,2.575882077217102051e-01,4.428434371948242188e-01,-9.529224634170532227e-01,-8.508427143096923828e-01,4.839199185371398926e-01,1.259497046470642090e+00,-7.013409733772277832e-01,-2.336077094078063965e-01,-3.333868086338043213e-01,-1.421324014663696289e-01,-4.489620029926300049e-01
-1.888541221618652344e+00,8.774296045303344727e-01,1.628161072731018066e-01,7.690027356147766113e-02,3.299451351165771484e+00,1.463558554649353027e+00,0.000000000000000000e+00,2.682706832885742188e+00,-4.077133238315582275e-01,5.867196917533874512e-01,4.415290057659149170e-01,2.222077250480651855e-01,8.207552433013916016e-01,7.995939254760742188e-01,-1.204634532332420349e-01,-4.096584022045135498e-01,1.137040376663208008e+00,-2.020540684461593628e-01,2.514366507530212402e-01,-4.092190265655517578e-01,-1.549780815839767456e-01,9.346129000186920166e-02,1.506396412849426270e+00,1.016337797045707703e-01,-1.629733085632324219e+00,5.724586844444274902e-01,5.357321351766586304e-02,-1.125577092170715332e+00,-3.831209614872932434e-02,-4.450685530900955200e-02,-7.169768214225769043e-03,-1.378211855888366699e+00,3.895429836120456457e-04,1.680173873901367188e-01,-6.192206740379333496e-01,1.942886114120483398e-01,-1.294350504875183105e+00,1.270457744598388672e+00,-2.533424794673919678e-01,-2.342448472976684570e+00,-8.869791626930236816e-01,-3.634766042232513428e-01,-6.488839387893676758e-01,-6.576013565063476562e-01,-3.233609199523925781e-01,-7.510593533515930176e-02,5.387643575668334961e-01,1.885457336902618408e-01,-2.142084091901779175e-01,1.145629137754440308e-01,1.785140275955200195e+00,-1.372956037521362305e-01,-1.605949997901916504e+00,-9.440714716911315918e-01,3.564331531524658203e-01,-2.033769845962524414e+00,1.054690837860107422e+00,-6.405732631683349609e-01,1.879454255104064941e-01
-3.624794781208038330e-01,-1.035145759582519531e+00,1.735376119613647461e-01,9.014407545328140259e-02,2.770686149597167969e+00,6.733585596084594727e-01,2.682706832885742188e+00,0.000000000000000000e+00,6.315669417381286621e-01,-7.787528634071350098e-01,-5.959341526031494141e-01,4.136666357517242432e-01,-6.348726153373718262e-02,-1.023619055747985840e+00,8.345742821693420410e-01,-8.525384068489074707e-01,-4.286978542804718018e-01,1.226982235908508301e+00,-4.533792436122894287e-01,1.464147269725799561e-01,1.128958582878112793e+00,6.224362850189208984e-01,1.964052319526672363e+00,4.096732288599014282e-02,7.468898296356201172e-01,-1.680826842784881592e-01,-2.490034103393554688e-01,-1.494727134704589844e+00,-7.128152251243591309e-01,1.822273254394531250e+00,-7.214016318321228027e-01,-9.591934084892272949e-01,-6.789813637733459473e-01,-1.920984685420989990e-01,-8.946809768676757812e-01,-2.266943216323852539e+00,-5.320158004760742188e-01,7.357418537139892578e-01,3.609292209148406982e-01,-5.082859843969345093e-02,-1.895003020763397217e-01,8.355021476745605469e-02,-6.950637698173522949e-01,5.476136803627014160e-01,7.521237730979919434e-01,-1.036178112030029297e+00,9.774534106254577637e-01,4.447485804557800293e-01,6.049701571464538574e-01,-1.452276349067687988e+00,2.240680344402790070e-02,1.469035595655441284e-01,-1.958266258239746094e+00,-4.937469065189361572e-01,-1.131132245063781738e+00,8.649273216724395752e-02,-6.805161386728286743e-02,-1.438911080360412598e+00,7.074790000915527344e-01
-5.934511125087738037e-02,-2.374427080154418945e+00,1.787890195846557617e-01,-7.110825181007385254e-01,-2.243335545063018799e-01,7.758641242980957031e-01,-4.077133238315582275e-01,6.315669417381286621e-01,0.000000000000000000e+00,1.840186953544616699e+00,-4.992803335189819336e-01,1.772275209426879883e+00,-1.297784447669982910e+00,1.124600768089294434e+00,2.622891187667846680e+00,-3.691267967224121094e-01,1.157190054655075073e-01,1.213875055313110352e+00,-1.572315543889999390e-01,1.731132030487060547e+00,1.105391383171081543e+00,1.458525776863098145e+00,-5.356634855270385742e-01,-6.946646571159362793e-01,6.552894711494445801e-01,4.580214321613311768e-01,1.220908910036087036e-01,-2.670342028141021729e-01,1.898205727338790894e-01,-7.359360903501510620e-02,-2.900353670120239258e-01,-1.865343600511550903e-01,-1.071588277816772461e+00,-1.048651337623596191e+00,-1.931939601898193359e+00,-1.797896742820739746e+00,-1.411476731300354004e+00,-2.014204412698745728e-01,-1.457165122032165527e+00,-2.528896089643239975e-03,-5.423678755760192871e-01,-1.181481242179870605e+00,-4.555779695510864258e-01,-1.566058546304702759e-01,4.182289838790893555e-01,6.940264254808425903e-02,-4.809345304965972900e-01,6.813746690750122070e-01,-1.050826668739318848e+00,-1.168507337570190430e+00,-4.661411345005035400e-01,-1.803998708724975586e+00,4.576388001441955566e-02,3.295091688632965088e-01,-1.753629595041275024e-01,-3.314493000507354736e-01,1.036503672599792480e+00,7.903236895799636841e-02,2.791852355003356934e-01
-1.837879657745361328e+00,1.751319646835327148e+00,-1.872687339782714844e+00,-7.143143415451049805e-01,8.463671207427978516e-01,2.159220933914184570e+00,5.867196917533874512e-01,-7.787528634071350098e-01,1.840186953544616699e+00,0.000000000000000000e+00,2.713404417037963867e+00,6.799761652946472168e-01,2.212353229522705078e+00,-9.065598994493484497e-02,6.326656341552734375e-01,-1.557130694389343262e+00,1.718267202377319336e-01,-4.513510465621948242e-01,-1.530242681503295898e+00,3.500342369079589844e-01,2.260457724332809448e-01,-1.468158233910799026e-02,9.976037740707397461e-01,-1.682810187339782715e+00,-4.227257370948791504e-01,-2.107154369354248047e+00,-5.580320358276367188e-01,-2.251776158809661865e-01,-4.401133358478546143e-01,-1.292711496353149414e+00,-4.934315681457519531e-01,-4.426079094409942627e-01,8.495619297027587891e-01,-7.125724554061889648e-01,2.698695063591003418e-01,1.885345280170440674e-01,-2.220061868429183960e-01,-6.708326339721679688e-01,-4.094703793525695801e-01,4.012170732021331787e-01,-9.839968383312225342e-02,-8.707556128501892090e-01,-1.469071805477142334e-01,1.190530180931091309e+00,-4.514463543891906738e-01,-9.497394412755966187e-02,-2.885559320449829102e+00,-3.715135157108306885e-01,-4.194022417068481445e-01,-1.099027156829833984e+00,2.479080915451049805e+00,5.235378742218017578e-01,-1.493023514747619629e+00,6.910588145256042480e-01,-6.618470549583435059e-01,-2.416711807250976562e+00,8.885551691055297852e-01,-2.350283414125442505e-01,-4.629845619201660156e-01
3.953874707221984863e-01,-1.845289319753646851e-01,6.531224250793457031e-01,1.797198653221130371e+00,1.654901355504989624e-01,-1.577141404151916504e+00,4.415290057659149170e-01,-5.959341526031494141e-01,-4.992803335189819336e-01,2.713404417037963867e+00,0.000000000000000000e+00,4.586629569530487061e-01,1.057115435600280762e+00,1.952705144882202148e+00,-3.439994454383850098e-01,-2.319281548261642456e-01,-3.893285989761352539e-01,6.025402545928955078e-01,-7.444209456443786621e-01,-8.453000783920288086e-01,3.594383597373962402e-02,5.454525351524353027e-02,-9.636425971984863281e-01,4.057956039905548096e-01,-1.603665709495544434e+00,-7.168811559677124023e-02,5.297256866469979286e-04,-3.554436266422271729e-01,-9.023613333702087402e-01,-9.868463277816772461e-01,9.513322710990905762e-01,7.220910191535949707e-01,3.048323988914489746e-01,1.557348370552062988e+00,5.579739809036254883e-01,5.437647700309753418e-01,5.356034636497497559e-01,5.985448360443115234e-01,9.258087873458862305e-01,5.212395191192626953e-01,-1.774544864892959595e-01,8.055330514907836914e-01,7.775126397609710693e-02,-2.071881294250488281e+00,-4.608108997344970703e-01,-7.683585286140441895e-01,2.651669681072235107e-01,-1.799494981765747070e+00,5.423141121864318848e-01,1.220537781715393066e+00,5.264022350311279297e-01,-8.574860543012619019e-02,8.964750170707702637e-01,6.493833661079406738e-01,2.593376636505126953e-01,5.938541889190673828e-01,-1.207200661301612854e-01,5.586168766021728516e-01,-1.788822174072265625e+00
-4.302672147750854492e-01,-7.420609593391418457e-01,-8.965561389923095703e-01,-2.828886918723583221e-02,-1.069853663444519043e+00,3.778382241725921631e-01,2.222077250480651855e-01,4.136666357517242432e-01,1.772275209426879883e+00,6.799761652946472168e-01,4.586629569530487061e-01,0.000000000000000000e+00,-5.442677736282348633e-01,1.032816410064697266e+00,2.598973035812377930e+00,-3.400964438915252686e-01,1.779465079307556152e+00,-1.223445385694503784e-01,-2.088415473699569702e-01,-4.932099282741546631e-01,3.597886264324188232e-01,-2.806625962257385254e-01,4.186647012829780579e-02,5.843079090118408203e-02,6.099418997764587402e-01,8.394470438361167908e-03,-7.885320186614990234e-01,-3.462496399879455566e-01,-1.544516533613204956e-02,8.126803487539291382e-02,-3.627298474311828613e-01,6.173962950706481934e-01,-3.892791271209716797e-01,-1.062486648559570312e+00,-1.786791205406188965e+00,-1.585765361785888672e+00,-7.231243848800659180e-01,-2.346163615584373474e-03,-8.136942982673645020e-01,3.281109631061553955e-01,-1.061628386378288269e-01,-9.854553937911987305e-01,-6.257600784301757812e-01,-4.342421591281890869e-01,1.064046144485473633e+00,7.956414222717285156e-01,-1.219883114099502563e-01,-2.216628342866897583e-01,-6.884735226631164551e-01,1.627979725599288940e-01,2.122194617986679077e-01,5.834598541259765625e-01,-1.226496398448944092e-01,1.698882505297660828e-02,-3.748812079429626465e-01,-7.268127053976058960e-02,-1.007986217737197876e-01,-3.424831628799438477e-01,-1.267225295305252075e-01
-1.578157097101211548e-01,6.830958127975463867e-01,7.279770374298095703e-01,4.070318639278411865e-01,-1.443892955780029297e+00,-1.291837334632873535e+00,8.207552433013916016e-01,-6.348726153373718262e-02,-1.297784447669982910e+00,2.212353229522705078e+00,1.057115435600280762e+00,-5.442677736282348633e-01,0.000000000000000000e+00,2.154740333557128906e+00,-3.396392762660980225e-01,-9.241285920143127441e-01,-4.578386843204498291e-01,-4.627751111984252930e-01,1.495504379272460938e+00,-6.792082786560058594e-01,-4.783231765031814575e-02,3.681221008300781250e-01,3.177041411399841309e-01,-5.293262600898742676e-01,1.066618561744689941e+00,6.438449621200561523e-01,5.223211050033569336e-01,3.531944472342729568e-03,2.418435364961624146e-01,-4.918499886989593506e-01,-1.004682898521423340e+00,-4.936410114169120789e-03,1.441002607345581055e+00,-4.984863847494125366e-02,8.041770458221435547e-01,5.462283492088317871e-01,1.297062397003173828e+00,-2.535436153411865234e+00,-9.397017359733581543e-01,-2.488681674003601074e-01,2.363087832927703857e-01,-3.044702410697937012e-01,1.136281415820121765e-01,1.484722793102264404e-01,-1.094740509986877441e+00,-7.812299579381942749e-02,5.033149719238281250e-01,-1.043681025505065918e+00,5.187947303056716919e-02,5.069521069526672363e-01,5.331491231918334961e-01,-9.956897050142288208e-02,5.078384280204772949e-01,-9.293262362480163574e-01,1.528518199920654297e+00,1.780228018760681152e-01,7.925009727478027344e-01,2.172261327505111694e-01,-5.772153139114379883e-01
-1.280731916427612305e+00,7.695031166076660156e-01,1.252290368080139160e+00,-2.342178106307983398e+00,-9.903476238250732422e-01,1.488130092620849609e-01,7.995939254760742188e-01,-1.023619055747985840e+00,1.124600768089294434e+00,-9.065598994493484497e-02,1.952705144882202148e+00,1.032816410064697266e+00,2.154740333557128906e+00,0.000000000000000000e+00,1.550590634346008301e+00,3.437491893768310547e+00,6.268548369407653809e-01,9.940497279167175293e-01,-2.249038457870483398e+00,2.796806693077087402e-01,2.904951870441436768e-01,1.946534216403961182e-01,-2.381084114313125610e-01,5.997837185859680176e-01,-1.383073568344116211e+00,1.337009817361831665e-01,2.661162428557872772e-02,-9.167292714118957520e-01,-1.689319372177124023e+00,-4.188988823443651199e-03,-2.626087069511413574e-01,1.932031065225601196e-01,-6.821907162666320801e-01,-6.054886579513549805e-01,-2.565181851387023926e-01,-1.421367526054382324e+00,9.463288784027099609e-01,-1.578337192535400391e+00,2.649377286434173584e-01,-1.667784899473190308e-01,-1.812662363052368164e+00,-1.285791993141174316e+00,6.863180398941040039e-01,-1.666363328695297241e-01,-6.430197358131408691e-01,4.758899211883544922e-01,-1.172309637069702148e+00,-8.440242409706115723e-01,-1.268880128860473633e+00,-8.878090381622314453e-01,1.132679581642150879e-01,1.064488068222999573e-01,-1.419086813926696777e+00,-4.847003221511840820e-01,2.174718677997589111e-01,1.544148087501525879e+00,7.442306280136108398e-01,7.484470009803771973e-01,5.008648633956909180e-01
-5.049473643302917480e-01,-1.967026233673095703e+00,5.061921477317810059e-01,7.968150079250335693e-02,-5.998246669769287109e-01,1.134830832481384277e+00,-1.204634532332420349e-01,8.345742821693420410e-01,2.622891187667846680e+00,6.326656341552734375e-01,-3.439994454383850098e-01,2.598973035812377930e+00,-3.396392762660980225e-01,1.550590634346008301e+00,0.000000000000000000e+00,1.110847294330596924e-01,1.513513088226318359e+00,9.828327894210815430e-01,2.003946453332901001e-01,1.194747805595397949e+00,8.775127530097961426e-01,1.001851797103881836e+00,-4.024364948272705078e-01,3.961727954447269440e-03,2.045288681983947754e-01,1.787758320569992065e-01,-6.593056321144104004e-01,-6.614848971366882324e-01,-2.090770602226257324e-01,-2.728681080043315887e-02,2.478476315736770630e-01,3.404549658298492432e-01,-1.066907763481140137e+00,-1.007350921630859375e+00,-2.100139379501342773e+00,-2.285206079483032227e+00,-1.538800001144409180e+00,-1.008086204528808594e+00,-1.281430244445800781e+00,-5.688350275158882141e-02,7.364704459905624390e-02,-1.306760072708129883e+00,-3.482847511768341064e-01,-4.474826455116271973e-01,4.758816957473754883e-01,-1.041365504264831543e+00,-4.007820188999176025e-01,9.808560609817504883e-01,-1.114367127418518066e+00,-4.513404667377471924e-01,-2.582769095897674561e-01,-3.401247859001159668e-01,-5.924338698387145996e-01,-5.010443329811096191e-01,-7.347447276115417480e-01,-7.449697852134704590e-01,7.258554697036743164e-01,-7.303518652915954590e-01,7.114288955926895142e-02
4.362742900848388672e-01,-7.719073295593261719e-01,-1.183140397071838379e+00,1.998152732849121094e+00,-1.690890192985534668e+00,-2.523638308048248291e-01,-4.096584022045135498e-01,-8.525384068489074707e-01,-3.691267967224121094e-01,-1.557130694389343262e+00,-2.319281548261642456e-01,-3.400964438915252686e-01,-9.241285920143127441e-01,3.437491893768310547e+00,1.110847294330596924e-01,0.000000000000000000e+00,6.925935745239257812e-01,1.211618542671203613e+00,-4.342395067214965820e-01,-4.781332015991210938e-01,-2.905984401702880859e+00,-9.084020853042602539e-01,-2.391708195209503174e-01,1.045920968055725098e+00,1.804474592208862305e-01,-2.148614972829818726e-01,8.371846079826354980e-01,2.700294852256774902e-01,5.145120620727539062e-01,1.362759947776794434e+00,-2.329894542694091797e+00,5.469091534614562988e-01,-5.048213601112365723e-01,6.086485385894775391e-01,1.175150990486145020e+00,1.945167660713195801e+00,2.297587990760803223e-01,-2.099527597427368164e+00,1.135452508926391602e+00,1.055970311164855957e+00,-6.172653436660766602e-01,-2.049210518598556519e-01,-3.678176403045654297e-01,3.362768515944480896e-02,-7.541252374649047852e-01,3.770713508129119873e-01,5.453156828880310059e-01,9.406051635742187500e-01,9.677884168922901154e-03,2.864371240139007568e-01,2.084866464138031006e-01,-7.189136147499084473e-01,-1.044523119926452637e+00,-1.120125412940979004e+00,1.548498034477233887e+00,1.978146135807037354e-01,-5.676937848329544067e-02,-6.815603971481323242e-01,-8.624445796012878418e-01
2.546615004539489746e-01,-2.582970261573791504e-01,-1.011835485696792603e-01,7.234449982643127441e-01,-5.022709965705871582e-01,-8.072788715362548828e-01,1.137040376663208008e+00,-4.286978542804718018e-01,1.157190054655075073e-01,1.718267202377319336e-01,-3.893285989761352539e-01,1.779465079307556152e+00,-4.578386843204498291e-01,6.268548369407653809e-01,1.513513088226318359e+00,6.925935745239257812e-01,0.000000000000000000e+00,-2.881628572940826416e-01,-1.068040505051612854e-01,1.198223710060119629e+00,1.185154076665639877e-02,-4.431063234806060791e-01,5.962247252464294434e-01,5.298807099461555481e-02,4.246922433376312256e-01,4.097075462341308594e-01,4.338011518120765686e-02,4.830069243907928467e-01,6.426565647125244141e-01,9.444715976715087891e-01,-5.071968436241149902e-01,1.770276725292205811e-01,-4.351792335510253906e-01,-4.349842965602874756e-01,-1.164774417877197266e+00,-8.763345479965209961e-01,2.575238794088363647e-02,-8.282587677240371704e-02,-4.166503846645355225e-01,-3.796893060207366943e-01,2.693424224853515625e-01,-5.802406072616577148e-01,-6.788388490676879883e-01,2.297380194067955017e-02,-6.516216397285461426e-01,-9.976720437407493591e-03,3.944939076900482178e-01,-5.882768630981445312e-01,-5.960575342178344727e-01,-1.693605035543441772e-01,-2.648964822292327881e-01,6.608371138572692871e-01,4.421781301498413086e-01,-2.727955393493175507e-02,-1.836301088333129883e-01,-8.864995837211608887e-01,-5.337243676185607910e-01,-9.219506382942199707e-01,-5.092540979385375977e-01
8.774154186248779297e-01,-8.234629034996032715e-01,1.522771120071411133e+00,1.572276353836059570e+00,-5.975276231765747070e-01,1.366663932800292969e+00,-2.020540684461593628e-01,1.226982235908508301e+00,1.213875055313110352e+00,-4.513510465621948242e-01,6.025402545928955078e-01,-1.223445385694503784e-01,-4.627751111984252930e-01,9.940497279167175293e-01,9.828327894210815430e-01,1.211618542671203613e+00,-2.881628572940826416e-01,0.000000000000000000e+00,4.343104362487792969e-01,1.163319230079650879e+00,1.141858100891113281e+00,8.857409358024597168e-01,9.026944637298583984e-01,-2.130216360092163086e-01,-1.949034333229064941e-01,9.102056622505187988e-01,7.527771592140197754e-01,-8.966250717639923096e-02,-7.158289849758148193e-02,-1.802898049354553223e-01,-6.296436190605163574e-01,3.510518074035644531e-01,-5.829786658287048340e-01,-2.299402058124542236e-01,-8.635241389274597168e-01,-5.532569289207458496e-01,4.816648066043853760e-01,4.503549039363861084e-01,-4.097046852111816406e+00,-3.367518484592437744e-01,-2.150288581848144531e+00,-1.188246965408325195e+00,-6.439772248268127441e-01,1.088276281952857971e-01,-2.533926069736480713e-01,1.039835095405578613e+00,-4.305957555770874023e-01,1.689872860908508301e+00,-5.674391388893127441e-01,8.612063527107238770e-01,-5.467939972877502441e-01,-8.234919309616088867e-01,6.010341644287109375e-01,-1.257311582565307617e+00,-1.760775566101074219e+00,6.999929547309875488e-01,4.713437228929251432e-04,-2.584511995315551758e+00,-2.518496215343475342e-01
-1.206946372985839844e+00,6.428003907203674316e-01,5.800988078117370605e-01,-1.100031495094299316e+00,-8.168129324913024902e-01,-1.195183873176574707e+00,2.514366507530212402e-01,-4.533792436122894287e-01,-1.572315543889999390e-01,-1.530242681503295898e+00,-7.444209456443786621e-01,-2.088415473699569702e-01,1.495504379272460938e+00,-2.249038457870483398e+00,2.003946453332901001e-01,-4.342395067214965820e-01,-1.068040505051612854e-01,4.343104362487792969e-01,0.000000000000000000e+00,7.098687440156936646e-02,7.261256575584411621e-01,-4.681109488010406494e-01,-1.291405320167541504e+00,-1.428551793098449707e+00,1.448732137680053711e+00,5.888791680335998535e-01,-1.009651303291320801e+00,1.569173812866210938e+00,1.437012195587158203e+00,1.105350852012634277e+00,-1.541818380355834961e-01,1.102555096149444580e-01,-2.699975073337554932e-01,3.203620016574859619e-01,7.402415275573730469e-01,-5.189520716667175293e-01,-3.907650709152221680e-01,6.916753053665161133e-01,9.042427539825439453e-01,1.852586388587951660e+00,2.216131210327148438e+00,-9.608336687088012695e-01,1.311448812484741211e+00,8.545864224433898926e-01,1.105042815208435059e+00,1.650066256523132324e+00,-4.837619364261627197e-01,-9.506013393402099609e-01,-2.177862405776977539e+00,-8.099103569984436035e-01,-4.738152325153350830e-01,3.338947594165802002e-01,-1.503659039735794067e-01,2.897286117076873779e-01,-1.095750480890274048e-01,1.676445603370666504e+00,4.589644372463226318e-01,5.531685352325439453e-01,-8.649025559425354004e-01
-1.606704890727996826e-01,8.235552161931991577e-02,-1.286014080047607422e+00,-1.291357159614562988e+00,-1.092071056365966797e+00,-1.623506665229797363e+00,-4.092190265655517578e-01,1.464147269725799561e-01,1.731132030487060547e+00,3.500342369079589844e-01,-8.453000783920288086e-01,-4.932099282741546631e-01,-6.792082786560058594e-01,2.796806693077087402e-01,1.194747805595397949e+00,-4.781332015991210938e-01,1.198223710060119629e+00,1.163319230079650879e+00,7.098687440156936646e-02,0.000000000000000000e+00,1.782785296440124512e+00,2.429262399673461914e+00,1.470209479331970215e+00,7.840415239334106445e-01,1.475603699684143066e+00,7.727385163307189941e-01,3.100841343402862549e-01,6.261070966720581055e-01,-2.998913824558258057e-01,4.579501748085021973e-01,-1.331329941749572754e-01,8.537918329238891602e-02,-1.343469977378845215e+00,-1.220532894134521484e+00,-1.447952628135681152e+00,-3.129973113536834717e-01,-4.305776059627532959e-01,-7.826004624366760254e-01,-1.008882403373718262e+00,4.084231331944465637e-02,9.657047986984252930e-01,-7.561784982681274414e-01,-1.225466012954711914e+00,-1.001021981239318848e+00,-3.102325648069381714e-02,-4.265010952949523926e-01,3.744431734085083008e-01,-4.845044109970331192e-03,4.210692644119262695e-02,-1.047728776931762695e+00,-3.684618175029754639e-01,-7.188315391540527344e-01,-4.590518474578857422e-01,-4.587048590183258057e-01,-4.011498093605041504e-01,1.424932479858398438e-01,1.348586916923522949e+00,-1.378839373588562012e+00,3.116330802440643311e-01
-1.758151531219482422e+00,3.747548758983612061e-01,-8.008044362068176270e-01,-1.897668719291687012e+00,-2.115660905838012695e+00,9.113802313804626465e-01,-1.549780815839767456e-01,1.128958582878112793e+00,1.105391383171081543e+00,2.260457724332809448e-01,3.594383597373962402e-02,3.597886264324188232e-01,-4.783231765031814575e-02,2.904951870441436768e-01,8.775127530097961426e-01,-2.905984401702880859e+00,1.185154076665639877e-02,1.141858100891113281e+00,7.261256575584411621e-01,1.782785296440124512e+00,0.000000000000000000e+00,9.026664495468139648e-01,1.037552595138549805e+00,4.468140602111816406e-01,1.593429088592529297e+00,-4.669162631034851074e-01,-4.485892653465270996e-01,1.164528369903564453e+00,1.663143157958984375e+00,2.464098632335662842e-01,3.712159991264343262e-01,-1.283164858818054199e+00,1.041158363223075867e-01,-5.082935690879821777e-01,1.291000247001647949e-01,-2.723298072814941406e-01,-2.459566593170166016e-01,7.522823810577392578e-01,-7.443810701370239258e-01,-9.429652094841003418e-01,-1.757970213890075684e+00,-8.078594207763671875e-01,6.214345693588256836e-01,7.754943370819091797e-01,-2.740578353404998779e-01,-1.013280153274536133e-01,-3.726062774658203125e-01,-1.757326960563659668e+00,7.981178909540176392e-02,-3.025297820568084717e-01,-1.106544852256774902e+00,2.923924326896667480e-01,-2.152117788791656494e-01,1.480694532394409180e+00,1.465965747833251953e+00,-9.007372260093688965e-01,8.259772658348083496e-01,-1.079265356063842773e+00,-1.713919937610626221e-01
2.064564675092697144e-01,-9.462847113609313965e-01,9.709882140159606934e-01,-1.705524325370788574e+00,2.864262461662292480e-01,-1.188568592071533203e+00,9.346129000186920166e-02,6.224362850189208984e-01,1.458525776863098145e+00,-1.468158233910799026e-02,5.454525351524353027e-02,-2.806625962257385254e-01,3.681221008300781250e-01,1.946534216403961182e-01,1.001851797103881836e+00,-9.084020853042602539e-01,-4.431063234806060791e-01,8.857409358024597168e-01,-4.681109488010406494e-01,2.429262399673461914e+00,9.026664495468139648e-01,0.000000000000000000e+00,-3.318975567817687988e-01,1.470170617103576660e+00,1.274590641260147095e-01,-8.470808863639831543e-01,1.668741554021835327e-01,7.082214951515197754e-01,4.161909222602844238e-02,-1.319940537214279175e-01,-5.060787200927734375e-01,-3.038597106933593750e-01,7.036736607551574707e-01,8.128281235694885254e-01,7.790695130825042725e-02,-1.759314060211181641e+00,-1.369592070579528809e+00,-6.956175565719604492e-01,-5.238528847694396973e-01,-2.470612972974777222e-01,4.777505695819854736e-01,-5.750377178192138672e-01,3.750078678131103516e-01,-2.051859200000762939e-01,3.539141714572906494e-01,1.011478543281555176e+00,-3.524796664714813232e-01,5.563073158264160156e-01,-1.206057071685791016e+00,-9.057145118713378906e-01,-8.025476336479187012e-02,-1.082952260971069336e+00,-4.489461481571197510e-01,-7.078507542610168457e-01,-4.654857516288757324e-01,4.062761962413787842e-01,6.246976852416992188e-01,-2.518921494483947754e-01,1.568601578474044800e-01
2.138205528259277344e+00,-6.700367331504821777e-01,-2.464841127395629883e+00,4.497852623462677002e-01,1.190006375312805176e+00,1.074781179428100586e+00,1.506396412849426270e+00,1.964052319526672363e+00,-5.356634855270385742e-01,9.976037740707397461e-01,-9.636425971984863281e-01,4.186647012829780579e-02,3.177041411399841309e-01,-2.381084114313125610e-01,-4.024364948272705078e-01,-2.391708195209503174e-01,5.962247252464294434e-01,9.026944637298583984e-01,-1.291405320167541504e+00,1.470209479331970215e+00,1.037552595138549805e+00,-3.318975567817687988e-01,0.000000000000000000e+00,6.962776184082031250e-01,4.005719125270843506e-01,-6.956162303686141968e-02,-6.427479386329650879e-01,2.505649805068969727e+00,1.251563668251037598e+00,2.295002222061157227e+00,6.757465749979019165e-02,-1.562449216842651367e+00,-2.138372421264648438e+00,-1.807849287986755371e+00,4.664126038551330566e-02,-1.087736010551452637e+00,-1.061478614807128906e+00,4.079841077327728271e-01,7.691304087638854980e-01,-7.037534564733505249e-02,-1.377140879631042480e+00,-5.729976296424865723e-02,-1.480859279632568359e+00,-1.508074998855590820e+00,-4.043347537517547607e-01,-6.150303483009338379e-01,-1.039801359176635742e+00,-1.511561393737792969e+00,2.965157628059387207e-01,-1.673178076744079590e+00,-4.961102306842803955e-01,-5.009051561355590820e-01,4.367542266845703125e-01,5.901319384574890137e-01,-1.938489377498626709e-01,4.390462934970855713e-01,-5.441051721572875977e-01,-7.511444687843322754e-01,-4.849427640438079834e-01
-1.814514994621276855e-01,-7.453481554985046387e-01,-9.338345378637313843e-02,-1.022502556443214417e-01,4.722623229026794434e-01,3.772052824497222900e-01,1.016337797045707703e-01,4.096732288599014282e-02,-6.946646571159362793e-01,-1.682810187339782715e+00,4.057956039905548096e-01,5.843079090118408203e-02,-5.293262600898742676e-01,5.997837185859680176e-01,3.961727954447269440e-03,1.045920968055725098e+00,5.298807099461555481e-02,-2.130216360092163086e-01,-1.428551793098449707e+00,7.840415239334106445e-01,4.468140602111816406e-01,1.470170617103576660e+00,6.962776184082031250e-01,0.000000000000000000e+00,1.133923411369323730e+00,1.129345893859863281e+00,2.680548191070556641e+00,3.677721321582794189e-01,-1.873207092285156250e-01,9.725015163421630859e-01,-1.586935877799987793e+00,-2.933895289897918701e-01,5.597838163375854492e-01,4.751748442649841309e-01,2.049962580204010010e-01,9.144711494445800781e-01,-1.055257439613342285e+00,-2.274773359298706055e+00,-3.730545341968536377e-01,1.184419870376586914e+00,3.154018521308898926e-01,-1.898334324359893799e-01,-7.227058410644531250e-01,-6.906989812850952148e-01,-1.377009391784667969e+00,-8.206196874380111694e-02,-1.156810402870178223e+00,2.772757709026336670e-01,1.373016357421875000e+00,2.823460996150970459e-01,7.463033795356750488e-01,-1.911804795265197754e+00,-2.917007505893707275e-01,-1.646197319030761719e+00,-3.675794899463653564e-01,1.660495400428771973e-01,1.342106580734252930e+00,-1.424060821533203125e+00,6.097264885902404785e-01
1.220955103635787964e-01,3.577789068222045898e-01,8.816281557083129883e-01,-2.395645380020141602e+00,-2.487864732742309570e+00,1.792352944612503052e-01,-1.629733085632324219e+00,7.468898296356201172e-01,6.552894711494445801e-01,-4.227257370948791504e-01,-1.603665709495544434e+00,6.099418997764587402e-01,1.066618561744689941e+00,-1.383073568344116211e+00,2.045288681983947754e-01,1.804474592208862305e-01,4.246922433376312256e-01,-1.949034333229064941e-01,1.448732137680053711e+00,1.475603699684143066e+00,1.593429088592529297e+00,1.274590641260147095e-01,4.005719125270843506e-01,1.133923411369323730e+00,0.000000000000000000e+00,1.518932342529296875e+00,5.151401162147521973e-01,2.366466999053955078e+00,9.198640584945678711e-01,1.611497759819030762e+00,-2.559379935264587402e-01,-9.250844717025756836e-01,1.041936159133911133e+00,-8.464775681495666504e-01,2.795384824275970459e-01,1.356501221656799316e+00,9.779386520385742188e-01,-1.989759087562561035e+00,1.549471735954284668e+00,1.016350388526916504e+00,-7.599908113479614258e-01,1.434989273548126221e-01,-3.134841620922088623e-01,-1.633194088935852051e+00,-1.522784471511840820e+00,4.853619933128356934e-01,-2.415652275085449219e+00,-7.405146360397338867e-01,-1.143336415290832520e+00,-1.964604377746582031e+00,-4.042486548423767090e-01,-1.951411724090576172e+00,-1.099827647209167480e+00,-3.441227972507476807e-01,1.012841463088989258e+00,8.618234843015670776e-02,6.330650765448808670e-03,8.915916830301284790e-02,1.046149849891662598e+00
-4.686472713947296143e-01,-1.921410799026489258e+00,-5.252365395426750183e-02,4.079468548297882080e-01,-1.045493841171264648e+00,6.324911862611770630e-02,5.724586844444274902e-01,-1.680826842784881592e-01,4.580214321613311768e-01,-2.107154369354248047e+00,-7.168811559677124023e-02,8.394470438361167908e-03,6.438449621200561523e-01,1.337009817361831665e-01,1.787758320569992065e-01,-2.148614972829818726e-01,4.097075462341308594e-01,9.102056622505187988e-01,5.888791680335998535e-01,7.727385163307189941e-01,-4.669162631034851074e-01,-8.470808863639831543e-01,-6.956162303686141968e-02,1.129345893859863281e+00,1.518932342529296875e+00,0.000000000000000000e+00,2.985614538192749023e-01,-1.024566650390625000e+00,-1.713454872369766235e-01,-8.464066311717033386e-03,-3.420563638210296631e-01,4.019387662410736084e-01,9.070312380790710449e-01,1.176324486732482910e+00,-3.877420723438262939e-01,1.372268557548522949e+00,2.122392505407333374e-01,-5.520715117454528809e-01,2.128030538558959961e+00,2.639726102352142334e-01,5.330676436424255371e-01,4.620257019996643066e-01,4.813534319400787354e-01,-9.610761404037475586e-01,-4.314688444137573242e-01,2.562691569328308105e-01,-2.057588577270507812e+00,-1.011063624173402786e-02,1.422290086746215820e+00,1.010367393493652344e+00,3.506262898445129395e-01,3.802942484617233276e-02,-7.940750122070312500e-01,2.308456152677536011e-01,-5.542121529579162598e-01,1.251710772514343262e+00,1.387765884399414062e+00,1.962838172912597656e-01,-4.012151062488555908e-01
