0.000000000000000000e+00,2.582549095153808594e+00,1.637309193611145020e+00,6.557182222604751587e-02,8.286025524139404297e-01,-6.462153792381286621e-01,-5.768265724182128906e-01,1.122463378123939037e-03,-1.542051285505294800e-01,-7.064936757087707520e-01,-4.807701110839843750e-01,-5.156314373016357422e-01,-4.248113036155700684e-01,6.270951777696609497e-02,-3.745663166046142578e-01,-3.458989858627319336e-01,4.677058458328247070e-01,-3.883917033672332764e-01,-4.663751274347305298e-02,-6.371306777000427246e-01,3.846831321716308594e-01,-1.203369379043579102e+00,7.307283878326416016e-01,-1.611502915620803833e-01,-1.651278257369995117e+00,-1.659507751464843750e-01,-1.316784620285034180e+00,1.777209341526031494e-01,4.427965283393859863e-01,2.085669487714767456e-01,1.020779132843017578e+00,6.111922860145568848e-01,-9.736175835132598877e-02,6.200239658355712891e-01,1.083677053451538086e+00,-1.612327694892883301e+00,-7.982104420661926270e-01,1.189385294914245605e+00,-1.316052824258804321e-01,1.585134267807006836e-01,-5.210471749305725098e-01,-9.492938518524169922e-01,6.303386688232421875e-01,-1.406189799308776855e-01,3.450897336006164551e-02,-4.396494030952453613e-01,-1.339413285255432129e+00,-1.003479242324829102e+00,7.811093330383300781e-01,-3.880647122859954834e-01,-3.076848983764648438e-01,-1.830884516239166260e-01,-1.229950070381164551e+00,-2.393174469470977783e-01,-1.302548050880432129e-01,1.267503857612609863e+00,-1.852963715791702271e-01,0.000000000000000000e+00,0.000000000000000000e+00
2.582549095153808594e+00,0.000000000000000000e+00,1.503194928169250488e+00,1.533244967460632324e+00,1.781936168670654297e+00,6.203199625015258789e-01,6.435686349868774414e-01,-1.774860322475433350e-01,-1.105696558952331543e+00,-1.367262750864028931e-02,2.098072916269302368e-01,5.582226514816284180e-01,9.926422685384750366e-02,1.362134516239166260e-01,-1.736478805541992188e+00,-2.802880108356475830e-01,-1.597583293914794922e+00,-1.438394427299499512e+00,-5.529842153191566467e-02,-7.789840102195739746e-01,-1.082660913467407227e+00,-2.383377790451049805e+00,-1.551981806755065918e+00,-1.980620771646499634e-01,-1.280985027551651001e-01,-1.824134141206741333e-01,-3.710066378116607666e-01,8.104547262191772461e-01,-1.709624826908111572e-01,-1.258827805519104004e+00,2.757929861545562744e-01,-1.075567245483398438e+00,2.337239265441894531e+00,1.057021856307983398e+00,1.027170181274414062e+00,-1.335650920867919922e+00,-4.937733113765716553e-01,1.402897715568542480e+00,-7.003569006919860840e-01,7.217478156089782715e-01,-6.137293577194213867e-01,2.215352952480316162e-01,-1.079754680395126343e-01,6.394211947917938232e-02,3.703862428665161133e-01,-2.024384498596191406e+00,2.157289385795593262e-01,-2.084932565689086914e+00,-1.643081568181514740e-02,3.788883984088897705e-01,3.389559686183929443e-01,-1.611520171165466309e+00,-4.674739539623260498e-01,-1.041180968284606934e+00,8.041397929191589355e-01,1.198129653930664062e+00,2.764099538326263428e-01,0.000000000000000000e+00,0.000000000000000000e+00
1.637309193611145020e+00,1.503194928169250488e+00,0.000000000000000000e+00,1.831537604331970215e+00,9.342905282974243164e-01,1.175660133361816406e+00,4.261630773544311523e-01,8.235021829605102539e-01,-4.265442490577697754e-01,-5.044846981763839722e-02,7.875717878341674805e-01,-2.470284253358840942e-01,-2.042453140020370483e-01,8.927795886993408203e-01,-4.319943785667419434e-01,6.565150022506713867e-01,-4.544926881790161133e-01,-1.221785664558410645e+00,2.240151166915893555e-01,-4.301104247570037842e-01,-7.794150710105895996e-01,-1.612316489219665527e+00,-1.338684082031250000e+00,-4.467567801475524902e-01,-4.091712534427642822e-01,-3.531569242477416992e-01,-1.185485243797302246e+00,-1.170204043388366699e+00,6.388489902019500732e-02,-5.348587408661842346e-03,7.322900891304016113e-01,-3.800242021679878235e-02,1.006088137626647949e+00,-3.081951439380645752e-01,5.719873681664466858e-02,-1.189290583133697510e-01,-2.381495475769042969e+00,6.151120662689208984e-01,6.323314905166625977e-01,4.971626400947570801e-01,8.015649318695068359e-01,-2.187491394579410553e-02,-1.183125451207160950e-01,-3.098708689212799072e-01,-3.086886107921600342e-01,-1.113065481185913086e+00,4.476817548274993896e-01,2.191273123025894165e-01,8.238829374313354492e-01,-1.048227623105049133e-01,-5.225284099578857422e-01,-1.059079289436340332e+00,4.787088930606842041e-01,-5.509182810783386230e-01,5.885778069496154785e-01,-1.333941668272018433e-01,-1.478132456541061401e-01,0.000000000000000000e+00,0.000000000000000000e+00
6.557182222604751587e-02,1.533244967460632324e+00,1.831537604331970215e+00,0.000000000000000000e+00,2.726016044616699219e+00,1.948969483375549316e+00,2.267876386642456055e+00,1.482072830200195312e+00,-3.276207745075225830e-01,-3.490486741065979004e-01,6.746706366539001465e-01,-9.133194684982299805e-01,-6.961325407028198242e-01,-1.412200033664703369e-01,3.213381767272949219e-01,7.291421294212341309e-01,-1.046966671943664551e+00,2.736934833228588104e-02,-1.205258488655090332e+00,-7.682945728302001953e-01,-1.010199785232543945e+00,-1.157928347587585449e+00,-1.751707792282104492e+00,4.921070486307144165e-02,-3.776093423366546631e-01,1.074206113815307617e+00,-4.566085636615753174e-01,-2.947897017002105713e-01,-7.842172980308532715e-01,-6.059448122978210449e-01,-6.892368197441101074e-01,-1.611980497837066650e-01,1.111173748970031738e+00,7.986682057380676270e-01,1.245443940162658691e+00,-2.262079864740371704e-01,-3.018204569816589355e-01,-4.548278450965881348e-02,2.028505206108093262e-01,1.098334074020385742e+00,-1.512613892555236816e+00,-1.469566524028778076e-01,1.430566459894180298e-01,-1.009559273719787598e+00,-5.025250315666198730e-01,3.161965012550354004e-01,-7.893382571637630463e-03,8.791310340166091919e-02,-3.221964538097381592e-01,2.645524442195892334e-01,-1.053312540054321289e+00,-1.673929333686828613e+00,-9.798842668533325195e-01,5.903223752975463867e-01,-3.046685755252838135e-01,-1.114228367805480957e+00,-1.368635147809982300e-01,0.000000000000000000e+00,0.000000000000000000e+00
8.286025524139404297e-01,1.781936168670654297e+00,9.342905282974243164e-01,2.726016044616699219e+00,0.000000000000000000e+00,9.131753444671630859e-01,2.991647958755493164e+00,2.061543703079223633e+00,7.970346212387084961e-01,-8.342217803001403809e-01,-5.997861027717590332e-01,-9.503457546234130859e-01,-6.910571455955505371e-02,8.971619009971618652e-01,-2.302250266075134277e-01,-2.484903335571289062e-01,6.244578957557678223e-01,-1.120661616325378418e+00,-1.488389015197753906e+00,-3.543189764022827148e-01,-1.211821585893630981e-01,-1.515767812728881836e+00,-1.647323668003082275e-01,-7.997446060180664062e-01,-1.403251290321350098e-01,7.332783341407775879e-01,1.636856198310852051e+00,7.135193049907684326e-02,-7.974312901496887207e-01,3.675329685211181641e-01,2.801955044269561768e-01,-2.003865987062454224e-01,8.469715714454650879e-02,7.878668904304504395e-01,2.225002944469451904e-01,-1.270988225936889648e+00,-4.210829436779022217e-01,4.743339121341705322e-01,2.971185147762298584e-01,-9.572216272354125977e-01,-9.543047100305557251e-02,3.732455372810363770e-01,-1.478671908378601074e+00,5.667179226875305176e-01,1.348827481269836426e-01,-4.475668966770172119e-01,3.353523910045623779e-01,-3.925765156745910645e-01,-7.600651979446411133e-01,1.744094640016555786e-01,-7.065754383802413940e-02,-1.816067397594451904e-01,-1.980905890464782715e+00,-1.281458616256713867e+00,6.342228055000305176e-01,-3.103240489959716797e+00,-8.654442429542541504e-01,0.000000000000000000e+00,0.000000000000000000e+00
-6.462153792381286621e-01,6.203199625015258789e-01,1.175660133361816406e+00,1.948969483375549316e+00,9.131753444671630859e-01,0.000000000000000000e+00,2.746786594390869141e+00,1.996648907661437988e+00,7.558020353317260742e-01,2.202489078044891357e-01,4.357472434639930725e-02,-2.797360420227050781e-01,3.108057677745819092e-01,7.245146036148071289e-01,2.705439090728759766e+00,3.440128564834594727e-01,-7.659640163183212280e-02,1.016164541244506836e+00,4.282656013965606689e-01,-5.952338576316833496e-01,-1.027945876121520996e+00,2.967967092990875244e-01,1.040739536285400391e+00,-1.269186019897460938e+00,7.750908732414245605e-01,2.752177715301513672e-01,-1.089527368545532227e+00,-3.075695829465985298e-03,4.650113359093666077e-02,-1.446665167808532715e+00,-1.482458710670471191e+00,-1.367366075515747070e+00,-2.961477279663085938e+00,-3.681318461894989014e-01,9.189460277557373047e-01,4.339230805635452271e-02,6.704083681106567383e-01,8.756139278411865234e-01,5.562345981597900391e-01,-6.248158812522888184e-01,1.543178558349609375e-01,-2.882635593414306641e-01,-7.902873754501342773e-01,-1.006448268890380859e+00,-1.449551582336425781e+00,-8.719419129192829132e-03,-2.351459711790084839e-01,6.802954077720642090e-01,-8.406123518943786621e-01,3.200702965259552002e-01,-2.992601394653320312e+00,-3.692203164100646973e-01,-1.151427149772644043e+00,9.002926349639892578e-01,-1.710293054580688477e+00,-1.434980988502502441e+00,-1.080542922019958496e+00,0.000000000000000000e+00,0.000000000000000000e+00
-5.768265724182128906e-01,6.435686349868774414e-01,4.261630773544311523e-01,2.267876386642456055e+00,2.991647958755493164e+00,2.746786594390869141e+00,0.000000000000000000e+00,2.455034732818603516e+00,-4.091961979866027832e-01,1.503485679626464844e+00,1.070222616195678711e+00,-1.218701839447021484e+00,8.359233289957046509e-02,6.616592407226562500e-01,6.712795794010162354e-02,2.248983830213546753e-01,-1.391031980514526367e+00,5.224682092666625977e-01,6.682593822479248047e-01,-1.746486723423004150e-01,9.970650076866149902e-02,-6.956377625465393066e-01,1.978818178176879883e-01,-1.016644597053527832e+00,-1.124012190848588943e-02,-2.128343731164932251e-01,4.917327314615249634e-02,5.238621309399604797e-02,-1.282576799392700195e+00,1.596358977258205414e-02,-9.635657668113708496e-01,-1.544843435287475586e+00,2.096343338489532471e-01,-6.882877349853515625e-01,5.728336572647094727e-01,-2.497461587190628052e-01,-4.644490182399749756e-01,-5.876833796501159668e-01,-1.364490866661071777e+00,8.912979066371917725e-02,1.148856163024902344e+00,-1.713738918304443359e+00,5.023421645164489746e-01,4.210700392723083496e-01,6.588877439498901367e-01,-1.026965826749801636e-01,-4.394549429416656494e-01,3.974509835243225098e-01,-6.160297617316246033e-02,2.926871776580810547e-01,6.525934934616088867e-01,-1.094103217124938965e+00,-9.697025418281555176e-01,5.867093205451965332e-01,-1.292198896408081055e+00,-2.892029762268066406e+00,-2.436184436082839966e-01,0.000000000000000000e+00,0.000000000000000000e+00
1.122463378123939037e-03,-1.774860322475433350e-01,8.235021829605102539e-01,1.482072830200195312e+00,2.061543703079223633e+00,1.996648907661437988e+00,2.455034732818603516e+00,0.000000000000000000e+00,-5.424470901489257812e-01,-8.903419375419616699e-01,1.729942798614501953e+00,-7.143969833850860596e-02,2.521941661834716797e-01,1.108402252197265625e+00,1.082699656486511230e+00,-6.730439066886901855e-01,4.269645810127258301e-01,9.055358171463012695e-01,1.678523719310760498e-01,-8.053642511367797852e-01,-1.111746430397033691e+00,2.892216742038726807e-01,-1.309113204479217529e-01,-1.122480556368827820e-01,1.176489591598510742e+00,-9.256498217582702637e-01,-3.957864344120025635e-01,-1.495111703872680664e+00,-1.783297061920166016e+00,1.366448402404785156e+00,4.527601599693298340e-01,6.311088204383850098e-01,4.312720298767089844e-01,-2.259791046380996704e-01,-2.494284868240356445e+00,2.138875611126422882e-02,-7.322733402252197266e-01,-1.114704608917236328e+00,7.389379739761352539e-01,-8.270283341407775879e-01,1.059985756874084473e-01,1.098075985908508301e+00,-1.775759458541870117e-01,9.421322345733642578e-01,-6.709792613983154297e-01,3.683555722236633301e-01,9.113766252994537354e-02,-6.142868995666503906e-01,-1.051699995994567871e+00,-5.757398009300231934e-01,5.838990807533264160e-01,6.368162035942077637e-01,6.573643088340759277e-01,-1.283254384994506836e+00,-1.360614061355590820e+00,-5.889791846275329590e-01,-3.868678212165832520e-01,0.000000000000000000e+00,0.000000000000000000e+00
-1.542051285505294800e-01,-1.105696558952331543e+00,-4.265442490577697754e-01,-3.276207745075225830e-01,7.970346212387084961e-01,7.558020353317260742e-01,-4.091961979866027832e-01,-5.424470901489257812e-01,0.000000000000000000e+00,5.261036157608032227e-01,-7.018067836761474609e-01,1.065934896469116211e+00,-7.003616690635681152e-01,1.057809233665466309e+00,3.052390515804290771e-01,1.011129498481750488e+00,4.589266180992126465e-01,1.302741527557373047e+00,-1.399872303009033203e+00,1.250627279281616211e+00,-6.931213736534118652e-01,9.820229411125183105e-01,1.147192001342773438e+00,-4.774556457996368408e-01,8.045554161071777344e-01,-2.799752354621887207e-01,-6.276463270187377930e-01,2.690762877464294434e-01,7.389414310455322266e-01,9.777916669845581055e-01,-2.202197313308715820e+00,-4.087677001953125000e-01,-1.691508889198303223e+00,9.890885651111602783e-02,-2.254812240600585938e+00,-1.027650237083435059e+00,-1.569645166397094727e+00,-1.657745003700256348e+00,-8.026994466781616211e-01,1.240646839141845703e-01,-5.602292418479919434e-01,-1.010559916496276855e+00,6.645516753196716309e-01,-6.982780694961547852e-01,-6.004946827888488770e-01,1.801580786705017090e+00,-2.030289173126220703e+00,5.994152426719665527e-01,-1.374782323837280273e+00,-2.107456177473068237e-01,-2.499526739120483398e-01,2.127945661544799805e+00,2.308673560619354248e-01,-4.211238324642181396e-01,2.716030180454254150e-01,4.479713141918182373e-01,6.141169667243957520e-01,0.000000000000000000e+00,0.000000000000000000e+00
-7.064936757087707520e-01,-1.367262750864028931e-02,-5.044846981763839722e-02,-3.490486741065979004e-01,-8.342217803001403809e-01,2.202489078044891357e-01,1.503485679626464844e+00,-8.903419375419616699e-01,5.261036157608032227e-01,0.000000000000000000e+00,2.737413644790649414e+00,5.359054803848266602e-01,4.685512483119964600e-01,-2.559684038162231445e+00,1.211697340011596680e+00,-1.450552701950073242e+00,4.530957341194152832e-01,9.387652873992919922e-01,-1.272146344184875488e+00,-2.205449044704437256e-01,1.254735112190246582e+00,-4.104842990636825562e-02,7.791569232940673828e-01,-4.438161551952362061e-01,-1.979959607124328613e+00,-8.564223647117614746e-01,-1.149043202400207520e+00,9.523501396179199219e-01,2.810641527175903320e-01,4.807107448577880859e-01,2.431546449661254883e-01,6.127040833234786987e-02,7.378004789352416992e-01,9.721363186836242676e-01,-1.516953587532043457e+00,-8.646599054336547852e-01,-1.582123517990112305e+00,-9.981061518192291260e-02,4.227845072746276855e-01,-9.430391788482666016e-01,9.007951617240905762e-01,-5.598652958869934082e-01,-1.676261544227600098e+00,-6.202192902565002441e-01,4.864788055419921875e-01,1.256671071052551270e+00,-3.548726737499237061e-01,1.435243040323257446e-01,1.335933655500411987e-01,-1.457782685756683350e-01,7.601521015167236328e-01,-1.974082469940185547e+00,2.873007059097290039e-01,-1.449089407920837402e+00,-3.017937839031219482e-01,1.313054114580154419e-01,8.515259027481079102e-01,0.000000000000000000e+00,0.000000000000000000e+00
-4.807701110839843750e-01,2.098072916269302368e-01,7.875717878341674805e-01,6.746706366539001465e-01,-5.997861027717590332e-01,4.357472434639930725e-02,1.070222616195678711e+00,1.729942798614501953e+00,-7.018067836761474609e-01,2.737413644790649414e+00,0.000000000000000000e+00,-3.786018788814544678e-01,1.895437955856323242e+00,8.870571255683898926e-01,4.039431214332580566e-01,3.909399211406707764e-01,-2.471480220556259155e-01,-5.421575307846069336e-01,1.221865653991699219e+00,-7.111293673515319824e-01,-4.119453430175781250e-01,-1.335507631301879883e-01,5.944366455078125000e-01,7.757413387298583984e-01,4.507079720497131348e-01,-5.068818926811218262e-01,-1.057368278503417969e+00,-2.870133332908153534e-02,-6.270517706871032715e-01,-1.216092944145202637e+00,-9.740891456604003906e-01,-3.828864991664886475e-01,-2.598702721297740936e-02,1.327048182487487793e+00,-1.561756968498229980e+00,6.667406857013702393e-02,9.623271226882934570e-01,-5.692085623741149902e-01,2.004051059484481812e-01,3.252317309379577637e-01,-1.452320933341979980e+00,-1.441124677658081055e+00,1.058004498481750488e+00,-1.540914177894592285e+00,3.869267702102661133e-01,9.035103321075439453e-01,1.444337964057922363e-01,-4.404698610305786133e-01,8.227235078811645508e-01,1.092575430870056152e+00,3.068562746047973633e-01,6.297522783279418945e-01,1.398527473211288452e-01,1.488919973373413086e+00,5.838014185428619385e-02,-9.583014994859695435e-02,-5.280043482780456543e-01,0.000000000000000000e+00,0.000000000000000000e+00
-5.156314373016357422e-01,5.582226514816284180e-01,-2.470284253358840942e-01,-9.133194684982299805e-01,-9.503457546234130859e-01,-2.797360420227050781e-01,-1.218701839447021484e+00,-7.143969833850860596e-02,1.065934896469116211e+00,5.359054803848266602e-01,-3.786018788814544678e-01,0.000000000000000000e+00,-3.325834572315216064e-01,5.432438850402832031e-01,1.920946121215820312e+00,4.711261391639709473e-01,2.018620729446411133e+00,-6.829559057950973511e-02,-1.057376861572265625e+00,7.344046831130981445e-01,6.187677383422851562e-01,-1.819203794002532959e-01,9.469732046127319336e-01,7.390662282705307007e-02,-1.737916618585586548e-01,-3.370883464813232422e-01,-5.013366937637329102e-01,2.350556254386901855e-01,1.239255905151367188e+00,-1.892398446798324585e-01,-3.241342008113861084e-01,-9.949052333831787109e-02,1.797038465738296509e-01,-5.980079770088195801e-01,-6.200472116470336914e-01,-9.703908860683441162e-02,-9.124211668968200684e-01,8.459518849849700928e-02,-5.931777954101562500e-01,-6.895775794982910156e-01,2.562710046768188477e-01,-3.025053739547729492e-01,-4.521036446094512939e-01,-3.514820337295532227e-01,-3.682789951562881470e-02,-4.705268442630767822e-01,-1.815766245126724243e-01,-2.727142870426177979e-01,-5.399182066321372986e-02,-5.778569579124450684e-01,7.865077853202819824e-01,-9.157094359397888184e-01,-6.577373147010803223e-01,-1.183069497346878052e-01,-1.119344234466552734e-01,-3.041613399982452393e-01,4.062641859054565430e-01,0.000000000000000000e+00,0.000000000000000000e+00
-4.248113036155700684e-01,9.926422685384750366e-02,-2.042453140020370483e-01,-6.961325407028198242e-01,-6.910571455955505371e-02,3.108057677745819092e-01,8.359233289957046509e-02,2.521941661834716797e-01,-7.003616690635681152e-01,4.685512483119964600e-01,1.895437955856323242e+00,-3.325834572315216064e-01,0.000000000000000000e+00,2.130750894546508789e+00,2.808491468429565430e+00,6.787995100021362305e-01,-6.682895123958587646e-02,2.151220321655273438e+00,6.322532296180725098e-01,-6.728679537773132324e-01,-7.305528521537780762e-01,1.653458237648010254e+00,9.416216015815734863e-01,7.226400822401046753e-02,1.286104619503021240e-01,1.972872465848922729e-01,-1.427705049514770508e+00,4.207934141159057617e-01,-7.902744412422180176e-01,3.751406967639923096e-01,4.198116436600685120e-02,3.097831010818481445e-01,6.305434703826904297e-01,-1.901550650596618652e+00,-4.484772384166717529e-01,-8.516343235969543457e-01,1.268322110176086426e+00,-1.105943918228149414e+00,3.114588558673858643e-01,-6.798290610313415527e-01,3.645390272140502930e-01,-1.724278807640075684e+00,-6.838925480842590332e-01,-4.102515578269958496e-01,-7.315500974655151367e-01,1.426721096038818359e+00,8.804638981819152832e-01,-1.389703869819641113e+00,7.847090065479278564e-02,7.286297678947448730e-01,-1.083313584327697754e+00,2.775126099586486816e-01,1.372554618865251541e-02,2.260320335626602173e-01,-3.866884112358093262e-02,-1.646578431129455566e+00,-3.386324346065521240e-01,0.000000000000000000e+00,0.000000000000000000e+00
6.270951777696609497e-02,1.362134516239166260e-01,8.927795886993408203e-01,-1.412200033664703369e-01,8.971619009971618652e-01,7.245146036148071289e-01,6.616592407226562500e-01,1.108402252197265625e+00,1.057809233665466309e+00,-2.559684038162231445e+00,8.870571255683898926e-01,5.432438850402832031e-01,2.130750894546508789e+00,0.000000000000000000e+00,2.036154270172119141e+00,1.956934690475463867e+00,6.545837521553039551e-01,-5.668332427740097046e-02,3.558755293488502502e-02,4.127787053585052490e-01,-5.818679928779602051e-01,1.193291693925857544e-01,-3.925924301147460938e-01,-1.149878740310668945e+00,-1.998733431100845337e-01,-1.857567131519317627e-01,6.746280193328857422e-01,-1.445081472396850586e+00,3.057626448571681976e-02,2.751334607601165771e-01,7.891631722450256348e-01,-3.687771856784820557e-01,-2.028128147125244141e+00,3.289884626865386963e-01,-5.171393752098083496e-01,-6.514766216278076172e-01,2.805577516555786133e-01,-1.479694098234176636e-01,6.819066405296325684e-01,1.782006323337554932e-01,2.375358790159225464e-01,-8.036222457885742188e-01,3.867787718772888184e-01,-1.955534219741821289e-01,3.047873079776763916e-01,-1.974794030189514160e+00,-1.394867420196533203e+00,2.564942836761474609e-01,2.507726848125457764e-01,-1.158722937107086182e-01,-1.439166665077209473e+00,-9.935418367385864258e-01,1.017358824610710144e-01,-2.821074426174163818e-01,3.539592921733856201e-01,4.538305699825286865e-01,-5.755754560232162476e-02,0.000000000000000000e+00,0.000000000000000000e+00
-3.745663166046142578e-01,-1.736478805541992188e+00,-4.319943785667419434e-01,3.213381767272949219e-01,-2.302250266075134277e-01,2.705439090728759766e+00,6.712795794010162354e-02,1.082699656486511230e+00,3.052390515804290771e-01,1.211697340011596680e+00,4.039431214332580566e-01,1.920946121215820312e+00,2.808491468429565430e+00,2.036154270172119141e+00,0.000000000000000000e+00,1.763728976249694824e+00,1.316767036914825439e-01,9.123803377151489258e-01,1.161783099174499512e+00,1.295216977596282959e-01,-1.553485393524169922e+00,1.141449689865112305e+00,3.097542822360992432e-01,-6.320595741271972656e-01,1.140629291534423828e+00,-8.758144378662109375e-01,-1.016659736633300781e+00,-1.288143515586853027e+00,-1.375622510910034180e+00,-2.152539789676666260e-01,-1.207635477185249329e-01,-1.386394947767257690e-01,-5.268618106842041016e+00,-4.884638309478759766e+00,-1.494395852088928223e+00,4.557240009307861328e-01,-1.393423199653625488e+00,-3.673578798770904541e-01,3.466686606407165527e-01,-2.392292618751525879e-01,-4.892185032367706299e-01,-1.702270388603210449e+00,1.998608708381652832e-01,1.304763704538345337e-01,4.956435039639472961e-02,1.377773284912109375e-01,-5.394230484962463379e-01,-6.790167689323425293e-01,-1.561790943145751953e+00,1.083506271243095398e-01,-1.002219915390014648e+00,1.573168396949768066e+00,-6.268857121467590332e-01,4.865123629570007324e-01,-5.255271196365356445e-01,-1.882232129573822021e-01,-2.129914015531539917e-01,0.000000000000000000e+00,0.000000000000000000e+00
-3.458989858627319336e-01,-2.802880108356475830e-01,6.565150022506713867e-01,7.291421294212341309e-01,-2.484903335571289062e-01,3.440128564834594727e-01,2.248983830213546753e-01,-6.730439066886901855e-01,1.011129498481750488e+00,-1.450552701950073242e+00,3.909399211406707764e-01,4.711261391639709473e-01,6.787995100021362305e-01,1.956934690475463867e+00,1.763728976249694824e+00,0.000000000000000000e+00,1.416619300842285156e+00,2.817709684371948242e+00,7.977044582366943359e-01,-2.905928157269954681e-02,3.257798254489898682e-01,2.474397122859954834e-01,-2.963785231113433838e-01,-8.219792246818542480e-01,-4.448646306991577148e-01,5.543730258941650391e-01,-9.643014669418334961e-01,2.104672603309154510e-03,-3.357963860034942627e-01,4.799066483974456787e-01,-8.571778535842895508e-01,4.921797513961791992e-01,-1.374067664146423340e+00,-6.296163052320480347e-02,-9.885766357183456421e-02,6.935262084007263184e-01,1.174472332000732422e+00,-2.185845375061035156e+00,5.495815873146057129e-01,5.675783753395080566e-01,4.528019130229949951e-01,-1.437432914972305298e-01,-5.297665596008300781e-01,5.237038135528564453e-01,-2.240451335906982422e+00,1.321136355400085449e+00,-1.214160799980163574e+00,-1.013345241546630859e+00,-1.964388340711593628e-01,-4.008730128407478333e-02,-5.189480781555175781e-01,-1.184683322906494141e+00,-7.354737818241119385e-02,9.676447510719299316e-01,-1.177949830889701843e-01,-4.740805327892303467e-01,-2.102951752021908760e-03,0.000000000000000000e+00,0.000000000000000000e+00
4.677058458328247070e-01,-1.597583293914794922e+00,-4.544926881790161133e-01,-1.046966671943664551e+00,6.244578957557678223e-01,-7.659640163183212280e-02,-1.391031980514526367e+00,4.269645810127258301e-01,4.589266180992126465e-01,4.530957341194152832e-01,-2.471480220556259155e-01,2.018620729446411133e+00,-6.682895123958587646e-02,6.545837521553039551e-01,1.316767036914825439e-01,1.416619300842285156e+00,0.000000000000000000e+00,3.821232616901397705e-01,-5.934178829193115234e-01,1.857081055641174316e+00,2.870679795742034912e-01,1.695332288742065430e+00,-5.788486599922180176e-01,3.088090717792510986e-01,6.907804608345031738e-01,-9.350520372390747070e-02,-1.389975786209106445e+00,-4.433020576834678650e-02,-3.880483806133270264e-01,8.573873639106750488e-01,4.171833693981170654e-01,-6.242471188306808472e-02,-1.005094289779663086e+00,-1.901415109634399414e+00,-1.093781352043151855e+00,6.078244447708129883e-01,-6.797279119491577148e-01,-1.565603256225585938e+00,-7.614066004753112793e-01,1.324773579835891724e-01,1.048792958259582520e+00,5.728000998497009277e-01,-1.143019646406173706e-01,-1.540492534637451172e+00,-1.213176369667053223e+00,-6.910455226898193359e-01,7.441760301589965820e-01,1.691082119941711426e-01,1.101692020893096924e-01,-2.755593955516815186e-01,-6.868895292282104492e-01,3.185713589191436768e-01,-2.007583230733871460e-01,2.236356586217880249e-01,-3.230078816413879395e-01,2.433073818683624268e-01,-1.186438202857971191e-01,0.000000000000000000e+00,0.000000000000000000e+00
-3.883917033672332764e-01,-1.438394427299499512e+00,-1.221785664558410645e+00,2.736934833228588104e-02,-1.120661616325378418e+00,1.016164541244506836e+00,5.224682092666625977e-01,9.055358171463012695e-01,1.302741527557373047e+00,9.387652873992919922e-01,-5.421575307846069336e-01,-6.829559057950973511e-02,2.151220321655273438e+00,-5.668332427740097046e-02,9.123803377151489258e-01,2.817709684371948242e+00,3.821232616901397705e-01,0.000000000000000000e+00,3.559207439422607422e+00,9.084746837615966797e-01,-7.479331642389297485e-02,1.832447886466979980e+00,-3.491695821285247803e-01,9.138198494911193848e-01,7.423772215843200684e-01,1.411684155464172363e+00,-8.919823765754699707e-01,-1.400539994239807129e+00,-1.937333703041076660e+00,-5.964802205562591553e-02,-3.108092024922370911e-02,1.357638537883758545e-01,-1.761648416519165039e+00,-2.091774940490722656e+00,-1.937228068709373474e-02,-6.974025368690490723e-01,-1.286401599645614624e-01,-1.834653735160827637e+00,-1.042530536651611328e+00,-1.340715169906616211e+00,-4.047459363937377930e-01,-4.132265746593475342e-01,-5.666719079017639160e-01,-3.001653775572776794e-02,-1.506437063217163086e+00,1.599961161613464355e+00,-8.313340544700622559e-01,6.462893486022949219e-01,1.105004772543907166e-01,1.032204627990722656e+00,-1.012256741523742676e+00,-7.716485857963562012e-01,2.116921246051788330e-01,-3.937338292598724365e-01,-3.660181462764739990e-01,-2.517260611057281494e-01,-5.666839480400085449e-01,0.000000000000000000e+00,0.000000000000000000e+00
-4.663751274347305298e-02,-5.529842153191566467e-02,2.240151166915893555e-01,-1.205258488655090332e+00,-1.488389015197753906e+00,4.282656013965606689e-01,6.682593822479248047e-01,1.678523719310760498e-01,-1.399872303009033203e+00,-1.272146344184875488e+00,1.221865653991699219e+00,-1.057376861572265625e+00,6.322532296180725098e-01,3.558755293488502502e-02,1.161783099174499512e+00,7.977044582366943359e-01,-5.934178829193115234e-01,3.559207439422607422e+00,0.000000000000000000e+00,-7.515466809272766113e-01,8.044925928115844727e-01,1.138649821281433105e+00,-5.456961989402770996e-01,-2.048689603805541992e+00,9.696393013000488281e-01,2.275825738906860352e-01,3.447115719318389893e-01,-4.718192517757415771e-01,1.036602020263671875e+00,2.351089715957641602e-01,-4.128682017326354980e-01,-3.382301926612854004e-01,1.731953620910644531e-01,-1.636628627777099609e+00,9.730578660964965820e-01,1.159443140029907227e+00,1.117147922515869141e+00,2.812104225158691406e-01,1.271263957023620605e+00,1.065231561660766602e+00,6.649539470672607422e-01,-2.428065985441207886e-01,7.270039319992065430e-01,6.137327551841735840e-01,-6.471670269966125488e-01,1.705711960792541504e+00,-9.144909977912902832e-01,-1.220169305801391602e+00,-3.738994896411895752e-01,-1.615934252738952637e+00,2.805616259574890137e-01,-1.686354756355285645e+00,-3.477050662040710449e-01,-3.060474395751953125e-01,-8.850901126861572266e-01,2.132809460163116455e-01,-1.175992265343666077e-01,0.000000000000000000e+00,0.000000000000000000e+00
-6.371306777000427246e-01,-7.789840102195739746e-01,-4.301104247570037842e-01,-7.682945728302001953e-01,-3.543189764022827148e-01,-5.952338576316833496e-01,-1.746486723423004150e-01,-8.053642511367797852e-01,1.250627279281616211e+00,-2.205449044704437256e-01,-7.111293673515319824e-01,7.344046831130981445e-01,-6.728679537773132324e-01,4.127787053585052490e-01,1.295216977596282959e-01,-2.905928157269954681e-02,1.857081055641174316e+00,9.084746837615966797e-01,-7.515466809272766113e-01,0.000000000000000000e+00,9.259647130966186523e-01,3.204735279083251953e+00,9.843603475019335747e-04,1.727655678987503052e-01,7.284490466117858887e-01,-3.346911370754241943e-01,-8.684915304183959961e-02,2.767885327339172363e-01,6.817083060741424561e-02,-4.765895903110504150e-01,3.527869284152984619e-01,3.376979827880859375e-01,-8.890176564455032349e-02,1.985895484685897827e-01,3.735010921955108643e-01,-4.364657215774059296e-03,-6.733317375183105469e-01,-2.951803207397460938e-01,-4.314841330051422119e-01,-7.427489757537841797e-01,1.825308799743652344e-01,5.343166738748550415e-02,-5.901885628700256348e-01,1.145725771784782410e-01,-6.912614703178405762e-01,-7.402192354202270508e-01,-2.464880496263504028e-01,-3.284059464931488037e-01,3.697951138019561768e-01,-8.103832602500915527e-01,-1.780874878168106079e-01,-1.912755250930786133e+00,-1.919796824455261230e+00,8.284029550850391388e-03,-1.116420388221740723e+00,4.542229473590850830e-01,4.394902288913726807e-01,0.000000000000000000e+00,0.000000000000000000e+00
3.846831321716308594e-01,-1.082660913467407227e+00,-7.794150710105895996e-01,-1.010199785232543945e+00,-1.211821585893630981e-01,-1.027945876121520996e+00,9.970650076866149902e-02,-1.111746430397033691e+00,-6.931213736534118652e-01,1.254735112190246582e+00,-4.119453430175781250e-01,6.187677383422851562e-01,-7.305528521537780762e-01,-5.818679928779602051e-01,-1.553485393524169922e+00,3.257798254489898682e-01,2.870679795742034912e-01,-7.479331642389297485e-02,8.044925928115844727e-01,9.259647130966186523e-01,0.000000000000000000e+00,-7.854382395744323730e-01,1.182286024093627930e+00,7.164891362190246582e-01,1.019312024116516113e+00,-1.601859331130981445e+00,5.284625291824340820e-01,1.185992479324340820e+00,-1.387268304824829102e-01,8.722796440124511719e-01,1.842765212059020996e+00,-3.486167192459106445e-01,-2.478570342063903809e-01,2.119623422622680664e+00,2.927052378654479980e-01,5.621231198310852051e-01,1.222360491752624512e+00,5.588757395744323730e-01,-1.562951683998107910e+00,-2.095956206321716309e-01,-1.543643176555633545e-01,1.010075926780700684e+00,-2.000036984682083130e-01,-2.070072650909423828e+00,3.129943311214447021e-01,5.117744803428649902e-01,-2.105885893106460571e-01,4.066539704799652100e-01,-4.167182836681604385e-03,-9.044426083564758301e-01,-9.140121340751647949e-01,1.074449997395277023e-02,-9.372401237487792969e-01,-9.047364592552185059e-01,7.958420515060424805e-01,4.009792804718017578e-01,-7.880557775497436523e-01,0.000000000000000000e+00,0.000000000000000000e+00
-1.203369379043579102e+00,-2.383377790451049805e+00,-1.612316489219665527e+00,-1.157928347587585449e+00,-1.515767812728881836e+00,2.967967092990875244e-01,-6.956377625465393066e-01,2.892216742038726807e-01,9.820229411125183105e-01,-4.104842990636825562e-02,-1.335507631301879883e-01,-1.819203794002532959e-01,1.653458237648010254e+00,1.193291693925857544e-01,1.141449689865112305e+00,2.474397122859954834e-01,1.695332288742065430e+00,1.832447886466979980e+00,1.138649821281433105e+00,3.204735279083251953e+00,-7.854382395744323730e-01,0.000000000000000000e+00,1.751692056655883789e+00,-1.359408617019653320e+00,7.666115164756774902e-01,-5.333413481712341309e-01,-1.240921735763549805e+00,2.291894704103469849e-01,-7.930210232734680176e-02,9.689449071884155273e-01,3.585364818572998047e-01,2.216532945632934570e+00,-1.577386736869812012e+00,-2.139353305101394653e-01,-3.266353130340576172e+00,4.329335689544677734e-02,-1.635654211044311523e+00,-2.107602119445800781e+00,1.220639586448669434e+00,-3.955183923244476318e-01,4.683670997619628906e-01,-1.880532652139663696e-01,-5.334618091583251953e-01,7.752530574798583984e-01,-9.393947124481201172e-01,1.680991530418395996e+00,-6.359557509422302246e-01,6.623566746711730957e-01,-6.463018655776977539e-01,4.415742456912994385e-01,-3.164537996053695679e-02,1.081715703010559082e+00,2.678337991237640381e-01,2.645554579794406891e-02,-3.226051807403564453e+00,-2.270862817764282227e+00,-8.563836216926574707e-01,0.000000000000000000e+00,0.000000000000000000e+00
7.307283878326416016e-01,-1.551981806755065918e+00,-1.338684082031250000e+00,-1.751707792282104492e+00,-1.647323668003082275e-01,1.040739536285400391e+00,1.978818178176879883e-01,-1.309113204479217529e-01,1.147192001342773438e+00,7.791569232940673828e-01,5.944366455078125000e-01,9.469732046127319336e-01,9.416216015815734863e-01,-3.925924301147460938e-01,3.097542822360992432e-01,-2.963785231113433838e-01,-5.788486599922180176e-01,-3.491695821285247803e-01,-5.456961989402770996e-01,9.843603475019335747e-04,1.182286024093627930e+00,1.751692056655883789e+00,0.000000000000000000e+00,1.246695399284362793e+00,8.212929964065551758e-01,5.559089183807373047e-01,7.894673198461532593e-02,1.970564246177673340e+00,1.216162562370300293e+00,1.724163532257080078e+00,1.034268856048583984e+00,9.870247840881347656e-01,-1.224259972572326660e+00,-2.814771890640258789e+00,5.477909445762634277e-01,-4.477497339248657227e-01,2.085566222667694092e-01,2.571955621242523193e-01,1.677267402410507202e-01,6.382182836532592773e-01,1.084207519888877869e-01,9.493561983108520508e-01,-2.658889770507812500e+00,4.948699772357940674e-01,6.270732879638671875e-01,4.132755994796752930e-01,-4.836268424987792969e-01,-1.144592165946960449e+00,-1.110092639923095703e+00,-1.055657625198364258e+00,-1.197198182344436646e-01,-2.051036208868026733e-01,-2.182991206645965576e-01,-9.908890724182128906e-01,-1.193836808204650879e+00,-2.082468569278717041e-01,-3.829708099365234375e-01,0.000000000000000000e+00,0.000000000000000000e+00
-1.611502915620803833e-01,-1.980620771646499634e-01,-4.467567801475524902e-01,4.921070486307144165e-02,-7.997446060180664062e-01,-1.269186019897460938e+00,-1.016644597053527832e+00,-1.122480556368827820e-01,-4.774556457996368408e-01,-4.438161551952362061e-01,7.757413387298583984e-01,7.390662282705307007e-02,7.226400822401046753e-02,-1.149878740310668945e+00,-6.320595741271972656e-01,-8.219792246818542480e-01,3.088090717792510986e-01,9.138198494911193848e-01,-2.048689603805541992e+00,1.727655678987503052e-01,7.164891362190246582e-01,-1.359408617019653320e+00,1.246695399284362793e+00,0.000000000000000000e+00,9.987807273864746094e-01,1.263357758522033691e+00,3.219616889953613281e+00,-1.142376422882080078e+00,-4.524443671107292175e-02,1.457991361618041992e+00,5.975940823554992676e-01,2.918066978454589844e+00,1.899510025978088379e-01,8.478543758392333984e-01,-4.081567749381065369e-03,4.153015613555908203e-01,2.292858362197875977e-01,-2.713125944137573242e-01,-1.874288439750671387e+00,-6.703567504882812500e-01,4.975421130657196045e-01,-3.042056560516357422e-01,5.630838274955749512e-01,1.632868051528930664e-01,-1.551866888999938965e+00,-2.243913888931274414e+00,-8.827492594718933105e-02,-5.417363643646240234e-01,9.414318203926086426e-01,-1.702266454696655273e+00,-3.798843622207641602e-01,-1.778354406356811523e+00,1.967365592718124390e-01,-1.074209928512573242e+00,-4.652922749519348145e-01,8.635069131851196289e-01,7.046746611595153809e-01,0.000000000000000000e+00,0.000000000000000000e+00
-1.651278257369995117e+00,-1.280985027551651001e-01,-4.091712534427642822e-01,-3.776093423366546631e-01,-1.403251290321350098e-01,7.750908732414245605e-01,-1.124012190848588943e-02,1.176489591598510742e+00,8.045554161071777344e-01,-1.979959607124328613e+00,4.507079720497131348e-01,-1.737916618585586548e-01,1.286104619503021240e-01,-1.998733431100845337e-01,1.140629291534423828e+00,-4.448646306991577148e-01,6.907804608345031738e-01,7.423772215843200684e-01,9.696393013000488281e-01,7.284490466117858887e-01,1.019312024116516113e+00,7.666115164756774902e-01,8.212929964065551758e-01,9.987807273864746094e-01,0.000000000000000000e+00,2.328111648559570312e+00,7.240090966224670410e-01,5.940791368484497070e-01,-1.877598613500595093e-01,8.882118463516235352e-01,3.350783511996269226e-02,-2.354217469692230225e-01,-7.590975761413574219e-01,1.759544163942337036e-01,-4.980627000331878662e-01,5.536480545997619629e-01,-9.525751322507858276e-02,-1.330080866813659668e+00,3.049968481063842773e-01,-8.184926509857177734e-01,-3.445476293563842773e-01,1.212385654449462891e+00,1.392775308340787888e-02,1.747177720069885254e+00,-1.796758770942687988e-01,-5.642871856689453125e-01,5.613865703344345093e-02,-1.822401046752929688e+00,4.379108548164367676e-01,7.340970635414123535e-01,-1.978499740362167358e-01,-5.295587778091430664e-01,-4.159843325614929199e-01,-2.037841081619262695e-01,-1.478145271539688110e-01,-5.629199147224426270e-01,-2.077770531177520752e-01,0.000000000000000000e+00,0.000000000000000000e+00
-1.659507751464843750e-01,-1.824134141206741333e-01,-3.531569242477416992e-01,1.074206113815307617e+00,7.332783341407775879e-01,2.752177715301513672e-01,-2.128343731164932251e-01,-9.256498217582702637e-01,-2.799752354621887207e-01,-8.564223647117614746e-01,-5.068818926811218262e-01,-3.370883464813232422e-01,1.972872465848922729e-01,-1.857567131519317627e-01,-8.758144378662109375e-01,5.543730258941650391e-01,-9.350520372390747070e-02,1.411684155464172363e+00,2.275825738906860352e-01,-3.346911370754241943e-01,-1.601859331130981445e+00,-5.333413481712341309e-01,5.559089183807373047e-01,1.263357758522033691e+00,2.328111648559570312e+00,0.000000000000000000e+00,2.347934722900390625e+00,5.878034234046936035e-01,8.834543824195861816e-01,3.124840855598449707e-01,-8.779475092887878418e-01,9.436823725700378418e-01,3.299680948257446289e-01,-1.588021069765090942e-01,-1.019701838493347168e+00,6.248111128807067871e-01,7.858400940895080566e-01,-1.760224342346191406e+00,8.967922925949096680e-01,6.602072119712829590e-01,1.147950068116188049e-01,3.481340110301971436e-01,9.612597227096557617e-01,2.009239494800567627e-01,3.643578886985778809e-01,-1.427828073501586914e+00,8.457767963409423828e-01,1.540730521082878113e-02,4.603743255138397217e-01,3.627290427684783936e-01,-7.254976630210876465e-01,-7.514911890029907227e-01,7.339443564414978027e-01,2.295048236846923828e-01,-7.287304401397705078e-01,1.596225500106811523e-01,1.106729954481124878e-01,0.000000000000000000e+00,0.000000000000000000e+00
