0.000000000000000000e+00,2.586161851882934570e+00,1.436044573783874512e+00,1.080525889992713928e-01,8.902608752250671387e-01,-5.748089551925659180e-01,-4.232448041439056396e-01,-9.186681360006332397e-03,-3.034474551677703857e-01,-7.144071459770202637e-01,-6.878178715705871582e-01,-5.954797863960266113e-01,-4.049794971942901611e-01,9.357402473688125610e-02,-2.031513005495071411e-01,-3.712072372436523438e-01,2.406308501958847046e-01,-7.274532318115234375e-01,-1.854381114244461060e-01,-4.035342931747436523e-01,3.222262561321258545e-01,-1.365926504135131836e+00,7.080314755439758301e-01,5.813403800129890442e-02,-1.695107340812683105e+00,-1.358455605804920197e-02,-1.023494720458984375e+00,1.022153943777084351e-01,5.584996342658996582e-01,1.007474735379219055e-01,1.070183277130126953e+00,8.752914667129516602e-01,-6.934031099081039429e-02,8.239090442657470703e-01,1.038267135620117188e+00,-1.675637960433959961e+00,-5.597873330116271973e-01,1.130163908004760742e+00,-2.987644374370574951e-01,2.231346964836120605e-01,-6.303526163101196289e-01,-9.113489389419555664e-01,5.729368925094604492e-01,-1.324910819530487061e-01,7.272929698228836060e-02,-3.617036342620849609e-01,-1.207140326499938965e+00,-1.175319552421569824e+00,5.585450530052185059e-01,-2.557369172573089600e-01,-1.075908318161964417e-01,-2.353353351354598999e-01,-1.391297578811645508e+00,-4.502958655357360840e-01,-7.708403468132019043e-02,1.350896716117858887e+00,-1.600483953952789307e-01,0.000000000000000000e+00,0.000000000000000000e+00
2.586161851882934570e+00,0.000000000000000000e+00,1.464229822158813477e+00,1.610888838768005371e+00,1.711985468864440918e+00,6.666948199272155762e-01,6.946680545806884766e-01,-2.532042562961578369e-01,-1.249917149543762207e+00,-1.652612835168838501e-01,2.244309931993484497e-01,6.747214198112487793e-01,5.554462224245071411e-02,1.585042029619216919e-01,-1.544664263725280762e+00,-4.417902529239654541e-01,-1.387765526771545410e+00,-1.546577572822570801e+00,-1.981531679630279541e-01,-4.812730550765991211e-01,-9.366846084594726562e-01,-2.491646528244018555e+00,-1.618153095245361328e+00,-2.859680950641632080e-01,-2.448607236146926880e-01,-2.499678134918212891e-01,-5.081579089164733887e-01,5.811210870742797852e-01,-1.421413421630859375e-01,-9.546493291854858398e-01,2.651769518852233887e-01,-9.354927539825439453e-01,2.341360092163085938e+00,1.025138378143310547e+00,1.034635186195373535e+00,-1.436099052429199219e+00,-3.794376850128173828e-01,1.388342618942260742e+00,-5.649829506874084473e-01,6.522171497344970703e-01,-7.071065902709960938e-01,2.434840649366378784e-01,-8.970601856708526611e-02,6.754138320684432983e-02,4.882108569145202637e-01,-1.938998699188232422e+00,1.673317253589630127e-01,-2.148197650909423828e+00,2.754733152687549591e-02,4.849594235420227051e-01,4.023732841014862061e-01,-1.555487751960754395e+00,-7.602856159210205078e-01,-9.527664184570312500e-01,8.065777420997619629e-01,1.245890259742736816e+00,2.967443764209747314e-01,0.000000000000000000e+00,0.000000000000000000e+00
1.436044573783874512e+00,1.464229822158813477e+00,0.000000000000000000e+00,1.867679595947265625e+00,8.866775631904602051e-01,1.125190258026123047e+00,5.447412133216857910e-01,8.296386599540710449e-01,-6.202746629714965820e-01,-4.169944301247596741e-02,7.716462612152099609e-01,-3.075388371944427490e-01,-8.098200708627700806e-02,8.078100085258483887e-01,-5.251310467720031738e-01,5.830094218254089355e-01,-4.255445301532745361e-01,-1.314273953437805176e+00,2.353430539369583130e-01,-8.622862696647644043e-01,-4.052133262157440186e-01,-1.786540985107421875e+00,-1.561684966087341309e+00,-5.404700040817260742e-01,-4.240875244140625000e-01,-2.045610994100570679e-01,-9.667210578918457031e-01,-1.127713799476623535e+00,1.072661876678466797e-01,1.959428936243057251e-02,8.221142292022705078e-01,1.793816089630126953e-01,1.081705093383789062e+00,-2.884816825389862061e-01,1.142275929450988770e-01,-4.280549660325050354e-02,-2.641504526138305664e+00,4.759629964828491211e-01,6.599876880645751953e-01,4.673211574554443359e-01,7.163000702857971191e-01,-1.782124489545822144e-02,4.914713278412818909e-02,-2.711716890335083008e-01,-3.127862215042114258e-01,-1.018054366111755371e+00,4.623607397079467773e-01,3.475996255874633789e-01,8.706861138343811035e-01,-2.659837901592254639e-02,-5.025291442871093750e-01,-1.261320948600769043e+00,5.580624341964721680e-01,-5.926869511604309082e-01,6.221698522567749023e-01,-6.255370378494262695e-02,-1.584488004446029663e-01,0.000000000000000000e+00,0.000000000000000000e+00
1.080525889992713928e-01,1.610888838768005371e+00,1.867679595947265625e+00,0.000000000000000000e+00,2.748125791549682617e+00,1.980120062828063965e+00,2.169129371643066406e+00,1.450089097023010254e+00,-3.099938631057739258e-01,-2.119438648223876953e-01,6.879459023475646973e-01,-9.927346110343933105e-01,-9.064067006111145020e-01,-2.740607857704162598e-01,4.152286648750305176e-01,7.325698733329772949e-01,-7.591364383697509766e-01,-1.899072676897048950e-01,-1.123832225799560547e+00,-7.459623813629150391e-01,-1.081596970558166504e+00,-1.259093403816223145e+00,-1.689069032669067383e+00,1.671219617128372192e-01,-6.488780975341796875e-01,1.117889642715454102e+00,-5.257117152214050293e-01,-4.788157641887664795e-01,-7.793187499046325684e-01,-7.074584960937500000e-01,-7.477449178695678711e-01,-1.212262362241744995e-01,1.149181485176086426e+00,9.538565874099731445e-01,1.230826854705810547e+00,-2.620758116245269775e-01,-2.265318632125854492e-01,-1.188007369637489319e-02,2.035594880580902100e-01,1.125387310981750488e+00,-1.663965344429016113e+00,-2.155013084411621094e-01,1.317137628793716431e-01,-1.138788461685180664e+00,-4.474907815456390381e-01,2.507292628288269043e-01,-1.031570881605148315e-01,-8.429698646068572998e-02,-6.684124469757080078e-02,2.087551057338714600e-01,-1.064154386520385742e+00,-1.604382038116455078e+00,-7.720617651939392090e-01,5.839651823043823242e-01,-1.826938688755035400e-01,-1.037420272827148438e+00,-1.299747675657272339e-01,0.000000000000000000e+00,0.000000000000000000e+00
8.902608752250671387e-01,1.711985468864440918e+00,8.866775631904602051e-01,2.748125791549682617e+00,0.000000000000000000e+00,9.562530517578125000e-01,2.907517194747924805e+00,2.002271652221679688e+00,7.765508890151977539e-01,-1.082679510116577148e+00,-3.892491459846496582e-01,-7.922989726066589355e-01,-6.307403743267059326e-02,7.462797164916992188e-01,-8.274006843566894531e-02,-2.297278791666030884e-01,6.348095536231994629e-01,-9.588764905929565430e-01,-1.246939539909362793e+00,-1.624189615249633789e-01,-1.376449465751647949e-01,-1.506563544273376465e+00,-4.938596114516258240e-02,-8.968150019645690918e-01,-4.833712056279182434e-02,6.668782234191894531e-01,1.675057649612426758e+00,5.341560766100883484e-02,-7.424657344818115234e-01,4.649474322795867920e-01,2.634297907352447510e-01,-2.697786986827850342e-01,1.147983297705650330e-01,5.925339460372924805e-01,3.776564598083496094e-01,-1.295089125633239746e+00,-5.747626423835754395e-01,3.274001181125640869e-01,3.444926142692565918e-01,-9.101334810256958008e-01,2.731985412538051605e-02,4.478703737258911133e-01,-1.485423684120178223e+00,5.139124989509582520e-01,1.132218912243843079e-01,-3.481231629848480225e-01,2.106825262308120728e-01,-3.854306340217590332e-01,-7.477880716323852539e-01,1.927495896816253662e-01,-5.684818327426910400e-02,-2.122903019189834595e-01,-2.308241844177246094e+00,-1.214826345443725586e+00,6.361657977104187012e-01,-3.237121343612670898e+00,-8.808680176734924316e-01,0.000000000000000000e+00,0.000000000000000000e+00
-5.748089551925659180e-01,6.666948199272155762e-01,1.125190258026123047e+00,1.980120062828063965e+00,9.562530517578125000e-01,0.000000000000000000e+00,2.712174654006958008e+00,1.965207457542419434e+00,7.483828663825988770e-01,2.665245532989501953e-01,1.330999583005905151e-01,-1.491190940141677856e-01,1.635722368955612183e-01,7.701329588890075684e-01,2.565153121948242188e+00,4.296445548534393311e-01,-1.074727773666381836e-01,1.058204650878906250e+00,3.132507205009460449e-01,-6.384922862052917480e-01,-8.599492907524108887e-01,2.815615832805633545e-01,1.005451083183288574e+00,-9.528172612190246582e-01,8.216047883033752441e-01,4.382182955741882324e-01,-1.017838716506958008e+00,1.064143981784582138e-02,7.469031494110822678e-03,-1.426492810249328613e+00,-1.543396592140197754e+00,-1.145802974700927734e+00,-3.003255128860473633e+00,-6.765162348747253418e-01,1.001798272132873535e+00,-7.526467740535736084e-02,6.419643759727478027e-01,8.753963708877563477e-01,6.119833588600158691e-01,-7.975731492042541504e-01,-3.660234063863754272e-02,-2.830513119697570801e-01,-9.272831678390502930e-01,-1.011734604835510254e+00,-1.405715703964233398e+00,1.554512046277523041e-02,-2.661808431148529053e-01,6.802870631217956543e-01,-8.147014975547790527e-01,4.122669100761413574e-01,-3.007023096084594727e+00,-3.232106268405914307e-01,-9.923518300056457520e-01,9.812341332435607910e-01,-1.876800298690795898e+00,-1.504540324211120605e+00,-1.270006895065307617e+00,0.000000000000000000e+00,0.000000000000000000e+00
-4.232448041439056396e-01,6.946680545806884766e-01,5.447412133216857910e-01,2.169129371643066406e+00,2.907517194747924805e+00,2.712174654006958008e+00,0.000000000000000000e+00,2.489445924758911133e+00,-5.067617297172546387e-01,1.541946291923522949e+00,1.087623953819274902e+00,-1.201899290084838867e+00,-4.234736412763595581e-02,6.795869469642639160e-01,-5.043934658169746399e-02,2.923769354820251465e-01,-9.614373445510864258e-01,4.798591434955596924e-01,7.264084815979003906e-01,-1.989940553903579712e-02,1.175412163138389587e-01,-7.012957334518432617e-01,3.414414240978658199e-04,-1.299879789352416992e+00,7.221304625272750854e-02,-3.997021615505218506e-01,2.267016768455505371e-01,9.706971049308776855e-02,-1.144629240036010742e+00,-1.266874838620424271e-02,-9.428650736808776855e-01,-1.849382758140563965e+00,2.068971693515777588e-01,-8.326244354248046875e-01,6.454578042030334473e-01,-2.608671486377716064e-01,-5.424441695213317871e-01,-5.520340800285339355e-01,-1.493485212326049805e+00,2.030037343502044678e-01,1.250082969665527344e+00,-1.721775174140930176e+00,5.128854513168334961e-01,5.773906111717224121e-01,6.733978986740112305e-01,-3.464677184820175171e-02,-5.002212524414062500e-01,3.452971875667572021e-01,-1.295475065708160400e-01,3.547113239765167236e-01,6.093925833702087402e-01,-1.077728986740112305e+00,-1.046533465385437012e+00,5.156682729721069336e-01,-1.342841982841491699e+00,-2.738872528076171875e+00,-2.647337913513183594e-01,0.000000000000000000e+00,0.000000000000000000e+00
-9.186681360006332397e-03,-2.532042562961578369e-01,8.296386599540710449e-01,1.450089097023010254e+00,2.002271652221679688e+00,1.965207457542419434e+00,2.489445924758911133e+00,0.000000000000000000e+00,-4.369415044784545898e-01,-9.153023362159729004e-01,1.756782889366149902e+00,2.136960253119468689e-02,3.522635698318481445e-01,1.187517881393432617e+00,1.077826619148254395e+00,-6.286304593086242676e-01,3.125914335250854492e-01,8.493378162384033203e-01,1.207381412386894226e-01,-6.137477755546569824e-01,-9.466114044189453125e-01,3.839145600795745850e-01,-3.143712878227233887e-02,-1.329714655876159668e-01,1.106687068939208984e+00,-9.476411938667297363e-01,-3.735727965831756592e-01,-1.574954867362976074e+00,-1.731599092483520508e+00,1.414939641952514648e+00,4.936902523040771484e-01,6.107442975044250488e-01,3.582887649536132812e-01,7.139531522989273071e-02,-2.464320182800292969e+00,1.519446223974227905e-01,-6.190474033355712891e-01,-1.130990266799926758e+00,7.003431320190429688e-01,-1.003759264945983887e+00,-1.048470363020896912e-01,1.141343832015991211e+00,-2.290004938840866089e-01,1.042587757110595703e+00,-5.553812980651855469e-01,2.282404303550720215e-01,9.884275496006011963e-02,-6.282989978790283203e-01,-1.129315733909606934e+00,-4.545116722583770752e-01,4.996750056743621826e-01,6.485807299613952637e-01,4.994865953922271729e-01,-1.245731353759765625e+00,-1.427363634109497070e+00,-8.623589277267456055e-01,-4.693734645843505859e-01,0.000000000000000000e+00,0.000000000000000000e+00
-3.034474551677703857e-01,-1.249917149543762207e+00,-6.202746629714965820e-01,-3.099938631057739258e-01,7.765508890151977539e-01,7.483828663825988770e-01,-5.067617297172546387e-01,-4.369415044784545898e-01,0.000000000000000000e+00,5.485501885414123535e-01,-9.238260984420776367e-01,1.229398012161254883e+00,-9.001908302307128906e-01,1.075209975242614746e+00,4.609032571315765381e-01,1.016950130462646484e+00,1.159811168909072876e-01,1.374056577682495117e+00,-1.273161530494689941e+00,1.006021738052368164e+00,-5.228530764579772949e-01,1.136588096618652344e+00,1.119454741477966309e+00,-5.213620066642761230e-01,7.090480923652648926e-01,-3.389623463153839111e-01,-3.927125930786132812e-01,2.546322047710418701e-01,7.856921553611755371e-01,9.944381713867187500e-01,-2.073953866958618164e+00,-3.785368502140045166e-01,-1.615267276763916016e+00,1.088389977812767029e-01,-2.183032989501953125e+00,-1.069853663444519043e+00,-1.632036924362182617e+00,-1.608953356742858887e+00,-6.353430747985839844e-01,2.860334813594818115e-01,-4.426429569721221924e-01,-1.042027950286865234e+00,5.456284284591674805e-01,-7.229005098342895508e-01,-5.804032087326049805e-01,1.768183469772338867e+00,-2.207802534103393555e+00,6.043631434440612793e-01,-1.280979752540588379e+00,-2.399969995021820068e-01,-2.142690271139144897e-01,2.141914844512939453e+00,3.185258209705352783e-01,-6.496145725250244141e-01,3.356392085552215576e-01,4.701921045780181885e-01,6.690344810485839844e-01,0.000000000000000000e+00,0.000000000000000000e+00
-7.144071459770202637e-01,-1.652612835168838501e-01,-4.169944301247596741e-02,-2.119438648223876953e-01,-1.082679510116577148e+00,2.665245532989501953e-01,1.541946291923522949e+00,-9.153023362159729004e-01,5.485501885414123535e-01,0.000000000000000000e+00,2.764957189559936523e+00,5.765265822410583496e-01,5.281267762184143066e-01,-2.444118261337280273e+00,1.459171295166015625e+00,-1.475680351257324219e+00,4.204015731811523438e-01,9.823951125144958496e-01,-1.473432779312133789e+00,-1.181950345635414124e-01,1.143627166748046875e+00,-1.995429992675781250e-01,8.920112252235412598e-01,-5.001517534255981445e-01,-1.968814015388488770e+00,-1.230234861373901367e+00,-1.159437060356140137e+00,9.295084476470947266e-01,4.212737977504730225e-01,5.507563948631286621e-01,2.152565717697143555e-01,6.022127717733383179e-02,6.604189872741699219e-01,8.937756419181823730e-01,-1.436795592308044434e+00,-7.771965265274047852e-01,-1.622560143470764160e+00,-1.585977338254451752e-02,4.447687864303588867e-01,-9.928145408630371094e-01,9.442626237869262695e-01,-5.065751075744628906e-01,-1.837181210517883301e+00,-6.570191383361816406e-01,5.758491754531860352e-01,1.392819046974182129e+00,-2.468122094869613647e-01,1.983547657728195190e-01,1.012746170163154602e-01,-2.631233036518096924e-01,7.907647490501403809e-01,-1.969441175460815430e+00,1.666651964187622070e-01,-1.387463569641113281e+00,-3.674468398094177246e-01,6.974712759256362915e-02,6.673086881637573242e-01,0.000000000000000000e+00,0.000000000000000000e+00
-6.878178715705871582e-01,2.244309931993484497e-01,7.716462612152099609e-01,6.879459023475646973e-01,-3.892491459846496582e-01,1.330999583005905151e-01,1.087623953819274902e+00,1.756782889366149902e+00,-9.238260984420776367e-01,2.764957189559936523e+00,0.000000000000000000e+00,-4.321745038032531738e-01,1.859023332595825195e+00,8.335388898849487305e-01,3.417415618896484375e-01,3.272675275802612305e-01,2.951579689979553223e-01,-5.106419920921325684e-01,1.098734974861145020e+00,-3.923084735870361328e-01,-3.367175459861755371e-01,-2.107674488797783852e-03,5.435357093811035156e-01,6.911042332649230957e-01,3.902979791164398193e-01,-4.430969953536987305e-01,-1.224402189254760742e+00,6.843993812799453735e-02,-8.000131845474243164e-01,-1.154928803443908691e+00,-8.777360320091247559e-01,-5.582244992256164551e-01,-1.403751075267791748e-01,1.352744698524475098e+00,-1.744522333145141602e+00,-1.708932593464851379e-02,8.500715494155883789e-01,-6.270412802696228027e-01,2.399815618991851807e-01,2.646693289279937744e-01,-1.426100492477416992e+00,-1.466964960098266602e+00,1.034885883331298828e+00,-1.520210742950439453e+00,5.427466034889221191e-01,8.564023375511169434e-01,1.546398252248764038e-01,-4.451052248477935791e-01,9.651246070861816406e-01,1.013166666030883789e+00,4.114859700202941895e-01,8.340578675270080566e-01,-6.007416918873786926e-02,1.514263272285461426e+00,7.769154757261276245e-02,-6.477352976799011230e-02,-6.608834862709045410e-01,0.000000000000000000e+00,0.000000000000000000e+00
-5.954797863960266113e-01,6.747214198112487793e-01,-3.075388371944427490e-01,-9.927346110343933105e-01,-7.922989726066589355e-01,-1.491190940141677856e-01,-1.201899290084838867e+00,2.136960253119468689e-02,1.229398012161254883e+00,5.765265822410583496e-01,-4.321745038032531738e-01,0.000000000000000000e+00,-5.465882420539855957e-01,6.285891532897949219e-01,1.892071366310119629e+00,3.164176940917968750e-01,2.171355009078979492e+00,-1.626859456300735474e-01,-1.040447831153869629e+00,8.101170063018798828e-01,2.914297878742218018e-01,-4.369233548641204834e-01,9.925053119659423828e-01,2.211160212755203247e-01,-9.607172012329101562e-02,-2.228795289993286133e-01,-4.716908931732177734e-01,4.143196642398834229e-01,9.753655791282653809e-01,-2.833714187145233154e-01,-3.659784495830535889e-01,3.163600340485572815e-02,-2.195168733596801758e-01,-8.407137393951416016e-01,-5.046200156211853027e-01,-1.739049255847930908e-01,-8.363217115402221680e-01,1.421440690755844116e-01,-6.557337045669555664e-01,-6.546939611434936523e-01,2.650193870067596436e-01,-1.576387882232666016e-01,-5.379437208175659180e-01,-1.969821900129318237e-01,-2.151249051094055176e-01,-8.486304283142089844e-01,-1.295343413949012756e-02,-2.210006862878799438e-01,-1.042581424117088318e-01,-4.700499773025512695e-01,9.358659982681274414e-01,-9.055394530296325684e-01,-7.383335232734680176e-01,-8.286266028881072998e-02,-7.527421414852142334e-02,-2.570581734180450439e-01,4.671413600444793701e-01,0.000000000000000000e+00,0.000000000000000000e+00
-4.049794971942901611e-01,5.554462224245071411e-02,-8.098200708627700806e-02,-9.064067006111145020e-01,-6.307403743267059326e-02,1.635722368955612183e-01,-4.234736412763595581e-02,3.522635698318481445e-01,-9.001908302307128906e-01,5.281267762184143066e-01,1.859023332595825195e+00,-5.465882420539855957e-01,0.000000000000000000e+00,2.128474950790405273e+00,2.779602050781250000e+00,6.429192423820495605e-01,5.374751240015029907e-02,2.072202205657958984e+00,5.794878602027893066e-01,-3.706537485122680664e-01,-1.069936275482177734e+00,1.684250235557556152e+00,8.548799157142639160e-01,-1.071753799915313721e-01,1.824963539838790894e-01,9.498428553342819214e-02,-1.515697598457336426e+00,3.214040100574493408e-01,-8.544717431068420410e-01,3.600268363952636719e-01,-5.579570680856704712e-02,2.836479246616363525e-01,6.685931682586669922e-01,-1.772883296012878418e+00,-3.747492134571075439e-01,-7.507243752479553223e-01,1.242331027984619141e+00,-1.212967514991760254e+00,4.311856031417846680e-01,-4.434792995452880859e-01,3.247484862804412842e-01,-1.661701440811157227e+00,-5.585777759552001953e-01,-3.056114315986633301e-01,-7.681946158409118652e-01,1.555829644203186035e+00,8.264867067337036133e-01,-1.273839831352233887e+00,1.790506094694137573e-01,7.790985107421875000e-01,-1.076548933982849121e+00,2.718273401260375977e-01,1.021985933184623718e-01,3.413224816322326660e-01,7.533505558967590332e-02,-1.597241640090942383e+00,-3.340713679790496826e-01,0.000000000000000000e+00,0.000000000000000000e+00
9.357402473688125610e-02,1.585042029619216919e-01,8.078100085258483887e-01,-2.740607857704162598e-01,7.462797164916992188e-01,7.701329588890075684e-01,6.795869469642639160e-01,1.187517881393432617e+00,1.075209975242614746e+00,-2.444118261337280273e+00,8.335388898849487305e-01,6.285891532897949219e-01,2.128474950790405273e+00,0.000000000000000000e+00,1.952641844749450684e+00,1.967148542404174805e+00,6.786175966262817383e-01,1.558285057544708252e-01,9.550461918115615845e-02,5.602695345878601074e-01,-9.032692313194274902e-01,2.838844954967498779e-01,-3.435949683189392090e-01,-1.317333221435546875e+00,-1.319639384746551514e-01,-6.916913390159606934e-02,6.469688415527343750e-01,-1.204601764678955078e+00,-2.462119609117507935e-01,1.909742802381515503e-01,8.787108659744262695e-01,-2.644227743148803711e-01,-2.050614595413208008e+00,1.825013607740402222e-01,-4.671926796436309814e-01,-7.279077172279357910e-01,1.961971521377563477e-01,-1.444342732429504395e-01,7.409101724624633789e-01,1.840886920690536499e-01,2.224758863449096680e-01,-1.058863401412963867e+00,6.455199718475341797e-01,-3.381900191307067871e-01,2.946176528930664062e-01,-2.110164880752563477e+00,-1.403937697410583496e+00,1.869950294494628906e-01,3.286205828189849854e-01,-1.045678034424781799e-01,-1.309368371963500977e+00,-1.133770823478698730e+00,2.690213359892368317e-02,-1.758391559123992920e-01,3.467096984386444092e-01,4.884278774261474609e-01,-9.471458196640014648e-02,0.000000000000000000e+00,0.000000000000000000e+00
-2.031513005495071411e-01,-1.544664263725280762e+00,-5.251310467720031738e-01,4.152286648750305176e-01,-8.274006843566894531e-02,2.565153121948242188e+00,-5.043934658169746399e-02,1.077826619148254395e+00,4.609032571315765381e-01,1.459171295166015625e+00,3.417415618896484375e-01,1.892071366310119629e+00,2.779602050781250000e+00,1.952641844749450684e+00,0.000000000000000000e+00,1.557569503784179688e+00,1.486332714557647705e-01,9.035412073135375977e-01,1.146505355834960938e+00,-6.077248975634574890e-02,-1.109169721603393555e+00,1.027251124382019043e+00,2.757094204425811768e-01,-8.193790912628173828e-01,1.169963121414184570e+00,-9.591957330703735352e-01,-1.056038856506347656e+00,-1.123977541923522949e+00,-1.206509232521057129e+00,-1.716569513082504272e-01,-8.221428096294403076e-02,-2.776613533496856689e-01,-5.526779651641845703e+00,-3.627101421356201172e+00,-1.533595085144042969e+00,5.715711116790771484e-01,-1.197963118553161621e+00,-3.677020072937011719e-01,3.621581196784973145e-01,-6.573165059089660645e-01,-4.315651655197143555e-01,-1.467920303344726562e+00,3.998647034168243408e-01,3.897849023342132568e-01,-2.943161502480506897e-02,1.206813827157020569e-01,-6.733025312423706055e-01,-4.424604177474975586e-01,-1.479657769203186035e+00,-2.193034742958843708e-04,-1.088575720787048340e+00,1.668286919593811035e+00,-5.560123920440673828e-01,2.431539744138717651e-01,-7.824375629425048828e-01,-7.828766107559204102e-01,-1.922124624252319336e-01,0.000000000000000000e+00,0.000000000000000000e+00
-3.712072372436523438e-01,-4.417902529239654541e-01,5.830094218254089355e-01,7.325698733329772949e-01,-2.297278791666030884e-01,4.296445548534393311e-01,2.923769354820251465e-01,-6.286304593086242676e-01,1.016950130462646484e+00,-1.475680351257324219e+00,3.272675275802612305e-01,3.164176940917968750e-01,6.429192423820495605e-01,1.967148542404174805e+00,1.557569503784179688e+00,0.000000000000000000e+00,1.569327473640441895e+00,2.811695814132690430e+00,5.539864301681518555e-01,-1.381807178258895874e-01,2.099374383687973022e-01,6.338319778442382812e-01,-2.579417526721954346e-01,-7.155699729919433594e-01,-3.810231983661651611e-01,3.108265697956085205e-01,-7.907624840736389160e-01,-1.969463191926479340e-02,-1.384476870298385620e-01,3.183051347732543945e-01,-7.996295094490051270e-01,5.118088722229003906e-01,-1.224833488464355469e+00,-1.482695788145065308e-01,-1.157018765807151794e-01,8.554778695106506348e-01,1.171342492103576660e+00,-1.992065310478210449e+00,4.599838256835937500e-01,5.562734603881835938e-01,2.756431400775909424e-01,-7.534504681825637817e-02,-3.689102232456207275e-01,5.599630475044250488e-01,-1.948239803314208984e+00,1.370096445083618164e+00,-1.242201209068298340e+00,-1.133077502250671387e+00,-2.403053045272827148e-01,2.311494946479797363e-02,-4.698515534400939941e-01,-1.035263538360595703e+00,-1.456792503595352173e-01,8.403477668762207031e-01,-5.684000998735427856e-02,-3.677928149700164795e-01,-6.291830539703369141e-02,0.000000000000000000e+00,0.000000000000000000e+00
2.406308501958847046e-01,-1.387765526771545410e+00,-4.255445301532745361e-01,-7.591364383697509766e-01,6.348095536231994629e-01,-1.074727773666381836e-01,-9.614373445510864258e-01,3.125914335250854492e-01,1.159811168909072876e-01,4.204015731811523438e-01,2.951579689979553223e-01,2.171355009078979492e+00,5.374751240015029907e-02,6.786175966262817383e-01,1.486332714557647705e-01,1.569327473640441895e+00,0.000000000000000000e+00,-3.372279182076454163e-02,-4.811114072799682617e-01,1.485899567604064941e+00,3.523893654346466064e-01,1.651692986488342285e+00,-3.356137573719024658e-01,3.336781859397888184e-01,8.304872512817382812e-01,-1.224003955721855164e-01,-1.110185503959655762e+00,-8.015155792236328125e-02,-3.552857041358947754e-01,8.560735583305358887e-01,5.287974476814270020e-01,-2.748785167932510376e-02,-7.191433310508728027e-01,-2.682287931442260742e+00,-1.020859956741333008e+00,6.291961669921875000e-01,-8.597249984741210938e-01,-1.554019808769226074e+00,-1.029066324234008789e+00,4.218526929616928101e-02,9.999629855155944824e-01,4.167869389057159424e-01,-1.310535818338394165e-01,-1.630002379417419434e+00,-1.037822127342224121e+00,-8.610104322433471680e-01,7.036163210868835449e-01,8.980181813240051270e-02,3.652651607990264893e-02,-2.123888283967971802e-01,-7.725321054458618164e-01,3.126073479652404785e-01,-8.742263168096542358e-02,9.064180403947830200e-02,-4.544894397258758545e-02,1.420759558677673340e-01,-2.439031451940536499e-01,0.000000000000000000e+00,0.000000000000000000e+00
-7.274532318115234375e-01,-1.546577572822570801e+00,-1.314273953437805176e+00,-1.899072676897048950e-01,-9.588764905929565430e-01,1.058204650878906250e+00,4.798591434955596924e-01,8.493378162384033203e-01,1.374056577682495117e+00,9.823951125144958496e-01,-5.106419920921325684e-01,-1.626859456300735474e-01,2.072202205657958984e+00,1.558285057544708252e-01,9.035412073135375977e-01,2.811695814132690430e+00,-3.372279182076454163e-02,0.000000000000000000e+00,3.466466903686523438e+00,1.071049571037292480e+00,-5.332207307219505310e-02,1.905508756637573242e+00,-6.690617650747299194e-02,9.413408637046813965e-01,7.543380856513977051e-01,1.408415436744689941e+00,-9.537408351898193359e-01,-1.389365196228027344e+00,-1.872047305107116699e+00,-7.074784487485885620e-02,-2.785671651363372803e-01,5.021550133824348450e-02,-1.819281935691833496e+00,-1.925403714179992676e+00,1.234873756766319275e-01,-5.260214209556579590e-01,-1.384340673685073853e-01,-1.950303673744201660e+00,-1.015439987182617188e+00,-1.005878686904907227e+00,-3.258599936962127686e-01,-4.148803949356079102e-01,-6.593674421310424805e-01,-1.212661936879158020e-01,-1.389352440834045410e+00,1.704344868659973145e+00,-6.437383294105529785e-01,8.867102265357971191e-01,-1.355767697095870972e-01,1.017967700958251953e+00,-1.095498919486999512e+00,-6.759110093116760254e-01,4.657088592648506165e-02,-3.154487609863281250e-01,-4.228774905204772949e-01,-4.190031290054321289e-01,-4.429671466350555420e-01,0.000000000000000000e+00,0.000000000000000000e+00
-1.854381114244461060e-01,-1.981531679630279541e-01,2.353430539369583130e-01,-1.123832225799560547e+00,-1.246939539909362793e+00,3.132507205009460449e-01,7.264084815979003906e-01,1.207381412386894226e-01,-1.273161530494689941e+00,-1.473432779312133789e+00,1.098734974861145020e+00,-1.040447831153869629e+00,5.794878602027893066e-01,9.550461918115615845e-02,1.146505355834960938e+00,5.539864301681518555e-01,-4.811114072799682617e-01,3.466466903686523438e+00,0.000000000000000000e+00,-6.111215949058532715e-01,7.902008295059204102e-01,1.154099702835083008e+00,-3.806509077548980713e-01,-1.985213994979858398e+00,9.348058104515075684e-01,1.400699913501739502e-01,2.893947660923004150e-01,-4.800802767276763916e-01,9.746686220169067383e-01,2.706300318241119385e-01,-6.099406480789184570e-01,-4.418079555034637451e-01,2.697823345661163330e-01,-1.345915794372558594e+00,1.072653293609619141e+00,1.171416997909545898e+00,1.076336860656738281e+00,2.505912184715270996e-01,1.338782310485839844e+00,1.099458694458007812e+00,5.054028034210205078e-01,-3.740913271903991699e-01,7.597721219062805176e-01,6.693877577781677246e-01,-7.923493385314941406e-01,1.836073637008666992e+00,-1.027602553367614746e+00,-1.198552012443542480e+00,-3.297130167484283447e-01,-1.612208366394042969e+00,2.656854689121246338e-01,-1.244731545448303223e+00,-1.971915066242218018e-01,-1.991597861051559448e-01,-7.844830155372619629e-01,3.237237036228179932e-01,-1.282294243574142456e-01,0.000000000000000000e+00,0.000000000000000000e+00
-4.035342931747436523e-01,-4.812730550765991211e-01,-8.622862696647644043e-01,-7.459623813629150391e-01,-1.624189615249633789e-01,-6.384922862052917480e-01,-1.989940553903579712e-02,-6.137477755546569824e-01,1.006021738052368164e+00,-1.181950345635414124e-01,-3.923084735870361328e-01,8.101170063018798828e-01,-3.706537485122680664e-01,5.602695345878601074e-01,-6.077248975634574890e-02,-1.381807178258895874e-01,1.485899567604064941e+00,1.071049571037292480e+00,-6.111215949058532715e-01,0.000000000000000000e+00,1.076138973236083984e+00,3.242725610733032227e+00,2.057202756404876709e-01,3.442338109016418457e-01,8.254510164260864258e-01,-3.908146917819976807e-01,1.711407005786895752e-01,3.100578784942626953e-01,7.939739525318145752e-02,-2.430154979228973389e-01,3.534236550331115723e-01,2.336875945329666138e-01,-5.397226661443710327e-03,-4.030756950378417969e-01,4.877481609582901001e-02,-1.805607676506042480e-01,-6.676892042160034180e-01,-2.938634753227233887e-01,-1.163179755210876465e+00,-8.795172572135925293e-01,1.330963224172592163e-01,1.216180771589279175e-01,-6.090525388717651367e-01,8.790482580661773682e-02,-4.842956364154815674e-01,-1.095046758651733398e+00,-9.607308357954025269e-02,-1.310976147651672363e-01,-6.364431977272033691e-02,-6.964633464813232422e-01,-2.194010913372039795e-01,-2.010834932327270508e+00,-1.910871744155883789e+00,4.241411015391349792e-02,-1.070481538772583008e+00,3.601380884647369385e-01,5.486446022987365723e-01,0.000000000000000000e+00,0.000000000000000000e+00
3.222262561321258545e-01,-9.366846084594726562e-01,-4.052133262157440186e-01,-1.081596970558166504e+00,-1.376449465751647949e-01,-8.599492907524108887e-01,1.175412163138389587e-01,-9.466114044189453125e-01,-5.228530764579772949e-01,1.143627166748046875e+00,-3.367175459861755371e-01,2.914297878742218018e-01,-1.069936275482177734e+00,-9.032692313194274902e-01,-1.109169721603393555e+00,2.099374383687973022e-01,3.523893654346466064e-01,-5.332207307219505310e-02,7.902008295059204102e-01,1.076138973236083984e+00,0.000000000000000000e+00,-8.216729164123535156e-01,1.266611933708190918e+00,7.459228634834289551e-01,9.021972417831420898e-01,-1.638298630714416504e+00,6.395071148872375488e-01,1.199311614036560059e+00,1.921289041638374329e-02,9.514474272727966309e-01,1.774142384529113770e+00,-6.460462212562561035e-01,-1.046100258827209473e-01,2.177537202835083008e+00,2.455436140298843384e-01,7.277147769927978516e-01,1.269651770591735840e+00,5.834807157516479492e-01,-1.506124496459960938e+00,-7.794217765331268311e-02,-1.535097062587738037e-01,1.122449636459350586e+00,-4.886712431907653809e-01,-1.969453692436218262e+00,2.018963098526000977e-01,7.820279896259307861e-02,-2.954680621623992920e-01,3.995504975318908691e-01,1.336434483528137207e-01,-6.072158813476562500e-01,-1.056116461753845215e+00,-3.395285308361053467e-01,-1.109438538551330566e+00,-9.599180817604064941e-01,8.455392718315124512e-01,3.734669983386993408e-01,-6.121658682823181152e-01,0.000000000000000000e+00,0.000000000000000000e+00
-1.365926504135131836e+00,-2.491646528244018555e+00,-1.786540985107421875e+00,-1.259093403816223145e+00,-1.506563544273376465e+00,2.815615832805633545e-01,-7.012957334518432617e-01,3.839145600795745850e-01,1.136588096618652344e+00,-1.995429992675781250e-01,-2.107674488797783852e-03,-4.369233548641204834e-01,1.684250235557556152e+00,2.838844954967498779e-01,1.027251124382019043e+00,6.338319778442382812e-01,1.651692986488342285e+00,1.905508756637573242e+00,1.154099702835083008e+00,3.242725610733032227e+00,-8.216729164123535156e-01,0.000000000000000000e+00,1.683460235595703125e+00,-8.472715020179748535e-01,7.675748467445373535e-01,-5.562012791633605957e-01,-1.346966981887817383e+00,2.209770828485488892e-01,6.362570077180862427e-02,9.254283905029296875e-01,3.619851171970367432e-01,2.344838142395019531e+00,-1.448776006698608398e+00,-2.415498346090316772e-01,-3.412406444549560547e+00,1.116686016321182251e-01,-1.420498490333557129e+00,-2.215010881423950195e+00,1.030113339424133301e+00,-3.015136718750000000e-01,1.975333988666534424e-01,-2.272447049617767334e-01,-4.888374209403991699e-01,6.176176071166992188e-01,-1.116916179656982422e+00,1.554127931594848633e+00,-6.732012629508972168e-01,4.090586304664611816e-01,-5.999257564544677734e-01,4.931113421916961670e-01,-5.072266981005668640e-02,1.135393977165222168e+00,2.464457899332046509e-01,-4.217346385121345520e-02,-3.364734172821044922e+00,-2.459176540374755859e+00,-7.839350104331970215e-01,0.000000000000000000e+00,0.000000000000000000e+00
7.080314755439758301e-01,-1.618153095245361328e+00,-1.561684966087341309e+00,-1.689069032669067383e+00,-4.938596114516258240e-02,1.005451083183288574e+00,3.414414240978658199e-04,-3.143712878227233887e-02,1.119454741477966309e+00,8.920112252235412598e-01,5.435357093811035156e-01,9.925053119659423828e-01,8.548799157142639160e-01,-3.435949683189392090e-01,2.757094204425811768e-01,-2.579417526721954346e-01,-3.356137573719024658e-01,-6.690617650747299194e-02,-3.806509077548980713e-01,2.057202756404876709e-01,1.266611933708190918e+00,1.683460235595703125e+00,0.000000000000000000e+00,1.249512672424316406e+00,9.129694104194641113e-01,4.351761937141418457e-01,9.407392889261245728e-02,1.943278908729553223e+00,1.229442477226257324e+00,1.545639514923095703e+00,1.035415649414062500e+00,9.043425917625427246e-01,-1.322068095207214355e+00,-2.631226539611816406e+00,5.882700085639953613e-01,-4.588191807270050049e-01,1.736170649528503418e-01,4.511640071868896484e-01,3.122277557849884033e-01,3.715709149837493896e-01,3.180531561374664307e-01,9.030626416206359863e-01,-2.465783596038818359e+00,4.207425713539123535e-01,6.018173098564147949e-01,4.894240498542785645e-01,-8.013249039649963379e-01,-9.953063130378723145e-01,-1.082610487937927246e+00,-1.112214565277099609e+00,-1.257694065570831299e-01,-4.271931648254394531e-01,-1.846294552087783813e-01,-1.121484875679016113e+00,-1.280595660209655762e+00,-1.622491478919982910e-01,-3.916006386280059814e-01,0.000000000000000000e+00,0.000000000000000000e+00
5.813403800129890442e-02,-2.859680950641632080e-01,-5.404700040817260742e-01,1.671219617128372192e-01,-8.968150019645690918e-01,-9.528172612190246582e-01,-1.299879789352416992e+00,-1.329714655876159668e-01,-5.213620066642761230e-01,-5.001517534255981445e-01,6.911042332649230957e-01,2.211160212755203247e-01,-1.071753799915313721e-01,-1.317333221435546875e+00,-8.193790912628173828e-01,-7.155699729919433594e-01,3.336781859397888184e-01,9.413408637046813965e-01,-1.985213994979858398e+00,3.442338109016418457e-01,7.459228634834289551e-01,-8.472715020179748535e-01,1.249512672424316406e+00,0.000000000000000000e+00,8.462190032005310059e-01,1.317155718803405762e+00,3.185735702514648438e+00,-1.681695342063903809e+00,-1.456075161695480347e-02,1.366616129875183105e+00,5.123328566551208496e-01,2.879982233047485352e+00,1.207508519291877747e-01,9.960037469863891602e-01,-2.563762106001377106e-02,5.185278654098510742e-01,1.340121328830718994e-01,-3.674073219299316406e-01,-1.660148143768310547e+00,-5.927209854125976562e-01,7.584363222122192383e-01,-3.295749723911285400e-01,4.845090210437774658e-01,2.494983375072479248e-01,-1.691915869712829590e+00,-1.973012685775756836e+00,-1.553222537040710449e-01,-5.396273136138916016e-01,1.009132385253906250e+00,-1.614559888839721680e+00,-4.666246771812438965e-01,-1.903584122657775879e+00,8.618354052305221558e-02,-9.809089899063110352e-01,-5.236608386039733887e-01,9.419765472412109375e-01,6.903105974197387695e-01,0.000000000000000000e+00,0.000000000000000000e+00
-1.695107340812683105e+00,-2.448607236146926880e-01,-4.240875244140625000e-01,-6.488780975341796875e-01,-4.833712056279182434e-02,8.216047883033752441e-01,7.221304625272750854e-02,1.106687068939208984e+00,7.090480923652648926e-01,-1.968814015388488770e+00,3.902979791164398193e-01,-9.607172012329101562e-02,1.824963539838790894e-01,-1.319639384746551514e-01,1.169963121414184570e+00,-3.810231983661651611e-01,8.304872512817382812e-01,7.543380856513977051e-01,9.348058104515075684e-01,8.254510164260864258e-01,9.021972417831420898e-01,7.675748467445373535e-01,9.129694104194641113e-01,8.462190032005310059e-01,0.000000000000000000e+00,2.184699296951293945e+00,5.571779608726501465e-01,6.526334881782531738e-01,-2.823384702205657959e-01,9.366492033004760742e-01,3.675081208348274231e-02,-3.527966439723968506e-01,-7.498317360877990723e-01,5.675569176673889160e-01,-4.981798529624938965e-01,4.784811437129974365e-01,-6.440348178148269653e-02,-1.269451975822448730e+00,2.326246798038482666e-01,-5.653043985366821289e-01,-6.036112457513809204e-02,9.960096478462219238e-01,1.376086175441741943e-01,1.755385875701904297e+00,4.348747059702873230e-02,-4.994153082370758057e-01,2.095233500003814697e-01,-1.658356547355651855e+00,5.778691768646240234e-01,5.133803486824035645e-01,-3.185167312622070312e-01,-7.599714398384094238e-01,-2.602278590202331543e-01,-6.081062927842140198e-02,-1.645348072052001953e-01,-6.994631886482238770e-01,-3.624954819679260254e-01,0.000000000000000000e+00,0.000000000000000000e+00
-1.358455605804920197e-02,-2.499678134918212891e-01,-2.045610994100570679e-01,1.117889642715454102e+00,6.668782234191894531e-01,4.382182955741882324e-01,-3.997021615505218506e-01,-9.476411938667297363e-01,-3.389623463153839111e-01,-1.230234861373901367e+00,-4.430969953536987305e-01,-2.228795289993286133e-01,9.498428553342819214e-02,-6.916913390159606934e-02,-9.591957330703735352e-01,3.108265697956085205e-01,-1.224003955721855164e-01,1.408415436744689941e+00,1.400699913501739502e-01,-3.908146917819976807e-01,-1.638298630714416504e+00,-5.562012791633605957e-01,4.351761937141418457e-01,1.317155718803405762e+00,2.184699296951293945e+00,0.000000000000000000e+00,2.308551788330078125e+00,4.668530523777008057e-01,8.105388283729553223e-01,3.493944704532623291e-01,-8.458453416824340820e-01,1.023023962974548340e+00,2.355028688907623291e-01,6.945472955703735352e-02,-1.098566055297851562e+00,5.952458977699279785e-01,8.593054413795471191e-01,-1.613637208938598633e+00,9.589482545852661133e-01,7.011331915855407715e-01,2.622061409056186676e-02,4.296055138111114502e-01,9.101380109786987305e-01,9.874694794416427612e-02,5.269463062286376953e-01,-1.541069149971008301e+00,1.065602898597717285e+00,1.676599979400634766e-01,4.834302067756652832e-01,3.546482324600219727e-01,-7.800769805908203125e-01,-9.295960664749145508e-01,1.026175379753112793e+00,3.354085385799407959e-01,-7.320041060447692871e-01,4.030134975910186768e-01,-5.999834090471267700e-02,0.000000000000000000e+00,0.000000000000000000e+00
