0.000000000000000000e+00,2.549536228179931641e+00,1.646291971206665039e+00,1.411133706569671631e-01,8.295439481735229492e-01,-5.333090424537658691e-01,-4.900774657726287842e-01,4.469618201255798340e-02,-2.062270194292068481e-01,-6.912772059440612793e-01,-6.350123286247253418e-01,-4.521888196468353271e-01,-4.659613072872161865e-01,3.612677007913589478e-02,-3.089119493961334229e-01,-3.591093122959136963e-01,4.386272430419921875e-01,-5.247986912727355957e-01,-5.983358994126319885e-02,-6.881427168846130371e-01,3.708722591400146484e-01,-1.384084939956665039e+00,5.736726522445678711e-01,-1.421048771589994431e-02,-1.677541255950927734e+00,-5.091727897524833679e-02,-1.198668003082275391e+00,1.780986189842224121e-01,4.791738688945770264e-01,6.983122974634170532e-02,1.026183128356933594e+00,6.575244665145874023e-01,-8.554309606552124023e-02,7.689819335937500000e-01,1.114153265953063965e+00,-1.711101293563842773e+00,-7.555260062217712402e-01,1.250739336013793945e+00,-1.988659948110580444e-01,2.478045225143432617e-01,-6.293751001358032227e-01,-9.215391278266906738e-01,5.788230895996093750e-01,-1.616172492504119873e-01,2.308658882975578308e-02,-4.428704380989074707e-01,-1.185806632041931152e+00,-1.143304347991943359e+00,6.783029437065124512e-01,-3.052085340023040771e-01,-2.202548682689666748e-01,-2.113920301198959351e-01,-1.291401982307434082e+00,-1.991996318101882935e-01,-1.153020560741424561e-01,1.285014867782592773e+00,-1.913004964590072632e-01,0.000000000000000000e+00,0.000000000000000000e+00
2.549536228179931641e+00,0.000000000000000000e+00,1.493183851242065430e+00,1.582218647003173828e+00,1.808764338493347168e+00,6.691804528236389160e-01,7.142551541328430176e-01,-1.565296649932861328e-01,-1.101936936378479004e+00,-6.631218641996383667e-02,2.095014005899429321e-01,6.046648025512695312e-01,8.476203680038452148e-02,1.855948269367218018e-01,-1.766888856887817383e+00,-4.054026901721954346e-01,-1.604359030723571777e+00,-1.366591930389404297e+00,-6.953095644712448120e-02,-7.911078333854675293e-01,-1.050895094871520996e+00,-2.448737859725952148e+00,-1.572591423988342285e+00,-2.642007768154144287e-01,-2.042264640331268311e-01,-1.972264498472213745e-01,-4.512948393821716309e-01,6.541679501533508301e-01,-1.575558185577392578e-01,-1.257549524307250977e+00,3.362751007080078125e-01,-1.015722274780273438e+00,2.340926647186279297e+00,1.098431110382080078e+00,1.030832290649414062e+00,-1.347114682197570801e+00,-4.157878756523132324e-01,1.421873927116394043e+00,-6.862987279891967773e-01,6.710672378540039062e-01,-5.244911313056945801e-01,2.333784550428390503e-01,-1.275051385164260864e-01,9.834203124046325684e-02,3.784099519252777100e-01,-1.981591820716857910e+00,1.495993733406066895e-01,-2.114997863769531250e+00,4.194023087620735168e-03,4.015358984470367432e-01,3.683391809463500977e-01,-1.617068171501159668e+00,-5.732470154762268066e-01,-1.001363277435302734e+00,8.124765753746032715e-01,1.213172435760498047e+00,2.863236665725708008e-01,0.000000000000000000e+00,0.000000000000000000e+00
1.646291971206665039e+00,1.493183851242065430e+00,0.000000000000000000e+00,1.851081013679504395e+00,8.181638717651367188e-01,1.151472091674804688e+00,3.977238535881042480e-01,8.178503513336181641e-01,-4.195049703121185303e-01,-9.998799115419387817e-02,7.895380258560180664e-01,-1.527680903673171997e-01,-1.547284424304962158e-01,9.176377058029174805e-01,-4.379869103431701660e-01,5.841177105903625488e-01,-4.300843477249145508e-01,-1.354331135749816895e+00,1.833196580410003662e-01,-4.564748108386993408e-01,-6.793628931045532227e-01,-1.551747083663940430e+00,-1.367316961288452148e+00,-3.830522596836090088e-01,-4.903764724731445312e-01,-3.485269546508789062e-01,-1.159617185592651367e+00,-1.135607957839965820e+00,9.517545253038406372e-02,6.107746623456478119e-03,7.427219152450561523e-01,2.860832773149013519e-02,1.050739049911499023e+00,-3.599254488945007324e-01,9.073376655578613281e-02,-1.017558574676513672e-01,-2.457363128662109375e+00,6.019071340560913086e-01,5.629820227622985840e-01,5.232258439064025879e-01,7.652567028999328613e-01,-1.639540074393153191e-03,-1.262595504522323608e-01,-2.821604311466217041e-01,-2.620218694210052490e-01,-1.168302536010742188e+00,4.201688170433044434e-01,2.840459346771240234e-01,7.980487942695617676e-01,-9.798487275838851929e-02,-4.628190994262695312e-01,-1.134996771812438965e+00,5.078104138374328613e-01,-5.736221671104431152e-01,6.206602454185485840e-01,-1.183830946683883667e-01,-1.437983214855194092e-01,0.000000000000000000e+00,0.000000000000000000e+00
1.411133706569671631e-01,1.582218647003173828e+00,1.851081013679504395e+00,0.000000000000000000e+00,2.755183935165405273e+00,1.955683827400207520e+00,2.257634639739990234e+00,1.484475374221801758e+00,-3.144576251506805420e-01,-2.864340245723724365e-01,6.747137308120727539e-01,-8.448597788810729980e-01,-8.081097602844238281e-01,-8.252707868814468384e-02,2.313086092472076416e-01,7.485862970352172852e-01,-1.022587895393371582e+00,1.325319893658161163e-02,-1.178307414054870605e+00,-7.584671378135681152e-01,-9.479689598083496094e-01,-1.246894359588623047e+00,-1.795949101448059082e+00,1.592300087213516235e-01,-5.042045712471008301e-01,1.110786914825439453e+00,-5.582276582717895508e-01,-3.886604011058807373e-01,-7.865284085273742676e-01,-6.704114675521850586e-01,-7.341957092285156250e-01,-1.514844298362731934e-01,1.101653337478637695e+00,8.694233298301696777e-01,1.212706208229064941e+00,-2.550573348999023438e-01,-2.762990891933441162e-01,-3.575463593006134033e-02,2.027528882026672363e-01,1.118254065513610840e+00,-1.593227863311767578e+00,-1.788381934165954590e-01,1.357811242341995239e-01,-9.746361970901489258e-01,-4.962168633937835693e-01,3.392941057682037354e-01,-1.522864550352096558e-01,7.169833406805992126e-03,-2.945585846900939941e-01,2.565022706985473633e-01,-1.111036300659179688e+00,-1.687706589698791504e+00,-8.435072302818298340e-01,5.767925977706909180e-01,-2.822194695472717285e-01,-1.049486160278320312e+00,-1.216715797781944275e-01,0.000000000000000000e+00,0.000000000000000000e+00
8.295439481735229492e-01,1.808764338493347168e+00,8.181638717651367188e-01,2.755183935165405273e+00,0.000000000000000000e+00,9.579067230224609375e-01,2.951892852783203125e+00,2.119926929473876953e+00,7.546264529228210449e-01,-9.936130642890930176e-01,-5.927799344062805176e-01,-8.122447729110717773e-01,-3.751266002655029297e-02,8.562604188919067383e-01,-6.618643552064895630e-02,-2.666881084442138672e-01,6.114274263381958008e-01,-8.960033059120178223e-01,-1.360066294670104980e+00,-2.889581322669982910e-01,2.359432168304920197e-03,-1.700979590415954590e+00,-2.356219738721847534e-01,-9.228022694587707520e-01,-1.101451814174652100e-01,7.134728431701660156e-01,1.669808506965637207e+00,1.524169147014617920e-01,-8.073719143867492676e-01,4.035227596759796143e-01,2.511571645736694336e-01,-3.294205069541931152e-01,1.142699122428894043e-01,6.509637236595153809e-01,2.396299242973327637e-01,-1.188081860542297363e+00,-5.255947113037109375e-01,4.457975029945373535e-01,3.506434261798858643e-01,-8.860043883323669434e-01,-9.826589375734329224e-02,4.403856694698333740e-01,-1.462220788002014160e+00,5.632404088973999023e-01,1.237572580575942993e-01,-5.422831177711486816e-01,3.197710514068603516e-01,-4.304731488227844238e-01,-7.798872590065002441e-01,2.029470801353454590e-01,-6.580103188753128052e-02,-1.409739255905151367e-01,-2.135839462280273438e+00,-1.288037776947021484e+00,6.076461672782897949e-01,-3.284884214401245117e+00,-8.011875748634338379e-01,0.000000000000000000e+00,0.000000000000000000e+00
-5.333090424537658691e-01,6.691804528236389160e-01,1.151472091674804688e+00,1.955683827400207520e+00,9.579067230224609375e-01,0.000000000000000000e+00,2.738752603530883789e+00,1.941965341567993164e+00,7.714017033576965332e-01,2.844317555427551270e-01,7.018882781267166138e-02,-1.668814867734909058e-01,2.935426831245422363e-01,7.314812541007995605e-01,2.699379682540893555e+00,3.601256310939788818e-01,-2.156985402107238770e-01,1.066032528877258301e+00,4.504697322845458984e-01,-5.482167601585388184e-01,-1.031602621078491211e+00,2.738536596298217773e-01,1.003293752670288086e+00,-1.092284440994262695e+00,7.332949042320251465e-01,3.681154549121856689e-01,-1.025947928428649902e+00,3.813074901700019836e-02,2.317684330046176910e-02,-1.289549827575683594e+00,-1.483819246292114258e+00,-1.268243908882141113e+00,-2.913897514343261719e+00,-3.768144845962524414e-01,9.611614346504211426e-01,-5.449962988495826721e-02,6.949100494384765625e-01,8.617423772811889648e-01,5.031989216804504395e-01,-8.198667168617248535e-01,1.368817090988159180e-01,-2.489863783121109009e-01,-9.538149237632751465e-01,-1.063442587852478027e+00,-1.353170156478881836e+00,-2.541265822947025299e-02,-1.988356113433837891e-01,6.308841705322265625e-01,-8.850590586662292480e-01,3.797111511230468750e-01,-3.151590347290039062e+00,-3.037264049053192139e-01,-1.092893123626708984e+00,9.181505441665649414e-01,-1.835387229919433594e+00,-1.627338647842407227e+00,-1.293225884437561035e+00,0.000000000000000000e+00,0.000000000000000000e+00
-4.900774657726287842e-01,7.142551541328430176e-01,3.977238535881042480e-01,2.257634639739990234e+00,2.951892852783203125e+00,2.738752603530883789e+00,0.000000000000000000e+00,2.485355854034423828e+00,-4.797239601612091064e-01,1.506074786186218262e+00,1.085433721542358398e+00,-1.317952394485473633e+00,1.293217688798904419e-01,6.677885651588439941e-01,7.974161952733993530e-02,2.387350797653198242e-01,-1.271821618080139160e+00,4.268035590648651123e-01,6.477856040000915527e-01,-9.266374260187149048e-02,2.282784730195999146e-01,-6.433272361755371094e-01,1.675483286380767822e-01,-1.243781328201293945e+00,6.137132644653320312e-02,-3.295120596885681152e-01,4.474152252078056335e-02,3.765295818448066711e-02,-1.145092368125915527e+00,-8.885725587606430054e-02,-9.779157042503356934e-01,-1.480209589004516602e+00,2.541069090366363525e-01,-6.360602974891662598e-01,5.381447076797485352e-01,-3.077968060970306396e-01,-4.321182668209075928e-01,-5.737299323081970215e-01,-1.408127069473266602e+00,1.790413707494735718e-01,1.160865783691406250e+00,-1.793829679489135742e+00,5.759456753730773926e-01,4.948344230651855469e-01,6.986455321311950684e-01,-9.522506594657897949e-02,-3.478425741195678711e-01,3.709813356399536133e-01,-8.008338510990142822e-02,2.969826161861419678e-01,6.006957292556762695e-01,-1.158670186996459961e+00,-1.133261442184448242e+00,5.699931979179382324e-01,-1.326555609703063965e+00,-2.888363838195800781e+00,-2.766169011592864990e-01,0.000000000000000000e+00,0.000000000000000000e+00
4.469618201255798340e-02,-1.565296649932861328e-01,8.178503513336181641e-01,1.484475374221801758e+00,2.119926929473876953e+00,1.941965341567993164e+00,2.485355854034423828e+00,0.000000000000000000e+00,-5.165753364562988281e-01,-9.740797281265258789e-01,1.739554643630981445e+00,9.816152602434158325e-02,3.433880507946014404e-01,1.161926627159118652e+00,9.665279388427734375e-01,-6.807491779327392578e-01,5.301484465599060059e-01,9.174071550369262695e-01,8.372561633586883545e-02,-7.513905763626098633e-01,-1.120401263236999512e+00,3.425873219966888428e-01,-1.057886183261871338e-01,-1.099437177181243896e-01,1.178987622261047363e+00,-1.016463518142700195e+00,-4.164371788501739502e-01,-1.441819548606872559e+00,-1.769337534904479980e+00,1.370510101318359375e+00,4.040181040763854980e-01,6.063757538795471191e-01,3.942475914955139160e-01,-1.740188002586364746e-01,-2.421220064163208008e+00,1.276043802499771118e-02,-6.236335039138793945e-01,-1.070790767669677734e+00,7.050441503524780273e-01,-8.826123476028442383e-01,7.509846240282058716e-02,1.111546158790588379e+00,-2.580733597278594971e-01,9.199894666671752930e-01,-6.560115218162536621e-01,3.026459217071533203e-01,2.160501480102539062e-01,-5.923556089401245117e-01,-1.116633772850036621e+00,-5.492523312568664551e-01,4.979590773582458496e-01,5.975484251976013184e-01,6.561300158500671387e-01,-1.324682950973510742e+00,-1.415024042129516602e+00,-7.148287892341613770e-01,-4.239530563354492188e-01,0.000000000000000000e+00,0.000000000000000000e+00
-2.062270194292068481e-01,-1.101936936378479004e+00,-4.195049703121185303e-01,-3.144576251506805420e-01,7.546264529228210449e-01,7.714017033576965332e-01,-4.797239601612091064e-01,-5.165753364562988281e-01,0.000000000000000000e+00,5.204712152481079102e-01,-7.175334095954895020e-01,1.152870416641235352e+00,-7.299892902374267578e-01,1.119332313537597656e+00,3.640027046203613281e-01,1.012710094451904297e+00,4.378722608089447021e-01,1.294293522834777832e+00,-1.389229416847229004e+00,1.210439562797546387e+00,-7.101240158081054688e-01,9.769772291183471680e-01,1.140439748764038086e+00,-4.931884407997131348e-01,7.925497293472290039e-01,-3.317341804504394531e-01,-5.996699929237365723e-01,2.395092993974685669e-01,8.278565406799316406e-01,1.030585885047912598e+00,-2.193391799926757812e+00,-4.132269918918609619e-01,-1.731946945190429688e+00,7.714906334877014160e-02,-2.255284547805786133e+00,-1.099038958549499512e+00,-1.583501815795898438e+00,-1.636170744895935059e+00,-8.047292828559875488e-01,1.336676478385925293e-01,-5.681547522544860840e-01,-9.790394306182861328e-01,5.893121957778930664e-01,-7.135459780693054199e-01,-6.296830773353576660e-01,1.837918043136596680e+00,-1.976791024208068848e+00,6.180672645568847656e-01,-1.338535785675048828e+00,-2.229795902967453003e-01,-3.198741376399993896e-01,2.152791500091552734e+00,2.384172677993774414e-01,-3.983505070209503174e-01,2.637178599834442139e-01,4.283168911933898926e-01,6.143112182617187500e-01,0.000000000000000000e+00,0.000000000000000000e+00
-6.912772059440612793e-01,-6.631218641996383667e-02,-9.998799115419387817e-02,-2.864340245723724365e-01,-9.936130642890930176e-01,2.844317555427551270e-01,1.506074786186218262e+00,-9.740797281265258789e-01,5.204712152481079102e-01,0.000000000000000000e+00,2.745047330856323242e+00,5.631741285324096680e-01,4.442721605300903320e-01,-2.643360853195190430e+00,1.286552667617797852e+00,-1.477253794670104980e+00,4.828028380870819092e-01,9.306116104125976562e-01,-1.204884409904479980e+00,-2.822494208812713623e-01,1.226110816001892090e+00,-1.236233785748481750e-01,8.583884239196777344e-01,-4.448710083961486816e-01,-2.050969839096069336e+00,-9.017145633697509766e-01,-1.175869345664978027e+00,8.787977695465087891e-01,3.318796157836914062e-01,5.621089935302734375e-01,2.188749611377716064e-01,4.988855868577957153e-02,7.122032642364501953e-01,8.601712584495544434e-01,-1.537758588790893555e+00,-7.023181319236755371e-01,-1.630906939506530762e+00,-1.180019751191139221e-01,4.018246233463287354e-01,-1.009600400924682617e+00,9.206571578979492188e-01,-4.151958823204040527e-01,-1.691327571868896484e+00,-5.634593963623046875e-01,5.698751211166381836e-01,1.383329987525939941e+00,-3.028888702392578125e-01,1.846225708723068237e-01,1.816531717777252197e-01,-1.946745365858078003e-01,7.607294917106628418e-01,-1.923695683479309082e+00,2.696322798728942871e-01,-1.351319789886474609e+00,-3.712893128395080566e-01,5.828815326094627380e-02,7.585531473159790039e-01,0.000000000000000000e+00,0.000000000000000000e+00
-6.350123286247253418e-01,2.095014005899429321e-01,7.895380258560180664e-01,6.747137308120727539e-01,-5.927799344062805176e-01,7.018882781267166138e-02,1.085433721542358398e+00,1.739554643630981445e+00,-7.175334095954895020e-01,2.745047330856323242e+00,0.000000000000000000e+00,-3.809148073196411133e-01,1.870068073272705078e+00,9.484694600105285645e-01,4.515373706817626953e-01,3.823118209838867188e-01,-1.206278875470161438e-01,-5.469126105308532715e-01,1.177844643592834473e+00,-6.950580477714538574e-01,-4.040377736091613770e-01,-1.231451556086540222e-01,5.819160938262939453e-01,6.264364719390869141e-01,4.180365204811096191e-01,-4.375681281089782715e-01,-1.070028543472290039e+00,1.007998511195182800e-01,-6.935579776763916016e-01,-1.235403537750244141e+00,-8.890541791915893555e-01,-4.215440154075622559e-01,-1.124703958630561829e-01,1.309640526771545410e+00,-1.533647537231445312e+00,9.085439145565032959e-02,9.856411814689636230e-01,-5.495017170906066895e-01,2.235241085290908813e-01,3.247255980968475342e-01,-1.492971658706665039e+00,-1.482435464859008789e+00,9.658927321434020996e-01,-1.402945876121520996e+00,3.471881151199340820e-01,9.177570343017578125e-01,1.426455527544021606e-01,-4.596700668334960938e-01,8.228536248207092285e-01,1.033815741539001465e+00,3.845664560794830322e-01,7.272778153419494629e-01,7.648563385009765625e-02,1.485948204994201660e+00,4.551744833588600159e-02,-4.020744189620018005e-02,-5.504714250564575195e-01,0.000000000000000000e+00,0.000000000000000000e+00
-4.521888196468353271e-01,6.046648025512695312e-01,-1.527680903673171997e-01,-8.448597788810729980e-01,-8.122447729110717773e-01,-1.668814867734909058e-01,-1.317952394485473633e+00,9.816152602434158325e-02,1.152870416641235352e+00,5.631741285324096680e-01,-3.809148073196411133e-01,0.000000000000000000e+00,-4.965496659278869629e-01,4.216496646404266357e-01,1.814966559410095215e+00,3.762973248958587646e-01,2.102392911911010742e+00,-1.591089665889739990e-01,-1.033026576042175293e+00,7.378439307212829590e-01,3.229500353336334229e-01,-4.514009356498718262e-01,9.703438282012939453e-01,2.368397563695907593e-01,-9.973690658807754517e-02,-2.235818505287170410e-01,-4.172007143497467041e-01,4.521991014480590820e-01,9.403975009918212891e-01,-2.960655093193054199e-01,-2.737672626972198486e-01,7.931216619908809662e-03,-1.758303046226501465e-01,-9.125026464462280273e-01,-5.398235917091369629e-01,-1.133399978280067444e-01,-8.886982798576354980e-01,1.383125036954879761e-01,-6.390519142150878906e-01,-6.886872649192810059e-01,3.540380001068115234e-01,-9.201571345329284668e-02,-5.070973634719848633e-01,-1.509741395711898804e-01,-1.847085356712341309e-01,-8.102232217788696289e-01,-9.645611047744750977e-03,-2.184797227382659912e-01,-9.560276567935943604e-02,-4.058868885040283203e-01,9.475566148757934570e-01,-9.733936190605163574e-01,-7.244067788124084473e-01,-2.066222578287124634e-01,-1.078674495220184326e-01,-2.578385174274444580e-01,4.994164109230041504e-01,0.000000000000000000e+00,0.000000000000000000e+00
-4.659613072872161865e-01,8.476203680038452148e-02,-1.547284424304962158e-01,-8.081097602844238281e-01,-3.751266002655029297e-02,2.935426831245422363e-01,1.293217688798904419e-01,3.433880507946014404e-01,-7.299892902374267578e-01,4.442721605300903320e-01,1.870068073272705078e+00,-4.965496659278869629e-01,0.000000000000000000e+00,2.139981269836425781e+00,2.804478883743286133e+00,7.460638880729675293e-01,-5.829713493585586548e-02,2.132031202316284180e+00,6.268967390060424805e-01,-7.015824317932128906e-01,-8.830024600028991699e-01,1.656064629554748535e+00,9.010373950004577637e-01,-3.491155430674552917e-02,1.709903776645660400e-01,2.602099478244781494e-01,-1.471268057823181152e+00,3.367631435394287109e-01,-8.301616311073303223e-01,3.526546657085418701e-01,1.173505187034606934e-01,2.998887002468109131e-01,6.844663023948669434e-01,-1.849358439445495605e+00,-4.462376534938812256e-01,-7.411837577819824219e-01,1.293589830398559570e+00,-1.095284223556518555e+00,3.335525095462799072e-01,-7.456857562065124512e-01,3.087331354618072510e-01,-1.695889472961425781e+00,-6.382960677146911621e-01,-3.317012488842010498e-01,-7.578678727149963379e-01,1.440807104110717773e+00,8.337354063987731934e-01,-1.335145115852355957e+00,6.537757068872451782e-02,7.027172446250915527e-01,-9.939779043197631836e-01,2.339931279420852661e-01,6.689605861902236938e-02,2.097088545560836792e-01,3.151270374655723572e-02,-1.558632016181945801e+00,-3.634757399559020996e-01,0.000000000000000000e+00,0.000000000000000000e+00
3.612677007913589478e-02,1.855948269367218018e-01,9.176377058029174805e-01,-8.252707868814468384e-02,8.562604188919067383e-01,7.314812541007995605e-01,6.677885651588439941e-01,1.161926627159118652e+00,1.119332313537597656e+00,-2.643360853195190430e+00,9.484694600105285645e-01,4.216496646404266357e-01,2.139981269836425781e+00,0.000000000000000000e+00,2.005263566970825195e+00,1.991863250732421875e+00,6.757801175117492676e-01,1.153837516903877258e-02,8.414223790168762207e-02,4.348476827144622803e-01,-6.909461617469787598e-01,9.580338001251220703e-02,-3.788860440254211426e-01,-1.327470541000366211e+00,-1.134657561779022217e-01,-1.367790549993515015e-01,7.073372602462768555e-01,-1.475109934806823730e+00,-9.706479310989379883e-02,1.953298300504684448e-01,8.053935766220092773e-01,-3.515913188457489014e-01,-2.015026330947875977e+00,1.294590830802917480e-01,-4.563567638397216797e-01,-7.128932476043701172e-01,2.708530426025390625e-01,-1.306037157773971558e-01,7.484237551689147949e-01,2.258591502904891968e-01,1.674290001392364502e-01,-9.751076102256774902e-01,4.313320815563201904e-01,-3.626330792903900146e-01,3.871577382087707520e-01,-2.052093505859375000e+00,-1.485182881355285645e+00,2.925178110599517822e-01,2.310887426137924194e-01,-3.336654230952262878e-02,-1.485561847686767578e+00,-9.224348664283752441e-01,1.088080555200576782e-01,-2.197103500366210938e-01,3.825851678848266602e-01,4.374180138111114502e-01,-5.940456315875053406e-02,0.000000000000000000e+00,0.000000000000000000e+00
-3.089119493961334229e-01,-1.766888856887817383e+00,-4.379869103431701660e-01,2.313086092472076416e-01,-6.618643552064895630e-02,2.699379682540893555e+00,7.974161952733993530e-02,9.665279388427734375e-01,3.640027046203613281e-01,1.286552667617797852e+00,4.515373706817626953e-01,1.814966559410095215e+00,2.804478883743286133e+00,2.005263566970825195e+00,0.000000000000000000e+00,1.685952305793762207e+00,7.444615662097930908e-02,9.087646007537841797e-01,1.120368838310241699e+00,1.495561748743057251e-01,-1.396018981933593750e+00,1.049572944641113281e+00,2.064105272293090820e-01,-8.327293992042541504e-01,1.062917351722717285e+00,-8.269214630126953125e-01,-1.012425184249877930e+00,-1.271057605743408203e+00,-1.132763028144836426e+00,-1.207621991634368896e-01,-1.219526082277297974e-01,-3.061932027339935303e-01,-5.236585140228271484e+00,-4.526381492614746094e+00,-1.460146665573120117e+00,4.481239914894104004e-01,-1.205727100372314453e+00,-3.305929601192474365e-01,2.073434293270111084e-01,-2.937967777252197266e-01,-3.971117436885833740e-01,-1.500324130058288574e+00,3.551300168037414551e-01,2.762977778911590576e-01,7.483069598674774170e-02,7.434307038784027100e-02,-5.155132412910461426e-01,-6.107913255691528320e-01,-1.428693413734436035e+00,5.099940672516822815e-02,-1.109956622123718262e+00,1.600123524665832520e+00,-5.321075320243835449e-01,4.135165512561798096e-01,-5.920839905738830566e-01,-2.996752560138702393e-01,-1.842127889394760132e-01,0.000000000000000000e+00,0.000000000000000000e+00
-3.591093122959136963e-01,-4.054026901721954346e-01,5.841177105903625488e-01,7.485862970352172852e-01,-2.666881084442138672e-01,3.601256310939788818e-01,2.387350797653198242e-01,-6.807491779327392578e-01,1.012710094451904297e+00,-1.477253794670104980e+00,3.823118209838867188e-01,3.762973248958587646e-01,7.460638880729675293e-01,1.991863250732421875e+00,1.685952305793762207e+00,0.000000000000000000e+00,1.435065150260925293e+00,2.829116821289062500e+00,6.695089340209960938e-01,5.546376481652259827e-02,2.492327690124511719e-01,3.377764821052551270e-01,-4.464100301265716553e-01,-8.038027882575988770e-01,-3.232592940330505371e-01,4.332727491855621338e-01,-8.566470742225646973e-01,-1.200115084648132324e-01,-2.277985513210296631e-01,4.133848249912261963e-01,-8.267054557800292969e-01,4.781986176967620850e-01,-1.341047167778015137e+00,-7.428917288780212402e-02,-6.897360831499099731e-02,7.233909368515014648e-01,1.154574513435363770e+00,-2.125747680664062500e+00,5.874040722846984863e-01,5.527863502502441406e-01,3.854998052120208740e-01,-1.334730163216590881e-02,-4.160363972187042236e-01,5.905188918113708496e-01,-2.382801055908203125e+00,1.218681335449218750e+00,-1.214201092720031738e+00,-9.487838149070739746e-01,-1.619436144828796387e-01,7.615926861763000488e-02,-4.631369113922119141e-01,-1.070242881774902344e+00,-2.786961570382118225e-02,9.399218559265136719e-01,-1.194237917661666870e-01,-4.723975658416748047e-01,-1.128729060292243958e-02,0.000000000000000000e+00,0.000000000000000000e+00
4.386272430419921875e-01,-1.604359030723571777e+00,-4.300843477249145508e-01,-1.022587895393371582e+00,6.114274263381958008e-01,-2.156985402107238770e-01,-1.271821618080139160e+00,5.301484465599060059e-01,4.378722608089447021e-01,4.828028380870819092e-01,-1.206278875470161438e-01,2.102392911911010742e+00,-5.829713493585586548e-02,6.757801175117492676e-01,7.444615662097930908e-02,1.435065150260925293e+00,0.000000000000000000e+00,3.917499780654907227e-01,-6.240223050117492676e-01,1.848309993743896484e+00,2.091237008571624756e-01,1.690512537956237793e+00,-5.512931346893310547e-01,3.444103598594665527e-01,7.689977884292602539e-01,-1.826913058757781982e-01,-1.370434761047363281e+00,3.154649585485458374e-02,-3.831912577152252197e-01,8.484600782394409180e-01,4.055181741714477539e-01,-1.187629252672195435e-01,-8.755114078521728516e-01,-2.015129804611206055e+00,-1.052552700042724609e+00,6.186767816543579102e-01,-7.094195485115051270e-01,-1.519356608390808105e+00,-8.748843073844909668e-01,6.928029656410217285e-02,1.117526054382324219e+00,5.025851130485534668e-01,-9.140960127115249634e-02,-1.534157872200012207e+00,-1.195173859596252441e+00,-7.007107138633728027e-01,6.640188694000244141e-01,1.355398744344711304e-01,1.065384522080421448e-01,-1.493559777736663818e-01,-7.575932741165161133e-01,2.217369973659515381e-01,-1.941736489534378052e-01,1.912513077259063721e-01,-3.292917609214782715e-01,2.572675049304962158e-01,-2.152519822120666504e-01,0.000000000000000000e+00,0.000000000000000000e+00
-5.247986912727355957e-01,-1.366591930389404297e+00,-1.354331135749816895e+00,1.325319893658161163e-02,-8.960033059120178223e-01,1.066032528877258301e+00,4.268035590648651123e-01,9.174071550369262695e-01,1.294293522834777832e+00,9.306116104125976562e-01,-5.469126105308532715e-01,-1.591089665889739990e-01,2.132031202316284180e+00,1.153837516903877258e-02,9.087646007537841797e-01,2.829116821289062500e+00,3.917499780654907227e-01,0.000000000000000000e+00,3.537222862243652344e+00,8.827141523361206055e-01,-9.444999694824218750e-02,1.883766055107116699e+00,-3.349358439445495605e-01,9.140044450759887695e-01,7.448067665100097656e-01,1.404694080352783203e+00,-9.085404872894287109e-01,-1.142887711524963379e+00,-1.966806054115295410e+00,-8.186621963977813721e-02,-1.247577518224716187e-01,9.884163737297058105e-02,-1.815572500228881836e+00,-2.069470405578613281e+00,-3.633679356426000595e-03,-7.425426840782165527e-01,-1.259344667196273804e-01,-1.815141797065734863e+00,-9.447481036186218262e-01,-1.196030616760253906e+00,-4.100852012634277344e-01,-5.052623748779296875e-01,-5.924988985061645508e-01,-2.097439207136631012e-02,-1.468125343322753906e+00,1.639647483825683594e+00,-8.731417059898376465e-01,6.756821274757385254e-01,6.021556258201599121e-02,9.775645136833190918e-01,-9.320111870765686035e-01,-7.182879447937011719e-01,1.096969097852706909e-01,-3.254078626632690430e-01,-3.748832046985626221e-01,-2.178607881069183350e-01,-5.204998850822448730e-01,0.000000000000000000e+00,0.000000000000000000e+00
-5.983358994126319885e-02,-6.953095644712448120e-02,1.833196580410003662e-01,-1.178307414054870605e+00,-1.360066294670104980e+00,4.504697322845458984e-01,6.477856040000915527e-01,8.372561633586883545e-02,-1.389229416847229004e+00,-1.204884409904479980e+00,1.177844643592834473e+00,-1.033026576042175293e+00,6.268967390060424805e-01,8.414223790168762207e-02,1.120368838310241699e+00,6.695089340209960938e-01,-6.240223050117492676e-01,3.537222862243652344e+00,0.000000000000000000e+00,-7.221115231513977051e-01,7.989449501037597656e-01,1.046130061149597168e+00,-4.967716634273529053e-01,-2.073304891586303711e+00,9.771624803543090820e-01,2.342711538076400757e-01,3.677078187465667725e-01,-3.834551870822906494e-01,1.011602163314819336e+00,2.478584200143814087e-01,-4.838576614856719971e-01,-3.529155850410461426e-01,2.711533308029174805e-01,-1.520162940025329590e+00,9.748517870903015137e-01,1.170940041542053223e+00,1.092405080795288086e+00,2.609294056892395020e-01,1.287884235382080078e+00,1.025418758392333984e+00,6.866627335548400879e-01,-2.697370648384094238e-01,7.769700288772583008e-01,5.671067833900451660e-01,-5.803185105323791504e-01,1.700700998306274414e+00,-8.782528042793273926e-01,-1.225833654403686523e+00,-2.912384271621704102e-01,-1.685560345649719238e+00,3.124592006206512451e-01,-1.592688441276550293e+00,-3.186632096767425537e-01,-2.371541410684585571e-01,-8.485789895057678223e-01,2.210162431001663208e-01,-1.580028086900711060e-01,0.000000000000000000e+00,0.000000000000000000e+00
-6.881427168846130371e-01,-7.911078333854675293e-01,-4.564748108386993408e-01,-7.584671378135681152e-01,-2.889581322669982910e-01,-5.482167601585388184e-01,-9.266374260187149048e-02,-7.513905763626098633e-01,1.210439562797546387e+00,-2.822494208812713623e-01,-6.950580477714538574e-01,7.378439307212829590e-01,-7.015824317932128906e-01,4.348476827144622803e-01,1.495561748743057251e-01,5.546376481652259827e-02,1.848309993743896484e+00,8.827141523361206055e-01,-7.221115231513977051e-01,0.000000000000000000e+00,9.508938789367675781e-01,3.227167844772338867e+00,-3.146180137991905212e-02,1.737386286258697510e-01,7.388101816177368164e-01,-3.373658359050750732e-01,-6.657396908849477768e-03,2.503598630428314209e-01,1.371593177318572998e-01,-4.544669985771179199e-01,3.538065850734710693e-01,3.373795449733734131e-01,-1.009777858853340149e-01,5.778555199503898621e-02,3.552994132041931152e-01,-7.026496529579162598e-02,-6.586669683456420898e-01,-2.820526361465454102e-01,-4.172267913818359375e-01,-7.252079844474792480e-01,1.688944399356842041e-01,1.423187553882598877e-02,-5.139558315277099609e-01,3.738989681005477905e-02,-7.335836291313171387e-01,-7.019580006599426270e-01,-2.272014170885086060e-01,-3.478955924510955811e-01,3.384946584701538086e-01,-8.438985943794250488e-01,-2.093499749898910522e-01,-1.936814785003662109e+00,-1.935550689697265625e+00,6.418459117412567139e-02,-1.142110109329223633e+00,4.324711561203002930e-01,4.588770270347595215e-01,0.000000000000000000e+00,0.000000000000000000e+00
3.708722591400146484e-01,-1.050895094871520996e+00,-6.793628931045532227e-01,-9.479689598083496094e-01,2.359432168304920197e-03,-1.031602621078491211e+00,2.282784730195999146e-01,-1.120401263236999512e+00,-7.101240158081054688e-01,1.226110816001892090e+00,-4.040377736091613770e-01,3.229500353336334229e-01,-8.830024600028991699e-01,-6.909461617469787598e-01,-1.396018981933593750e+00,2.492327690124511719e-01,2.091237008571624756e-01,-9.444999694824218750e-02,7.989449501037597656e-01,9.508938789367675781e-01,0.000000000000000000e+00,-7.253859043121337891e-01,1.205101251602172852e+00,6.790549159049987793e-01,1.005862712860107422e+00,-1.643024444580078125e+00,6.646900177001953125e-01,1.108896732330322266e+00,-5.507066845893859863e-02,8.840393424034118652e-01,1.821112871170043945e+00,-4.057354927062988281e-01,-1.673169285058975220e-01,2.184759140014648438e+00,2.572187185287475586e-01,6.870002150535583496e-01,1.244033694267272949e+00,5.588192343711853027e-01,-1.322776436805725098e+00,-2.271261364221572876e-01,-1.920537501573562622e-01,1.065421700477600098e+00,-4.809703826904296875e-01,-2.125183105468750000e+00,3.222117722034454346e-01,3.390626907348632812e-01,-3.475782275199890137e-01,3.289889097213745117e-01,4.789698496460914612e-02,-7.021303772926330566e-01,-8.510573506355285645e-01,-8.638104796409606934e-02,-9.140326976776123047e-01,-9.840179085731506348e-01,8.425062894821166992e-01,4.231206774711608887e-01,-6.334865689277648926e-01,0.000000000000000000e+00,0.000000000000000000e+00
-1.384084939956665039e+00,-2.448737859725952148e+00,-1.551747083663940430e+00,-1.246894359588623047e+00,-1.700979590415954590e+00,2.738536596298217773e-01,-6.433272361755371094e-01,3.425873219966888428e-01,9.769772291183471680e-01,-1.236233785748481750e-01,-1.231451556086540222e-01,-4.514009356498718262e-01,1.656064629554748535e+00,9.580338001251220703e-02,1.049572944641113281e+00,3.377764821052551270e-01,1.690512537956237793e+00,1.883766055107116699e+00,1.046130061149597168e+00,3.227167844772338867e+00,-7.253859043121337891e-01,0.000000000000000000e+00,1.726359605789184570e+00,-1.139748096466064453e+00,8.353505730628967285e-01,-5.171703100204467773e-01,-1.209474563598632812e+00,1.604067385196685791e-01,5.473403260111808777e-03,9.168211221694946289e-01,4.582781791687011719e-01,2.272031784057617188e+00,-1.467260956764221191e+00,-2.140102386474609375e-01,-3.400013923645019531e+00,3.080051206052303314e-02,-1.408876895904541016e+00,-2.050755739212036133e+00,1.093826055526733398e+00,-3.538036048412322998e-01,3.820085525512695312e-01,-2.223636358976364136e-01,-3.397988379001617432e-01,6.083087325096130371e-01,-9.288411736488342285e-01,1.671680331230163574e+00,-5.157228112220764160e-01,6.538313031196594238e-01,-5.126144289970397949e-01,5.879057645797729492e-01,-1.583150625228881836e-01,1.075775265693664551e+00,2.924912869930267334e-01,-2.406783215701580048e-02,-3.306893587112426758e+00,-2.354396820068359375e+00,-8.113520741462707520e-01,0.000000000000000000e+00,0.000000000000000000e+00
5.736726522445678711e-01,-1.572591423988342285e+00,-1.367316961288452148e+00,-1.795949101448059082e+00,-2.356219738721847534e-01,1.003293752670288086e+00,1.675483286380767822e-01,-1.057886183261871338e-01,1.140439748764038086e+00,8.583884239196777344e-01,5.819160938262939453e-01,9.703438282012939453e-01,9.010373950004577637e-01,-3.788860440254211426e-01,2.064105272293090820e-01,-4.464100301265716553e-01,-5.512931346893310547e-01,-3.349358439445495605e-01,-4.967716634273529053e-01,-3.146180137991905212e-02,1.205101251602172852e+00,1.726359605789184570e+00,0.000000000000000000e+00,1.218519210815429688e+00,8.197871446609497070e-01,6.068094968795776367e-01,1.039322093129158020e-01,1.952580213546752930e+00,1.228797435760498047e+00,1.681494474411010742e+00,1.081139206886291504e+00,1.056919932365417480e+00,-1.262569069862365723e+00,-2.819273710250854492e+00,5.785984992980957031e-01,-4.301472306251525879e-01,3.198784291744232178e-01,3.496720194816589355e-01,2.848201394081115723e-01,6.129347681999206543e-01,3.248282521963119507e-02,9.058649539947509766e-01,-2.577470064163208008e+00,4.709500670433044434e-01,6.571052670478820801e-01,4.023811221122741699e-01,-4.996046125888824463e-01,-9.380051493644714355e-01,-1.108000636100769043e+00,-9.578130841255187988e-01,-1.740021258592605591e-01,-2.853355705738067627e-01,-2.691082954406738281e-01,-1.113574028015136719e+00,-1.116768002510070801e+00,-2.309946417808532715e-01,-2.395225614309310913e-01,0.000000000000000000e+00,0.000000000000000000e+00
-1.421048771589994431e-02,-2.642007768154144287e-01,-3.830522596836090088e-01,1.592300087213516235e-01,-9.228022694587707520e-01,-1.092284440994262695e+00,-1.243781328201293945e+00,-1.099437177181243896e-01,-4.931884407997131348e-01,-4.448710083961486816e-01,6.264364719390869141e-01,2.368397563695907593e-01,-3.491155430674552917e-02,-1.327470541000366211e+00,-8.327293992042541504e-01,-8.038027882575988770e-01,3.444103598594665527e-01,9.140044450759887695e-01,-2.073304891586303711e+00,1.737386286258697510e-01,6.790549159049987793e-01,-1.139748096466064453e+00,1.218519210815429688e+00,0.000000000000000000e+00,8.952376246452331543e-01,1.286673188209533691e+00,3.225831747055053711e+00,-1.419648408889770508e+00,-2.486856840550899506e-02,1.439431905746459961e+00,4.959769248962402344e-01,2.920651435852050781e+00,1.635596305131912231e-01,8.688326478004455566e-01,-2.182474732398986816e-02,5.217937827110290527e-01,2.189220190048217773e-01,-3.043864071369171143e-01,-1.757581233978271484e+00,-7.637348175048828125e-01,6.316083073616027832e-01,-3.724998235702514648e-01,5.361201763153076172e-01,3.817921280860900879e-01,-1.704474329948425293e+00,-2.043306350708007812e+00,2.401778707280755043e-03,-6.139737367630004883e-01,9.759660959243774414e-01,-1.639524221420288086e+00,-4.226741194725036621e-01,-1.751922130584716797e+00,2.001137137413024902e-01,-1.028631091117858887e+00,-4.230329990386962891e-01,9.374229907989501953e-01,7.193153500556945801e-01,0.000000000000000000e+00,0.000000000000000000e+00
-1.677541255950927734e+00,-2.042264640331268311e-01,-4.903764724731445312e-01,-5.042045712471008301e-01,-1.101451814174652100e-01,7.332949042320251465e-01,6.137132644653320312e-02,1.178987622261047363e+00,7.925497293472290039e-01,-2.050969839096069336e+00,4.180365204811096191e-01,-9.973690658807754517e-02,1.709903776645660400e-01,-1.134657561779022217e-01,1.062917351722717285e+00,-3.232592940330505371e-01,7.689977884292602539e-01,7.448067665100097656e-01,9.771624803543090820e-01,7.388101816177368164e-01,1.005862712860107422e+00,8.353505730628967285e-01,8.197871446609497070e-01,8.952376246452331543e-01,0.000000000000000000e+00,2.323672294616699219e+00,5.745109915733337402e-01,6.298340559005737305e-01,-2.325589060783386230e-01,9.157842993736267090e-01,-2.045211754739284515e-02,-1.640690714120864868e-01,-7.307395339012145996e-01,4.156664013862609863e-01,-4.905462861061096191e-01,5.635825991630554199e-01,-1.483649015426635742e-01,-1.279692888259887695e+00,2.980524003505706787e-01,-7.590082287788391113e-01,-3.599049150943756104e-01,1.075704693794250488e+00,1.509035564959049225e-02,1.743624091148376465e+00,-1.232606470584869385e-01,-4.862872362136840820e-01,1.083811670541763306e-01,-1.802629590034484863e+00,5.019913911819458008e-01,5.887005329132080078e-01,-2.525956928730010986e-01,-4.561172127723693848e-01,-3.490718901157379150e-01,-2.201658934354782104e-01,-1.205992326140403748e-01,-7.046078443527221680e-01,-1.892909556627273560e-01,0.000000000000000000e+00,0.000000000000000000e+00
-5.091727897524833679e-02,-1.972264498472213745e-01,-3.485269546508789062e-01,1.110786914825439453e+00,7.134728431701660156e-01,3.681154549121856689e-01,-3.295120596885681152e-01,-1.016463518142700195e+00,-3.317341804504394531e-01,-9.017145633697509766e-01,-4.375681281089782715e-01,-2.235818505287170410e-01,2.602099478244781494e-01,-1.367790549993515015e-01,-8.269214630126953125e-01,4.332727491855621338e-01,-1.826913058757781982e-01,1.404694080352783203e+00,2.342711538076400757e-01,-3.373658359050750732e-01,-1.643024444580078125e+00,-5.171703100204467773e-01,6.068094968795776367e-01,1.286673188209533691e+00,2.323672294616699219e+00,0.000000000000000000e+00,2.359627485275268555e+00,4.759375751018524170e-01,9.066143631935119629e-01,3.744208216667175293e-01,-8.234246969223022461e-01,9.508579373359680176e-01,2.931419014930725098e-01,-3.532175719738006592e-02,-1.038897752761840820e+00,6.147146224975585938e-01,7.557060718536376953e-01,-1.760225653648376465e+00,9.355203509330749512e-01,6.471298336982727051e-01,-6.462088972330093384e-02,4.762716293334960938e-01,9.222983717918395996e-01,1.582205295562744141e-01,3.331658244132995605e-01,-1.395703315734863281e+00,9.617367386817932129e-01,2.676090411841869354e-02,4.269789159297943115e-01,2.823264002799987793e-01,-7.318508028984069824e-01,-7.753292322158813477e-01,8.127110004425048828e-01,1.904005259275436401e-01,-7.610994577407836914e-01,1.466872990131378174e-01,-9.909101761877536774e-03,0.000000000000000000e+00,0.000000000000000000e+00
