0.000000000000000000e+00,2.621083259582519531e+00,1.132255792617797852e+00,-6.299552321434020996e-01,3.360334336757659912e-01,1.200399324297904968e-01,-8.718639612197875977e-01,-1.183320507407188416e-01,-6.590604186058044434e-01,-6.141877174377441406e-01,-5.583793520927429199e-01,-3.611867725849151611e-01,-4.115123748779296875e-01,-1.347476541996002197e-01,2.354486584663391113e-01,-3.125173449516296387e-01,2.189381867647171021e-01,-3.100821673870086670e-01,-6.320592761039733887e-01,-5.510838031768798828e-01,-3.046017587184906006e-01,-9.673142433166503906e-01,1.020311713218688965e+00,3.151308596134185791e-01,-8.387780189514160156e-01,4.924028813838958740e-01,-3.963544368743896484e-01,4.122638329863548279e-02,6.524400115013122559e-01,-1.055850833654403687e-02,1.026745200157165527e+00,7.635368108749389648e-01,-5.763704776763916016e-01,8.734897971153259277e-01,7.741935253143310547e-01,-1.658305406570434570e+00,8.325499296188354492e-02,8.720304965972900391e-01,1.484956294298171997e-01,4.972950220108032227e-01,-2.304464727640151978e-01,-1.103076100349426270e+00,1.081039786338806152e+00,6.498967111110687256e-02,-5.228506326675415039e-01,-1.667154133319854736e-01,-4.134531915187835693e-01,-1.141380190849304199e+00,3.014232218265533447e-01,-1.031152978539466858e-01,-9.026125073432922363e-01,-2.071765661239624023e-01,-1.540190100669860840e+00,-4.178761243820190430e-01,-4.284080564975738525e-01,1.577068567276000977e+00,-4.043468534946441650e-01,-2.754287719726562500e-01,0.000000000000000000e+00
2.621083259582519531e+00,0.000000000000000000e+00,1.112378001213073730e+00,1.262955307960510254e+00,1.439147114753723145e+00,-7.320847511291503906e-01,7.646407485008239746e-01,-6.155397891998291016e-01,-1.851937770843505859e+00,-1.522776335477828979e-01,3.629069626331329346e-01,2.450944036245346069e-01,6.524997949600219727e-01,-6.312309503555297852e-01,-1.353653311729431152e+00,8.613700270652770996e-01,-9.585523009300231934e-01,-1.260959029197692871e+00,2.186241298913955688e-01,-5.983466506004333496e-01,-8.211683630943298340e-01,-1.476268410682678223e+00,-1.068103432655334473e+00,-4.372359216213226318e-01,-1.804728806018829346e-01,-6.104497909545898438e-01,-7.208473086357116699e-01,5.268210172653198242e-01,-7.925190776586532593e-02,-6.243296861648559570e-01,-2.256150543689727783e-01,-2.459772825241088867e-01,2.388564109802246094e+00,6.474648714065551758e-01,5.352479815483093262e-01,-9.767706394195556641e-01,-6.489801406860351562e-01,9.106068015098571777e-01,-1.241160854697227478e-01,1.325293898582458496e+00,-8.666074872016906738e-01,8.473326265811920166e-02,7.906071841716766357e-03,-2.179884165525436401e-01,-3.222442045807838440e-02,-1.546858191490173340e+00,4.047187864780426025e-01,-1.213725566864013672e+00,8.915145881474018097e-03,7.451447844505310059e-01,2.779431641101837158e-01,-2.444644212722778320e+00,-7.422158122062683105e-01,-6.523104906082153320e-01,8.091932535171508789e-01,1.250995397567749023e+00,3.798377886414527893e-02,1.726130604743957520e+00,0.000000000000000000e+00
1.132255792617797852e+00,1.112378001213073730e+00,0.000000000000000000e+00,1.779798030853271484e+00,1.293293945491313934e-02,1.733913421630859375e-01,6.185575127601623535e-01,5.498660206794738770e-01,-6.303163170814514160e-01,-3.683328330516815186e-01,1.606325984001159668e+00,-3.170379996299743652e-01,6.196709871292114258e-01,9.214262366294860840e-01,-8.302647471427917480e-01,5.046716332435607910e-01,-8.050530403852462769e-02,-1.062534809112548828e+00,2.042404413223266602e-01,-1.054315686225891113e+00,-6.046235561370849609e-01,-1.306724548339843750e+00,-9.448005557060241699e-01,-8.918362259864807129e-01,2.666227221488952637e-01,2.213515192270278931e-01,-2.024859189987182617e+00,-4.087968170642852783e-01,3.546218574047088623e-01,-3.041477501392364502e-01,7.796212434768676758e-01,8.663532137870788574e-01,9.014122486114501953e-01,2.948782145977020264e-01,8.538182973861694336e-01,-1.069638609886169434e+00,-3.370347738265991211e+00,1.318219453096389771e-01,4.716516435146331787e-01,1.706610918045043945e-01,1.145609021186828613e+00,9.715668112039566040e-02,1.049234747886657715e+00,-1.977680437266826630e-02,-1.754953563213348389e-01,-1.152230381965637207e+00,3.074866831302642822e-01,3.259346485137939453e-01,9.561920762062072754e-01,9.640663862228393555e-02,-9.303228855133056641e-01,-1.494824528694152832e+00,3.616825342178344727e-01,-1.094140172004699707e+00,7.656270861625671387e-01,-1.677614897489547729e-01,-2.212561666965484619e-02,-5.417355522513389587e-02,0.000000000000000000e+00
-6.299552321434020996e-01,1.262955307960510254e+00,1.779798030853271484e+00,0.000000000000000000e+00,2.350067138671875000e+00,2.301424741744995117e+00,2.149055957794189453e+00,1.864768028259277344e+00,-1.143349885940551758e+00,8.762143254280090332e-01,1.009452939033508301e+00,-1.284052848815917969e+00,-7.370271682739257812e-01,-7.494154572486877441e-01,-3.080592863261699677e-02,9.653198122978210449e-01,-1.010361909866333008e+00,6.023781895637512207e-01,-8.797259330749511719e-01,-8.864559531211853027e-01,-6.642001867294311523e-01,-4.647963941097259521e-01,-1.612429261207580566e+00,-1.583339869976043701e-01,-6.066692471504211426e-01,6.393045186996459961e-01,-7.988368272781372070e-01,-5.048642754554748535e-01,-6.717547178268432617e-01,-7.597823143005371094e-01,-6.446601152420043945e-01,9.007845818996429443e-02,1.198073267936706543e+00,8.844709992408752441e-01,1.491144061088562012e+00,-3.608632087707519531e-01,-2.625186145305633545e-01,3.037060797214508057e-01,6.669446825981140137e-01,1.023919105529785156e+00,-1.342998504638671875e+00,1.006564140319824219e+00,-4.179093241691589355e-01,-9.408149719238281250e-01,-3.144923150539398193e-01,4.590370357036590576e-01,-2.518746852874755859e-01,2.598543092608451843e-02,-3.177439272403717041e-01,-3.281738758087158203e-01,-1.705670952796936035e+00,-1.373998522758483887e+00,-1.148128151893615723e+00,4.873442351818084717e-01,-1.932165324687957764e-01,-9.301791787147521973e-01,5.857277661561965942e-02,-7.286646962165832520e-01,0.000000000000000000e+00
3.360334336757659912e-01,1.439147114753723145e+00,1.293293945491313934e-02,2.350067138671875000e+00,0.000000000000000000e+00,1.110958933830261230e+00,3.056038141250610352e+00,2.179920673370361328e+00,-5.756891965866088867e-01,-2.528837621212005615e-01,-5.069986581802368164e-01,-1.372512578964233398e+00,-6.497557759284973145e-01,-1.150315701961517334e-01,-2.895301878452301025e-01,-4.060613811016082764e-01,5.062258243560791016e-02,-1.300436615943908691e+00,-1.663524806499481201e-01,-9.684214740991592407e-02,-1.181157231330871582e-01,-9.218783974647521973e-01,-5.668603777885437012e-01,-1.478381395339965820e+00,-2.605706639587879181e-02,-4.079784750938415527e-01,1.706998109817504883e+00,7.667172551155090332e-01,-1.109981656074523926e+00,7.763207554817199707e-01,6.725517511367797852e-01,-2.445289045572280884e-01,3.588683009147644043e-01,1.291287094354629517e-01,8.537698984146118164e-01,-6.047094464302062988e-01,2.489518523216247559e-01,-4.576901793479919434e-01,9.406731277704238892e-02,-8.480451703071594238e-01,7.052059769630432129e-01,6.147418022155761719e-01,-5.531370639801025391e-01,6.368114352226257324e-01,4.323902726173400879e-01,3.999348282814025879e-01,2.667408585548400879e-01,-2.050682902336120605e-01,-7.652019858360290527e-01,4.238309264183044434e-01,3.301194310188293457e-01,-2.454938553273677826e-02,-1.913156747817993164e+00,-9.074548482894897461e-01,7.067848443984985352e-01,-2.204503536224365234e+00,-6.440671086311340332e-01,-2.519458532333374023e-01,0.000000000000000000e+00
1.200399324297904968e-01,-7.320847511291503906e-01,1.733913421630859375e-01,2.301424741744995117e+00,1.110958933830261230e+00,0.000000000000000000e+00,2.781731367111206055e+00,1.319348096847534180e+00,1.393287062644958496e+00,-9.634353965520858765e-02,3.874781727790832520e-01,-4.159253537654876709e-01,4.256536364555358887e-01,-2.001405656337738037e-01,2.338567733764648438e+00,2.707321047782897949e-01,-5.408436655998229980e-01,7.578822970390319824e-01,-2.610612213611602783e-01,-2.280616015195846558e-01,-8.763623833656311035e-01,4.736033678054809570e-01,1.598592162132263184e+00,-1.514965176582336426e+00,1.282257676124572754e+00,-2.350235916674137115e-02,-1.179912328720092773e+00,5.863786339759826660e-01,-2.216020077466964722e-01,-1.238426804542541504e+00,-7.422599196434020996e-01,-3.589508533477783203e-01,-2.673881292343139648e+00,-6.814161539077758789e-01,9.096271395683288574e-01,3.840894699096679688e-01,2.912935614585876465e-01,6.789956688880920410e-01,1.063887402415275574e-01,-6.546645164489746094e-01,-3.239729404449462891e-01,7.650055885314941406e-01,-1.328986763954162598e+00,-2.269732952117919922e-01,-1.521236419677734375e+00,7.217729091644287109e-01,4.209009706974029541e-01,5.305845141410827637e-01,-9.705136716365814209e-02,6.191552877426147461e-01,-2.444599866867065430e+00,-9.702835679054260254e-01,-5.862092971801757812e-01,2.432304471731185913e-01,-1.648518562316894531e+00,-2.746950387954711914e+00,-6.690619587898254395e-01,-1.191133618354797363e+00,0.000000000000000000e+00
-8.718639612197875977e-01,7.646407485008239746e-01,6.185575127601623535e-01,2.149055957794189453e+00,3.056038141250610352e+00,2.781731367111206055e+00,0.000000000000000000e+00,2.584629535675048828e+00,-7.472203373908996582e-01,1.415394663810729980e+00,8.038988113403320312e-01,-1.013857841491699219e+00,8.716794252395629883e-01,3.349204733967781067e-02,-2.503845691680908203e-01,-1.369147598743438721e-01,-5.111459493637084961e-01,1.001345157623291016e+00,1.524897068738937378e-01,-4.286357760429382324e-02,2.392638772726058960e-01,-1.125639200210571289e+00,3.872433677315711975e-02,-1.979967057704925537e-01,1.075572147965431213e-01,-2.219008803367614746e-01,-6.797371897846460342e-03,4.681642353534698486e-01,-1.058168292045593262e+00,4.629912674427032471e-01,-3.491832017898559570e-01,-1.938631296157836914e+00,3.863561898469924927e-02,-3.905917406082153320e-01,8.001988530158996582e-01,-3.310307860374450684e-01,-1.376006722450256348e+00,1.821617782115936279e-01,-9.969455003738403320e-01,4.611590802669525146e-01,9.609751105308532715e-01,-2.546210765838623047e+00,5.866761207580566406e-01,-6.756714731454849243e-02,5.347099900245666504e-01,7.652594149112701416e-02,-9.408558011054992676e-01,7.612060308456420898e-01,-3.995543420314788818e-01,4.695727489888668060e-03,9.610301256179809570e-02,-9.908474087715148926e-01,-1.100252509117126465e+00,-7.573443055152893066e-01,-1.249130964279174805e-01,-2.878179788589477539e+00,9.852820634841918945e-02,-1.443744152784347534e-01,0.000000000000000000e+00
-1.183320507407188416e-01,-6.155397891998291016e-01,5.498660206794738770e-01,1.864768028259277344e+00,2.179920673370361328e+00,1.319348096847534180e+00,2.584629535675048828e+00,0.000000000000000000e+00,-2.078393250703811646e-01,-6.292294263839721680e-01,1.642858982086181641e+00,-4.628370702266693115e-01,1.105502769351005554e-01,9.178568124771118164e-01,8.497715592384338379e-01,-1.443046778440475464e-01,4.868081584572792053e-02,1.219393849372863770e+00,-6.520984172821044922e-01,-7.265545129776000977e-01,-9.685770869255065918e-01,-8.250685036182403564e-02,5.613985061645507812e-01,-3.540169894695281982e-01,9.149121046066284180e-01,7.662651687860488892e-02,-3.042502403259277344e-01,-1.242237210273742676e+00,-1.916612148284912109e+00,1.433782935142517090e+00,6.948457956314086914e-01,6.656656861305236816e-01,2.251145541667938232e-01,1.046473622322082520e+00,-1.431116700172424316e+00,-2.431047260761260986e-01,-2.035828590393066406e+00,-5.378088355064392090e-01,8.958601951599121094e-01,-5.291095376014709473e-01,-5.368353724479675293e-01,8.971947431564331055e-01,-8.401263356208801270e-01,8.830600976943969727e-01,4.207007586956024170e-01,5.871410369873046875e-01,1.251545734703540802e-02,4.271603655070066452e-03,3.407841920852661133e-02,-3.743246495723724365e-01,3.735916912555694580e-01,4.384181648492813110e-02,-9.813425540924072266e-01,-6.470450162887573242e-01,-1.318769812583923340e+00,-7.313157320022583008e-01,-3.111486434936523438e-01,-1.190288186073303223e+00,0.000000000000000000e+00
-6.590604186058044434e-01,-1.851937770843505859e+00,-6.303163170814514160e-01,-1.143349885940551758e+00,-5.756891965866088867e-01,1.393287062644958496e+00,-7.472203373908996582e-01,-2.078393250703811646e-01,0.000000000000000000e+00,8.242880702018737793e-01,-2.568142712116241455e-01,1.457723140716552734e+00,-1.977430105209350586e+00,1.053404331207275391e+00,8.214202523231506348e-01,8.765274286270141602e-01,5.840265154838562012e-01,9.752056002616882324e-01,-2.716382145881652832e-01,9.062939286231994629e-01,-3.185195922851562500e-01,1.245532512664794922e+00,1.127905011177062988e+00,-1.889107632450759411e-03,-1.253955662250518799e-01,-9.360419511795043945e-01,-5.117048025131225586e-01,5.810685753822326660e-01,6.156209111213684082e-01,2.911151945590972900e-01,-1.479822397232055664e+00,-8.532537817955017090e-01,-1.214505076408386230e+00,4.242469966411590576e-01,-2.144029617309570312e+00,-4.457639455795288086e-01,-7.622359395027160645e-01,-1.629834771156311035e+00,1.561402976512908936e-01,-5.729395151138305664e-01,7.172351479530334473e-01,-2.066145181655883789e+00,5.258147716522216797e-01,-1.325781702995300293e+00,-8.158321380615234375e-01,2.461572408676147461e+00,-5.368339419364929199e-01,8.014854788780212402e-02,-2.418083190917968750e+00,2.599249780178070068e-01,-7.372676730155944824e-01,2.028596162796020508e+00,-1.833335757255554199e-01,-1.230671554803848267e-01,5.672659873962402344e-01,1.483234167098999023e-01,5.440810322761535645e-01,-1.415326893329620361e-01,0.000000000000000000e+00
-6.141877174377441406e-01,-1.522776335477828979e-01,-3.683328330516815186e-01,8.762143254280090332e-01,-2.528837621212005615e-01,-9.634353965520858765e-02,1.415394663810729980e+00,-6.292294263839721680e-01,8.242880702018737793e-01,0.000000000000000000e+00,2.791093587875366211e+00,7.913345098495483398e-01,1.197022438049316406e+00,-1.713443636894226074e+00,1.960182189941406250e+00,-1.737985014915466309e+00,3.306816220283508301e-01,1.215505599975585938e+00,-2.222196340560913086e+00,3.941597938537597656e-01,1.581002354621887207e+00,-5.485917329788208008e-01,-5.814580246806144714e-02,-5.876505374908447266e-01,-2.148242950439453125e+00,-7.600119113922119141e-01,-1.764447689056396484e+00,5.132271647453308105e-01,6.046373248100280762e-01,-3.528850376605987549e-01,2.630209922790527344e-01,9.335541129112243652e-01,5.254570245742797852e-01,2.523780465126037598e-01,-8.182654380798339844e-01,-1.203743934631347656e+00,-8.070768713951110840e-01,-2.452500164508819580e-01,2.806866765022277832e-01,-1.165273934602737427e-01,1.478257626295089722e-01,-1.066585779190063477e+00,-2.555608034133911133e+00,-5.259945616126060486e-02,4.728324413299560547e-01,-5.406965687870979309e-02,2.883284911513328552e-02,-9.446344524621963501e-02,-4.564301371574401855e-01,-8.967312574386596680e-01,1.631536245346069336e+00,-9.394059777259826660e-01,2.135389000177383423e-01,-9.515566229820251465e-01,-3.256732523441314697e-01,-4.365048408508300781e-01,8.355800509452819824e-01,-3.557538092136383057e-01,0.000000000000000000e+00
-5.583793520927429199e-01,3.629069626331329346e-01,1.606325984001159668e+00,1.009452939033508301e+00,-5.069986581802368164e-01,3.874781727790832520e-01,8.038988113403320312e-01,1.642858982086181641e+00,-2.568142712116241455e-01,2.791093587875366211e+00,0.000000000000000000e+00,-5.190515518188476562e-01,1.725234031677246094e+00,1.079949498176574707e+00,-1.659041643142700195e-01,-1.408784687519073486e-01,-2.474593520164489746e-01,2.880780100822448730e-01,1.005357265472412109e+00,-3.349347114562988281e-01,-5.807720422744750977e-01,-1.325221825391054153e-02,1.529124006628990173e-02,1.244714185595512390e-01,-3.839869797229766846e-01,-6.864908933639526367e-01,-7.859565615653991699e-01,-7.531225085258483887e-01,-1.111074209213256836e+00,-6.736969947814941406e-01,-1.864865273237228394e-01,-6.724668145179748535e-01,-2.044164389371871948e-01,1.877482175827026367e+00,-1.233651876449584961e+00,9.784851670265197754e-01,1.300692439079284668e+00,1.073541641235351562e-01,-9.111647307872772217e-02,7.693635225296020508e-01,-2.549078941345214844e+00,-5.441241860389709473e-01,6.047564148902893066e-01,-6.616426706314086914e-01,-7.374659776687622070e-01,3.260892927646636963e-01,-1.636103913187980652e-02,2.431535869836807251e-01,7.780523896217346191e-01,3.258350193500518799e-01,1.111664414405822754e+00,4.557754397392272949e-01,-3.491196315735578537e-03,1.071485996246337891e+00,-4.744117632071720436e-07,-3.050794899463653564e-01,-8.506639599800109863e-01,-3.699130937457084656e-02,0.000000000000000000e+00
-3.611867725849151611e-01,2.450944036245346069e-01,-3.170379996299743652e-01,-1.284052848815917969e+00,-1.372512578964233398e+00,-4.159253537654876709e-01,-1.013857841491699219e+00,-4.628370702266693115e-01,1.457723140716552734e+00,7.913345098495483398e-01,-5.190515518188476562e-01,0.000000000000000000e+00,-6.008752584457397461e-01,6.317978501319885254e-01,2.235656499862670898e+00,2.404508553445339203e-02,2.151900053024291992e+00,-2.403351068496704102e-01,-9.890393912792205811e-02,1.685841232538223267e-01,4.905199408531188965e-01,-1.189263463020324707e+00,5.416492223739624023e-01,7.175250053405761719e-01,9.696169942617416382e-02,-3.532579243183135986e-01,3.640806674957275391e-01,-9.030333161354064941e-02,1.154839277267456055e+00,-5.179627537727355957e-01,-4.736707508563995361e-01,-1.420412510633468628e-01,-1.507841944694519043e-01,-2.174385637044906616e-01,-4.219347238540649414e-01,-2.665027081966400146e-01,-1.378592252731323242e+00,7.723295688629150391e-01,-1.284041047096252441e+00,-8.411927819252014160e-01,5.519306659698486328e-02,2.691575288772583008e-01,-2.753139734268188477e-01,-4.946288168430328369e-01,-2.075950056314468384e-01,-1.186260461807250977e+00,-1.304281353950500488e-01,-5.022877454757690430e-01,-3.725024163722991943e-01,-5.507678985595703125e-01,6.606056094169616699e-01,-4.297055900096893311e-01,-6.616601943969726562e-01,4.586114883422851562e-01,2.094523161649703979e-01,-1.354920025914907455e-02,3.708149492740631104e-01,4.458763897418975830e-01,0.000000000000000000e+00
-4.115123748779296875e-01,6.524997949600219727e-01,6.196709871292114258e-01,-7.370271682739257812e-01,-6.497557759284973145e-01,4.256536364555358887e-01,8.716794252395629883e-01,1.105502769351005554e-01,-1.977430105209350586e+00,1.197022438049316406e+00,1.725234031677246094e+00,-6.008752584457397461e-01,0.000000000000000000e+00,1.833094358444213867e+00,2.423020124435424805e+00,-2.836365625262260437e-02,2.492602169513702393e-01,1.310204386711120605e+00,6.339275240898132324e-01,-3.956807553768157959e-01,-6.098340153694152832e-01,1.864529371261596680e+00,1.330325126647949219e+00,-7.731336951255798340e-01,3.625815212726593018e-01,5.374720096588134766e-01,-1.052349686622619629e+00,-1.429963469505310059e+00,-1.290129184722900391e+00,2.705859839916229248e-01,-4.821802675724029541e-01,3.375377953052520752e-01,1.133137702941894531e+00,-1.070055246353149414e+00,-6.723235249519348145e-01,-8.255168199539184570e-01,5.825563073158264160e-01,-1.137256145477294922e+00,-2.258826196193695068e-01,-7.218189239501953125e-01,8.660083413124084473e-01,-9.616743922233581543e-01,2.313231816515326500e-03,9.580793231725692749e-02,-1.141217947006225586e+00,1.663641095161437988e+00,1.339788675308227539e+00,-1.208922147750854492e+00,-2.026364505290985107e-01,8.954986929893493652e-01,4.204569384455680847e-02,2.482639551162719727e-01,1.120228543877601624e-01,-8.933932334184646606e-02,4.506062567234039307e-01,-1.567361593246459961e+00,-5.182104110717773438e-01,-1.074827313423156738e-01,0.000000000000000000e+00
-1.347476541996002197e-01,-6.312309503555297852e-01,9.214262366294860840e-01,-7.494154572486877441e-01,-1.150315701961517334e-01,-2.001405656337738037e-01,3.349204733967781067e-02,9.178568124771118164e-01,1.053404331207275391e+00,-1.713443636894226074e+00,1.079949498176574707e+00,6.317978501319885254e-01,1.833094358444213867e+00,0.000000000000000000e+00,1.963310837745666504e+00,2.702838659286499023e+00,7.688241004943847656e-01,5.661634802818298340e-01,-3.125073611736297607e-01,-2.555442750453948975e-01,-6.896528601646423340e-01,2.303843200206756592e-01,-3.167789578437805176e-01,-1.273317813873291016e+00,-7.727608084678649902e-01,1.729050576686859131e-01,2.314033508300781250e-01,-2.607153654098510742e-01,7.290095835924148560e-02,4.346513152122497559e-01,8.841223120689392090e-01,6.893995404243469238e-01,-2.032645225524902344e+00,2.791382074356079102e-01,-4.198397099971771240e-01,6.307389736175537109e-01,6.260840892791748047e-01,-4.680508673191070557e-01,1.090870499610900879e+00,7.154698669910430908e-02,-8.270344734191894531e-01,-1.210432171821594238e+00,9.578895568847656250e-02,-1.629984006285667419e-02,7.963675260543823242e-01,-1.381904125213623047e+00,-3.535256862640380859e+00,5.193594694137573242e-01,2.460958808660507202e-01,-4.658771157264709473e-01,-5.410652160644531250e-01,9.259378910064697266e-02,-7.181583642959594727e-01,-1.046892046928405762e+00,-1.020919904112815857e-01,1.022599339485168457e+00,2.772652171552181244e-02,4.338334202766418457e-01,0.000000000000000000e+00
2.354486584663391113e-01,-1.353653311729431152e+00,-8.302647471427917480e-01,-3.080592863261699677e-02,-2.895301878452301025e-01,2.338567733764648438e+00,-2.503845691680908203e-01,8.497715592384338379e-01,8.214202523231506348e-01,1.960182189941406250e+00,-1.659041643142700195e-01,2.235656499862670898e+00,2.423020124435424805e+00,1.963310837745666504e+00,0.000000000000000000e+00,1.049551606178283691e+00,-5.164982676506042480e-01,1.091709256172180176e+00,1.353440284729003906e+00,-1.587998494505882263e-02,-7.498428821563720703e-01,1.273254275321960449e+00,5.923647880554199219e-01,-5.714877843856811523e-01,1.128614664077758789e+00,-7.732048630714416504e-01,-7.179927825927734375e-01,-1.452840447425842285e+00,-1.732316970825195312e+00,5.914206802845001221e-02,-9.858779311180114746e-01,9.062522053718566895e-01,-5.417054653167724609e+00,-2.924299478530883789e+00,-7.573372125625610352e-01,7.428795099258422852e-01,-4.055935889482498169e-02,-1.527411103248596191e+00,3.990021347999572754e-01,-8.426990509033203125e-01,-1.203613042831420898e+00,-1.172516703605651855e+00,2.720723152160644531e-01,4.032571315765380859e-01,4.049104452133178711e-01,5.668082088232040405e-02,-2.923115015029907227e+00,-3.634544610977172852e-01,-1.467353463172912598e+00,5.882924199104309082e-01,-2.791978597640991211e+00,2.070349931716918945e+00,5.134748294949531555e-02,1.237669587135314941e+00,-3.163913786411285400e-01,-1.573844194412231445e+00,-2.325476408004760742e-01,-2.077166557312011719e+00,0.000000000000000000e+00
-3.125173449516296387e-01,8.613700270652770996e-01,5.046716332435607910e-01,9.653198122978210449e-01,-4.060613811016082764e-01,2.707321047782897949e-01,-1.369147598743438721e-01,-1.443046778440475464e-01,8.765274286270141602e-01,-1.737985014915466309e+00,-1.408784687519073486e-01,2.404508553445339203e-02,-2.836365625262260437e-02,2.702838659286499023e+00,1.049551606178283691e+00,0.000000000000000000e+00,-1.189763024449348450e-01,2.357410430908203125e+00,4.503016769886016846e-01,-3.214476704597473145e-01,-4.235719144344329834e-01,9.129456877708435059e-01,-2.880443334579467773e-01,1.552749774418771267e-03,-6.456696987152099609e-01,-5.609890818595886230e-01,-4.072094559669494629e-01,-3.110480867326259613e-02,2.845687866210937500e-01,8.633316755294799805e-01,-5.991550087928771973e-01,9.040898084640502930e-01,-6.080450415611267090e-01,-2.867397069931030273e-01,3.371834382414817810e-02,1.067952632904052734e+00,1.711829423904418945e+00,-1.632677197456359863e+00,1.291366815567016602e+00,1.082025527954101562e+00,-1.013440847396850586e+00,-6.092386245727539062e-01,-4.908833652734756470e-02,-7.212102413177490234e-02,-1.912027239799499512e+00,8.526906371116638184e-01,-1.712939590215682983e-01,-5.510700941085815430e-01,-1.233648061752319336e+00,4.113448858261108398e-01,1.397650241851806641e-01,-2.253953456878662109e+00,2.750881314277648926e-01,1.090710639953613281e+00,-8.094271272420883179e-02,5.300598144531250000e-01,-4.657689332962036133e-01,-1.319903731346130371e+00,0.000000000000000000e+00
2.189381867647171021e-01,-9.585523009300231934e-01,-8.050530403852462769e-02,-1.010361909866333008e+00,5.062258243560791016e-02,-5.408436655998229980e-01,-5.111459493637084961e-01,4.868081584572792053e-02,5.840265154838562012e-01,3.306816220283508301e-01,-2.474593520164489746e-01,2.151900053024291992e+00,2.492602169513702393e-01,7.688241004943847656e-01,-5.164982676506042480e-01,-1.189763024449348450e-01,0.000000000000000000e+00,-8.112061768770217896e-02,-3.342420756816864014e-01,5.612239241600036621e-01,2.276872843503952026e-01,2.419234365224838257e-01,2.333641052246093750e-01,-4.801364839076995850e-01,2.047746181488037109e-01,2.192171365022659302e-01,-4.387691989541053772e-02,9.607692062854766846e-02,5.580979958176612854e-02,7.629414200782775879e-01,6.779125928878784180e-01,4.451510012149810791e-01,-4.932900369167327881e-01,-1.762333273887634277e+00,-4.390016794204711914e-01,3.690800368785858154e-01,-1.577680826187133789e+00,-7.457022666931152344e-01,5.124002695083618164e-01,-7.639661431312561035e-01,1.137050628662109375e+00,-4.992529153823852539e-01,3.964137285947799683e-02,-1.264615803956985474e-01,-5.136033892631530762e-01,-2.161586135625839233e-01,1.131638169288635254e+00,-4.578827917575836182e-01,2.792615294456481934e-01,-7.996803522109985352e-01,-8.920540213584899902e-01,1.074091941118240356e-01,2.123443335294723511e-01,6.894848942756652832e-01,-5.047333240509033203e-01,8.963251113891601562e-01,-4.271750748157501221e-01,-4.230751991271972656e-01,0.000000000000000000e+00
-3.100821673870086670e-01,-1.260959029197692871e+00,-1.062534809112548828e+00,6.023781895637512207e-01,-1.300436615943908691e+00,7.578822970390319824e-01,1.001345157623291016e+00,1.219393849372863770e+00,9.752056002616882324e-01,1.215505599975585938e+00,2.880780100822448730e-01,-2.403351068496704102e-01,1.310204386711120605e+00,5.661634802818298340e-01,1.091709256172180176e+00,2.357410430908203125e+00,-8.112061768770217896e-02,0.000000000000000000e+00,3.299098253250122070e+00,7.381643056869506836e-01,4.600911736488342285e-01,1.876759171485900879e+00,-7.595474720001220703e-01,8.926380276679992676e-01,8.098128437995910645e-01,1.489448547363281250e+00,-7.436864972114562988e-01,-1.791588544845581055e+00,-1.741327166557312012e+00,3.938438296318054199e-01,-5.959655717015266418e-02,5.819561704993247986e-02,-1.451386690139770508e+00,-9.872936010360717773e-01,1.640952378511428833e-01,8.261027187108993530e-02,4.351727068424224854e-01,-4.823724031448364258e-01,-1.159028291702270508e+00,-2.563972771167755127e-01,-1.346186518669128418e+00,-3.083576858043670654e-01,-1.507132172584533691e+00,-3.906078934669494629e-01,-1.018088102340698242e+00,2.387502431869506836e+00,-1.520732879638671875e+00,1.223295927047729492e+00,-1.558364629745483398e+00,-2.603106796741485596e-01,-1.007147669792175293e+00,-2.006211042404174805e+00,9.631678462028503418e-01,-2.122470885515213013e-01,1.454024668782949448e-02,-9.854955971240997314e-02,-6.778053641319274902e-01,-3.201590061187744141e+00,0.000000000000000000e+00
-6.320592761039733887e-01,2.186241298913955688e-01,2.042404413223266602e-01,-8.797259330749511719e-01,-1.663524806499481201e-01,-2.610612213611602783e-01,1.524897068738937378e-01,-6.520984172821044922e-01,-2.716382145881652832e-01,-2.222196340560913086e+00,1.005357265472412109e+00,-9.890393912792205811e-02,6.339275240898132324e-01,-3.125073611736297607e-01,1.353440284729003906e+00,4.503016769886016846e-01,-3.342420756816864014e-01,3.299098253250122070e+00,0.000000000000000000e+00,-4.396653771400451660e-01,6.049926877021789551e-01,1.703273415565490723e+00,-1.154666095972061157e-01,-1.675152420997619629e+00,1.757484912872314453e+00,-4.186949431896209717e-01,5.720139145851135254e-01,-3.772275745868682861e-01,8.679847121238708496e-01,6.466374993324279785e-01,-4.032898545265197754e-01,-2.864408195018768311e-01,6.597426533699035645e-01,-1.110300064086914062e+00,6.685348749160766602e-01,2.385423034429550171e-01,5.649101138114929199e-01,4.478390216827392578e-01,1.660570740699768066e+00,1.279563546180725098e+00,1.350631266832351685e-01,2.918657064437866211e-01,7.713840603828430176e-01,7.344805002212524414e-01,-1.139339685440063477e+00,1.709945082664489746e+00,-1.121787905693054199e+00,-9.782470464706420898e-01,1.379015445709228516e-01,-1.994119405746459961e+00,-3.838873505592346191e-01,-1.492017388343811035e+00,-2.967644929885864258e-01,-3.434741171076893806e-03,-1.069344520568847656e+00,1.337618231773376465e-01,-5.883697271347045898e-01,8.780223131179809570e-02,0.000000000000000000e+00
-5.510838031768798828e-01,-5.983466506004333496e-01,-1.054315686225891113e+00,-8.864559531211853027e-01,-9.684214740991592407e-02,-2.280616015195846558e-01,-4.286357760429382324e-02,-7.265545129776000977e-01,9.062939286231994629e-01,3.941597938537597656e-01,-3.349347114562988281e-01,1.685841232538223267e-01,-3.956807553768157959e-01,-2.555442750453948975e-01,-1.587998494505882263e-02,-3.214476704597473145e-01,5.612239241600036621e-01,7.381643056869506836e-01,-4.396653771400451660e-01,0.000000000000000000e+00,1.608494997024536133e+00,3.258846521377563477e+00,7.939375936985015869e-02,8.034903407096862793e-01,8.525502085685729980e-01,-1.287933140993118286e-01,7.003242969512939453e-01,5.453866124153137207e-01,3.184565007686614990e-01,-2.562544643878936768e-01,2.881819009780883789e-01,6.343027949333190918e-02,3.079914450645446777e-01,-4.460424184799194336e-01,5.365914702415466309e-01,-3.914689421653747559e-01,-7.887389659881591797e-01,-3.354793488979339600e-01,-1.212052345275878906e+00,-9.355058670043945312e-01,1.743956655263900757e-01,-9.303973615169525146e-02,-7.947289347648620605e-01,-2.206740528345108032e-01,-3.260907232761383057e-01,-1.406238555908203125e+00,4.618194699287414551e-01,-8.294629454612731934e-01,-1.233034133911132812e-01,-3.573933541774749756e-01,-2.502403557300567627e-01,-1.403197526931762695e+00,-1.467563629150390625e+00,-2.982887625694274902e-01,-4.337537288665771484e-01,1.967627555131912231e-01,7.990930080413818359e-01,1.034834384918212891e-01,0.000000000000000000e+00
-3.046017587184906006e-01,-8.211683630943298340e-01,-6.046235561370849609e-01,-6.642001867294311523e-01,-1.181157231330871582e-01,-8.763623833656311035e-01,2.392638772726058960e-01,-9.685770869255065918e-01,-3.185195922851562500e-01,1.581002354621887207e+00,-5.807720422744750977e-01,4.905199408531188965e-01,-6.098340153694152832e-01,-6.896528601646423340e-01,-7.498428821563720703e-01,-4.235719144344329834e-01,2.276872843503952026e-01,4.600911736488342285e-01,6.049926877021789551e-01,1.608494997024536133e+00,0.000000000000000000e+00,-4.910446405410766602e-01,1.184728145599365234e+00,7.462037205696105957e-01,1.389874219894409180e+00,-7.377848029136657715e-01,4.670783281326293945e-01,1.211538553237915039e+00,-2.098290026187896729e-01,1.536017179489135742e+00,1.141554236412048340e+00,-9.554472565650939941e-01,5.513566136360168457e-01,2.460716962814331055e+00,3.581040203571319580e-01,7.405937910079956055e-01,8.755473494529724121e-01,6.027857065200805664e-01,-1.053771972656250000e+00,-4.624428451061248779e-01,4.254629015922546387e-01,-1.694802790880203247e-01,-5.349860787391662598e-01,-2.087377071380615234e+00,6.766781806945800781e-01,1.229011174291372299e-02,4.422205686569213867e-01,-4.079058766365051270e-01,-1.238485127687454224e-01,-1.688146777451038361e-02,-1.248175501823425293e+00,-1.667123556137084961e+00,-2.113230705261230469e+00,-6.065022349357604980e-01,9.516249299049377441e-01,1.713926345109939575e-01,-2.380973100662231445e-01,-1.500368237495422363e+00,0.000000000000000000e+00
-9.673142433166503906e-01,-1.476268410682678223e+00,-1.306724548339843750e+00,-4.647963941097259521e-01,-9.218783974647521973e-01,4.736033678054809570e-01,-1.125639200210571289e+00,-8.250685036182403564e-02,1.245532512664794922e+00,-5.485917329788208008e-01,-1.325221825391054153e-02,-1.189263463020324707e+00,1.864529371261596680e+00,2.303843200206756592e-01,1.273254275321960449e+00,9.129456877708435059e-01,2.419234365224838257e-01,1.876759171485900879e+00,1.703273415565490723e+00,3.258846521377563477e+00,-4.910446405410766602e-01,0.000000000000000000e+00,2.110043525695800781e+00,-3.344711959362030029e-01,-1.890578307211399078e-02,-6.152916550636291504e-01,-1.069197893142700195e+00,7.589445114135742188e-01,1.483637392520904541e-01,1.467236995697021484e+00,2.749021649360656738e-01,6.687692403793334961e-01,-7.146700024604797363e-01,-7.550372481346130371e-01,-2.013011932373046875e+00,-8.895286917686462402e-01,-1.709122300148010254e+00,-1.737685680389404297e+00,3.932370841503143311e-01,-6.786474585533142090e-01,9.244539737701416016e-01,-5.205298066139221191e-01,-4.088836312294006348e-01,1.489122986793518066e+00,-9.774547815322875977e-01,8.177896142005920410e-01,-8.237107396125793457e-01,-1.587647199630737305e+00,-8.117935061454772949e-01,8.029466867446899414e-02,-7.747680544853210449e-01,1.386299967765808105e+00,6.345854997634887695e-01,2.758011817932128906e-01,-2.851223230361938477e+00,-1.505911946296691895e+00,-3.020954430103302002e-01,-1.081523656845092773e+00,0.000000000000000000e+00
1.020311713218688965e+00,-1.068103432655334473e+00,-9.448005557060241699e-01,-1.612429261207580566e+00,-5.668603777885437012e-01,1.598592162132263184e+00,3.872433677315711975e-02,5.613985061645507812e-01,1.127905011177062988e+00,-5.814580246806144714e-02,1.529124006628990173e-02,5.416492223739624023e-01,1.330325126647949219e+00,-3.167789578437805176e-01,5.923647880554199219e-01,-2.880443334579467773e-01,2.333641052246093750e-01,-7.595474720001220703e-01,-1.154666095972061157e-01,7.939375936985015869e-02,1.184728145599365234e+00,2.110043525695800781e+00,0.000000000000000000e+00,1.145938277244567871e+00,9.024327397346496582e-01,5.450948476791381836e-01,-2.336245477199554443e-01,2.665635347366333008e+00,1.198494553565979004e+00,1.223857164382934570e+00,-3.690914213657379150e-01,2.530213594436645508e-01,-9.156341552734375000e-01,-2.271407127380371094e+00,6.251532435417175293e-01,-7.721649408340454102e-01,2.260638475418090820e-01,2.948616147041320801e-01,3.193621337413787842e-01,8.131896853446960449e-01,2.961078882217407227e-01,2.716083228588104248e-01,-2.061930894851684570e+00,5.162477493286132812e-01,4.441139400005340576e-01,-4.332494437694549561e-01,-7.008603811264038086e-01,-4.722327888011932373e-01,-4.563006162643432617e-01,-1.618480682373046875e+00,-6.340418756008148193e-02,-7.974790930747985840e-01,-4.083546698093414307e-01,-2.738456428050994873e-01,-1.890546321868896484e+00,-2.794029116630554199e-01,-1.221520155668258667e-01,-7.875633835792541504e-01,0.000000000000000000e+00
3.151308596134185791e-01,-4.372359216213226318e-01,-8.918362259864807129e-01,-1.583339869976043701e-01,-1.478381395339965820e+00,-1.514965176582336426e+00,-1.979967057704925537e-01,-3.540169894695281982e-01,-1.889107632450759411e-03,-5.876505374908447266e-01,1.244714185595512390e-01,7.175250053405761719e-01,-7.731336951255798340e-01,-1.273317813873291016e+00,-5.714877843856811523e-01,1.552749774418771267e-03,-4.801364839076995850e-01,8.926380276679992676e-01,-1.675152420997619629e+00,8.034903407096862793e-01,7.462037205696105957e-01,-3.344711959362030029e-01,1.145938277244567871e+00,0.000000000000000000e+00,1.048042058944702148e+00,1.089368462562561035e+00,2.992011547088623047e+00,-5.762888789176940918e-01,-9.677525609731674194e-02,1.282923340797424316e+00,7.775366902351379395e-01,2.269185066223144531e+00,3.072541952133178711e-01,1.276791930198669434e+00,-2.295028567314147949e-01,7.182067632675170898e-01,5.198063254356384277e-01,-3.278185322415083647e-04,-1.802922010421752930e+00,-1.527705490589141846e-01,6.672587394714355469e-01,-6.233078241348266602e-01,-1.643979102373123169e-01,4.837676584720611572e-01,-6.523399353027343750e-01,-1.786857008934020996e+00,-6.753431558609008789e-01,-1.601865530014038086e+00,8.899120092391967773e-01,-6.160962581634521484e-01,-1.403006464242935181e-01,-4.528393149375915527e-01,-1.760067680152133107e-04,-6.369025260210037231e-02,-1.017342805862426758e-01,2.270435094833374023e-01,2.515136599540710449e-01,-7.344577312469482422e-01,0.000000000000000000e+00
-8.387780189514160156e-01,-1.804728806018829346e-01,2.666227221488952637e-01,-6.066692471504211426e-01,-2.605706639587879181e-02,1.282257676124572754e+00,1.075572147965431213e-01,9.149121046066284180e-01,-1.253955662250518799e-01,-2.148242950439453125e+00,-3.839869797229766846e-01,9.696169942617416382e-02,3.625815212726593018e-01,-7.727608084678649902e-01,1.128614664077758789e+00,-6.456696987152099609e-01,2.047746181488037109e-01,8.098128437995910645e-01,1.757484912872314453e+00,8.525502085685729980e-01,1.389874219894409180e+00,-1.890578307211399078e-02,9.024327397346496582e-01,1.048042058944702148e+00,0.000000000000000000e+00,2.391746044158935547e+00,5.250741839408874512e-01,1.138188838958740234e+00,-1.989066302776336670e-01,1.526724457740783691e+00,2.956453561782836914e-01,-9.567576050758361816e-01,-5.433632731437683105e-01,1.664046794176101685e-01,-1.437181115150451660e+00,4.475795030593872070e-01,-3.954530358314514160e-01,-1.752508401870727539e+00,8.751853555440902710e-02,9.298802912235260010e-02,5.051346868276596069e-02,1.498970866203308105e+00,2.090144455432891846e-01,1.365171074867248535e+00,-4.300210475921630859e-01,1.130058318376541138e-01,-4.274601936340332031e-01,-3.356989920139312744e-01,-8.712619543075561523e-02,-1.215458631515502930e+00,-1.321904301643371582e+00,-1.264061093330383301e+00,8.661449551582336426e-01,-8.013763464987277985e-03,-1.137046441435813904e-01,-2.502436637878417969e-01,-3.053375780582427979e-01,-5.735216140747070312e-01,0.000000000000000000e+00
4.924028813838958740e-01,-6.104497909545898438e-01,2.213515192270278931e-01,6.393045186996459961e-01,-4.079784750938415527e-01,-2.350235916674137115e-02,-2.219008803367614746e-01,7.662651687860488892e-02,-9.360419511795043945e-01,-7.600119113922119141e-01,-6.864908933639526367e-01,-3.532579243183135986e-01,5.374720096588134766e-01,1.729050576686859131e-01,-7.732048630714416504e-01,-5.609890818595886230e-01,2.192171365022659302e-01,1.489448547363281250e+00,-4.186949431896209717e-01,-1.287933140993118286e-01,-7.377848029136657715e-01,-6.152916550636291504e-01,5.450948476791381836e-01,1.089368462562561035e+00,2.391746044158935547e+00,0.000000000000000000e+00,1.990161180496215820e+00,4.371533691883087158e-01,5.970249176025390625e-01,-9.109986573457717896e-02,-9.771079421043395996e-01,7.745223045349121094e-01,9.323661774396896362e-02,-2.109092473983764648e-02,-1.648366928100585938e+00,8.631044626235961914e-01,1.087258815765380859e+00,-1.856833457946777344e+00,1.133217930793762207e+00,6.210865974426269531e-01,8.694245815277099609e-01,6.851929239928722382e-03,1.337940335273742676e+00,9.265603423118591309e-01,8.130213022232055664e-01,-1.737727671861648560e-01,-1.474206149578094482e-01,-8.353158086538314819e-02,1.202586412429809570e+00,1.145661696791648865e-01,-1.237315177917480469e+00,-4.716611206531524658e-01,1.335421670228242874e-02,2.006377577781677246e-01,-7.906494140625000000e-01,8.432099819183349609e-01,3.523138463497161865e-01,-6.242722868919372559e-01,0.000000000000000000e+00
