0.000000000000000000e+00,1.890875339508056641e+00,1.419889807701110840e+00,-5.061985850334167480e-01,-3.062464594841003418e-01,-1.904385089874267578e-01,-6.967011094093322754e-01,3.740026056766510010e-01,-2.760325074195861816e-01,-1.655323266983032227e+00,7.764555215835571289e-01,-3.468644917011260986e-01,7.697947621345520020e-01,-1.495007753372192383e+00,-3.092091977596282959e-01,-2.805490791797637939e-01,-6.956399679183959961e-01,1.290341496467590332e+00,-1.105261564254760742e+00,1.672491580247879028e-01,-1.955994486808776855e+00,-2.957900464534759521e-01,1.269364476203918457e+00,3.690751492977142334e-01,2.742772921919822693e-02,4.669634401798248291e-01,-7.042722105979919434e-01,-8.541221916675567627e-02,7.647962570190429688e-01,1.929313242435455322e-01,3.987434804439544678e-01,1.048788785934448242e+00,-4.528984427452087402e-01,1.486693859100341797e+00,1.333991289138793945e+00,3.240284696221351624e-02,-5.491980910301208496e-01,6.586097925901412964e-02,1.725244075059890747e-01,5.956694483757019043e-01,5.193699002265930176e-01,-7.751129865646362305e-01,7.446748614311218262e-01,4.661907553672790527e-01,-2.693548917770385742e+00,1.500253230333328247e-01,-1.225575581192970276e-01,-4.806289374828338623e-01,3.034336268901824951e-01,2.611994929611682892e-02,-2.289239645004272461e+00,2.751888036727905273e-01,4.619809985160827637e-02,-6.461290121078491211e-01,1.429060287773609161e-02,1.549321770668029785e+00,-3.316474854946136475e-01,-1.321727395057678223e+00,-1.168188691139221191e+00
1.890875339508056641e+00,0.000000000000000000e+00,8.248167634010314941e-01,-5.076746940612792969e-01,1.965955615043640137e+00,-4.721518754959106445e-01,1.057699203491210938e+00,-8.580726981163024902e-01,-1.489342689514160156e+00,1.613394498825073242e+00,-7.508609890937805176e-01,-5.677005052566528320e-01,7.493372559547424316e-01,4.087886810302734375e-01,-1.615321755409240723e+00,-3.788485527038574219e-01,-1.341673970222473145e+00,-2.564382851123809814e-01,7.786122560501098633e-01,-2.205297201871871948e-01,-8.218677639961242676e-01,-3.653046488761901855e-01,1.057022437453269958e-01,-4.316656291484832764e-01,5.558331608772277832e-01,-1.338090300559997559e+00,-8.172001242637634277e-01,-8.640855550765991211e-01,-6.383577585220336914e-01,-8.487077951431274414e-01,3.775103986263275146e-01,-5.252193808555603027e-01,1.908217549324035645e+00,3.301821947097778320e-01,-5.584770441055297852e-01,3.085080981254577637e-01,7.430540919303894043e-01,6.513399481773376465e-01,5.336637496948242188e-01,1.907704919576644897e-01,-5.811015143990516663e-02,-1.415588259696960449e+00,-2.255194485187530518e-01,-1.241528987884521484e-02,5.746541023254394531e-01,2.889483869075775146e-01,-1.071932911872863770e+00,-3.013713121414184570e+00,7.683960795402526855e-01,5.448670983314514160e-01,8.637222647666931152e-02,1.006214499473571777e+00,6.924156546592712402e-01,-6.143807768821716309e-01,3.697937428951263428e-01,1.761830925941467285e+00,-3.597783623263239861e-03,1.885419130325317383e+00,2.819986045360565186e-01
1.419889807701110840e+00,8.248167634010314941e-01,0.000000000000000000e+00,2.217152833938598633e+00,1.308172941207885742e+00,9.461250305175781250e-01,3.152299523353576660e-01,6.285983324050903320e-01,8.919124603271484375e-01,-8.679671287536621094e-01,5.952252149581909180e-01,-9.455624222755432129e-01,1.273342967033386230e+00,1.110758066177368164e+00,-6.494985818862915039e-01,-9.224628210067749023e-01,2.522805929183959961e-01,1.164169192314147949e+00,2.623929977416992188e-01,-7.663001418113708496e-01,-7.384244203567504883e-01,9.467422366142272949e-01,-1.765509366989135742e+00,-1.690685868263244629e+00,1.253028154373168945e+00,-6.765203475952148438e-01,-2.169249296188354492e+00,-9.898697733879089355e-01,-1.522510647773742676e+00,-5.035257339477539062e-01,1.392427802085876465e+00,3.816871047019958496e-01,8.653910160064697266e-01,-7.961412072181701660e-01,-6.380973756313323975e-02,-3.073020279407501221e-01,-1.505238533020019531e+00,-8.841157555580139160e-01,8.951393961906433105e-01,-1.030918002128601074e+00,1.697813034057617188e+00,-5.421392917633056641e-01,1.265627264976501465e+00,6.883569806814193726e-02,-9.709865599870681763e-02,-1.752430796623229980e+00,-1.162945032119750977e+00,3.845195174217224121e-01,8.942831158638000488e-01,1.858108639717102051e-01,-8.682956099510192871e-01,-1.283054709434509277e+00,4.888262972235679626e-02,9.572144150733947754e-01,4.181526899337768555e-01,-2.332332134246826172e+00,2.282969206571578979e-01,-3.700868785381317139e-01,2.268780767917633057e-01
-5.061985850334167480e-01,-5.076746940612792969e-01,2.217152833938598633e+00,0.000000000000000000e+00,1.072047114372253418e+00,2.368454933166503906e+00,-1.399722248315811157e-01,4.163708984851837158e-01,1.612061858177185059e-01,-1.497410297393798828e+00,1.553229570388793945e+00,-5.126019120216369629e-01,2.336522340774536133e-01,-1.927202582359313965e+00,3.421664237976074219e-01,1.712259173393249512e+00,1.011654853820800781e+00,1.335876226425170898e+00,-1.572739362716674805e+00,-5.001404285430908203e-01,-2.148520231246948242e+00,-1.676681399345397949e+00,3.336420357227325439e-01,6.711863875389099121e-01,-2.597365856170654297e+00,6.877830624580383301e-01,-1.133383393287658691e+00,-5.345790386199951172e-01,-2.488110959529876709e-01,-7.683855891227722168e-01,-9.782224893569946289e-02,8.402798771858215332e-01,-1.540357470512390137e-01,-3.562860786914825439e-01,1.376465082168579102e+00,5.485174655914306641e-01,1.915165781974792480e-01,8.771349787712097168e-01,1.375092625617980957e+00,9.951011538505554199e-01,-3.288701057434082031e+00,1.002284407615661621e+00,-5.417470932006835938e-01,-1.866452693939208984e+00,-1.625391244888305664e+00,1.265447258949279785e+00,-2.452565580606460571e-01,7.831729650497436523e-01,5.589677095413208008e-01,3.022672832012176514e-01,-2.285475730895996094e+00,-6.069645881652832031e-01,-1.692428290843963623e-01,1.287578701972961426e+00,1.004406690597534180e+00,3.338977396488189697e-01,-1.079150319099426270e+00,-5.743533372879028320e-01,-1.207182526588439941e+00
-3.062464594841003418e-01,1.965955615043640137e+00,1.308172941207885742e+00,1.072047114372253418e+00,0.000000000000000000e+00,9.636554121971130371e-01,3.384268522262573242e+00,2.877360582351684570e+00,2.481699138879776001e-01,7.236559987068176270e-01,-1.000768914818763733e-01,-1.237474441528320312e+00,-1.061969757080078125e+00,-1.004573822021484375e+00,-9.254027605056762695e-01,-3.147340118885040283e-01,-1.194465637207031250e+00,-1.359036087989807129e+00,-2.534442842006683350e-01,-4.412719011306762695e-01,-1.873450517654418945e+00,1.158777922391891479e-01,1.804257333278656006e-01,-5.273334980010986328e-01,-1.080984234809875488e+00,-6.630220413208007812e-01,5.646675825119018555e-01,-1.236270427703857422e+00,-2.243432760238647461e+00,8.458739519119262695e-01,-1.751370429992675781e-01,6.133845448493957520e-01,-2.729253768920898438e-01,-8.007527589797973633e-01,3.938741385936737061e-01,5.136057138442993164e-01,-6.798536777496337891e-01,7.037338614463806152e-01,-9.743546247482299805e-01,3.126342594623565674e-01,-8.009155392646789551e-01,9.444528222084045410e-01,-5.581810255534946918e-04,-2.018119543790817261e-01,6.336844712495803833e-02,5.716732144355773926e-01,6.330307722091674805e-01,6.477380990982055664e-01,-8.765382766723632812e-01,6.249444484710693359e-01,8.462526798248291016e-01,1.614864468574523926e+00,-2.186623096466064453e+00,-5.709569454193115234e-01,7.769850492477416992e-01,-2.092927932739257812e+00,-4.033135473728179932e-01,1.038602441549301147e-01,-8.784077167510986328e-01
-1.904385089874267578e-01,-4.721518754959106445e-01,9.461250305175781250e-01,2.368454933166503906e+00,9.636554121971130371e-01,0.000000000000000000e+00,1.975970745086669922e+00,1.231747150421142578e+00,1.190489649772644043e+00,1.665565967559814453e+00,-1.626177072525024414e+00,-2.141807787120342255e-02,-1.598690032958984375e+00,-8.718074560165405273e-01,2.139231443405151367e+00,-6.401956081390380859e-02,-7.993812561035156250e-01,1.131891727447509766e+00,-1.579217433929443359e+00,-4.414905011653900146e-01,2.607742846012115479e-01,-5.692476034164428711e-01,9.547683596611022949e-01,-2.493119835853576660e-01,4.149304330348968506e-01,-8.875370258465409279e-04,3.075562715530395508e-01,4.850154817104339600e-01,-8.411305546760559082e-01,-8.190605044364929199e-01,-9.921354651451110840e-01,1.282454431056976318e-01,-1.435514807701110840e+00,-1.156046986579895020e+00,1.987227320671081543e+00,-3.104217164218425751e-02,-2.031382799148559570e+00,5.722582712769508362e-02,-7.137937098741531372e-02,-5.550762414932250977e-01,-1.527001738548278809e+00,1.092063307762145996e+00,-1.634483456611633301e+00,-3.342043235898017883e-02,-1.445161938667297363e+00,-3.799844980239868164e-01,1.448766142129898071e-01,5.706266760826110840e-01,7.588543742895126343e-02,5.045135021209716797e-01,-8.479990959167480469e-01,-5.817888379096984863e-01,-1.322196424007415771e-01,1.012278556823730469e+00,-7.449244260787963867e-01,-9.096482992172241211e-01,-2.859105467796325684e-01,-1.885006576776504517e-01,-4.067921042442321777e-01
-6.967011094093322754e-01,1.057699203491210938e+00,3.152299523353576660e-01,-1.399722248315811157e-01,3.384268522262573242e+00,1.975970745086669922e+00,0.000000000000000000e+00,2.501086950302124023e+00,-1.351923197507858276e-01,7.381888628005981445e-01,7.569103837013244629e-01,1.255793273448944092e-01,7.263302803039550781e-01,2.315296828746795654e-01,-3.959166407585144043e-01,1.403500884771347046e-01,4.884028434753417969e-01,-4.239539802074432373e-01,-3.440522551536560059e-01,-2.447448372840881348e-01,1.934900879859924316e-02,-4.409057199954986572e-01,1.081127047538757324e+00,-2.028546333312988281e+00,-9.758965373039245605e-01,4.823659956455230713e-01,-4.100964665412902832e-01,-8.814689517021179199e-01,6.355133652687072754e-01,7.872304320335388184e-01,6.549623012542724609e-01,-2.071126461029052734e+00,-3.223042488098144531e-01,3.723698556423187256e-01,-2.235056161880493164e-01,-6.054481267929077148e-01,-1.340873837471008301e+00,1.314926624298095703e+00,4.195709247142076492e-03,-1.364763379096984863e+00,-3.626966774463653564e-01,-2.017783522605895996e-01,-3.956977427005767822e-01,-2.600711584091186523e-01,2.423318028450012207e-01,-3.362529277801513672e-01,5.149497389793395996e-01,-3.132500052452087402e-01,-4.847430884838104248e-01,-2.367476560175418854e-02,1.229578733444213867e+00,-5.400708317756652832e-02,-1.520639061927795410e+00,-2.401738911867141724e-01,5.026350021362304688e-01,-2.264881849288940430e+00,1.091276645660400391e+00,-4.111511707305908203e-01,1.081848330795764923e-02
3.740026056766510010e-01,-8.580726981163024902e-01,6.285983324050903320e-01,4.163708984851837158e-01,2.877360582351684570e+00,1.231747150421142578e+00,2.501086950302124023e+00,0.000000000000000000e+00,1.073082804679870605e+00,-1.156598448753356934e+00,-9.519411623477935791e-02,5.845578312873840332e-01,-2.892614006996154785e-01,-1.371369838714599609e+00,1.111568093299865723e+00,-9.580802917480468750e-01,-2.126213759183883667e-01,9.750750064849853516e-01,-8.264334797859191895e-01,4.599697887897491455e-01,4.747469723224639893e-01,3.421994447708129883e-01,1.606540799140930176e+00,1.027985289692878723e-01,3.060868978500366211e-01,-1.551927328109741211e-01,6.226275563240051270e-01,-1.907197117805480957e+00,-3.692341148853302002e-01,1.371336817741394043e+00,-2.772923409938812256e-01,-4.745552837848663330e-01,-1.013685986399650574e-01,-2.450256794691085815e-01,-8.395638465881347656e-01,-9.859166145324707031e-01,-4.401543736457824707e-01,1.106957674026489258e+00,6.797519922256469727e-01,-6.210678815841674805e-01,-8.717048764228820801e-01,1.087216854095458984e+00,-1.781320333480834961e+00,3.482640488073229790e-03,9.612660408020019531e-01,-1.206050872802734375e+00,6.666902452707290649e-03,3.479986786842346191e-01,1.300548315048217773e+00,-1.369107007980346680e+00,-3.464045226573944092e-01,-8.369775414466857910e-01,-1.583869934082031250e+00,-1.058863878250122070e+00,-1.309141159057617188e+00,-7.728650569915771484e-01,-1.759576499462127686e-01,-9.624359011650085449e-01,1.120482087135314941e+00
-2.760325074195861816e-01,-1.489342689514160156e+00,8.919124603271484375e-01,1.612061858177185059e-01,2.481699138879776001e-01,1.190489649772644043e+00,-1.351923197507858276e-01,1.073082804679870605e+00,0.000000000000000000e+00,1.584228754043579102e+00,-1.920019984245300293e-01,1.598489046096801758e+00,-2.188935995101928711e+00,1.166614651679992676e+00,2.025296449661254883e+00,-7.485333085060119629e-01,4.260721504688262939e-01,9.502076506614685059e-01,-6.713000535964965820e-01,1.268639087677001953e+00,7.158259749412536621e-01,7.626219987869262695e-01,-3.956460058689117432e-01,-5.619369149208068848e-01,2.457524836063385010e-01,-2.324674874544143677e-01,-1.733625531196594238e-01,-1.161168515682220459e-01,6.205792427062988281e-01,8.832299709320068359e-01,-4.000664651393890381e-01,-1.141991257667541504e+00,-1.000096678733825684e+00,-7.294484972953796387e-01,-1.716208934783935547e+00,-1.657413005828857422e+00,-1.450395941734313965e+00,-1.167795896530151367e+00,-1.286249518394470215e+00,-3.700331151485443115e-01,-4.130729436874389648e-01,-8.681144118309020996e-01,-8.261157870292663574e-01,-1.945760548114776611e-01,-4.649761915206909180e-01,-1.888443231582641602e-01,3.780896067619323730e-01,1.378238320350646973e+00,-1.182858109474182129e+00,-1.239411115646362305e+00,-3.060526959598064423e-02,-1.543461441993713379e+00,9.336544871330261230e-01,2.972816526889801025e-01,-4.724432528018951416e-02,2.108693867921829224e-01,1.000529289245605469e+00,-5.146721377968788147e-02,2.802217900753021240e-01
-1.655323266983032227e+00,1.613394498825073242e+00,-8.679671287536621094e-01,-1.497410297393798828e+00,7.236559987068176270e-01,1.665565967559814453e+00,7.381888628005981445e-01,-1.156598448753356934e+00,1.584228754043579102e+00,0.000000000000000000e+00,2.991335868835449219e+00,7.444559335708618164e-01,2.231903553009033203e+00,6.246834397315979004e-01,8.168789148330688477e-01,-1.514215111732482910e+00,-3.072170019149780273e-01,-1.333614587783813477e+00,-1.435689806938171387e+00,3.587683737277984619e-01,1.844833850860595703e+00,-8.881943225860595703e-01,6.910216808319091797e-01,-7.565366625785827637e-01,-7.189926505088806152e-01,-2.479691982269287109e+00,-5.308646559715270996e-01,-2.046189308166503906e-01,9.281439781188964844e-01,-1.557408332824707031e+00,3.854257464408874512e-01,-6.753157377243041992e-01,1.166283249855041504e+00,-3.578320145606994629e-02,-6.230419278144836426e-01,-2.736071944236755371e-01,-7.501164078712463379e-02,-1.270122170448303223e+00,3.833841383457183838e-01,-1.255819667130708694e-02,-1.164441823959350586e+00,-2.983530163764953613e-01,-6.397113800048828125e-01,2.144689261913299561e-01,-5.189227461814880371e-01,2.365278899669647217e-01,-1.444662809371948242e+00,2.275391295552253723e-02,-1.834200620651245117e+00,-1.175228238105773926e+00,2.464708089828491211e+00,-7.162862420082092285e-01,-1.327578902244567871e+00,5.043405294418334961e-01,-5.760673880577087402e-01,-9.365491271018981934e-01,7.382811903953552246e-01,-8.139103651046752930e-01,-3.401631116867065430e-02
7.764555215835571289e-01,-7.508609890937805176e-01,5.952252149581909180e-01,1.553229570388793945e+00,-1.000768914818763733e-01,-1.626177072525024414e+00,7.569103837013244629e-01,-9.519411623477935791e-02,-1.920019984245300293e-01,2.991335868835449219e+00,0.000000000000000000e+00,1.789937466382980347e-01,1.522844076156616211e+00,1.941556453704833984e+00,-9.939777851104736328e-01,-4.368827342987060547e-01,-4.852597713470458984e-01,6.871477365493774414e-01,1.658972501754760742e-01,-6.820738315582275391e-01,-3.273775577545166016e-01,6.268907785415649414e-01,-3.528016805648803711e-01,8.584876656532287598e-01,-1.898286223411560059e+00,-1.085890009999275208e-01,1.068972200155258179e-01,-5.314406156539916992e-01,-3.461908698081970215e-01,-7.619428038597106934e-01,6.897816658020019531e-01,4.744144082069396973e-01,2.994313836097717285e-01,1.451801419258117676e+00,-2.076024189591407776e-02,-7.727914303541183472e-02,3.481489121913909912e-01,9.567503333091735840e-01,5.406684279441833496e-01,5.071822404861450195e-01,-9.319092035293579102e-01,3.935222923755645752e-01,6.813008189201354980e-01,-1.759410381317138672e+00,-7.029588818550109863e-01,-7.020479440689086914e-01,-4.520281553268432617e-01,-1.458197593688964844e+00,-7.940899580717086792e-02,1.943903684616088867e+00,-5.313386321067810059e-01,3.358700871467590332e-01,5.461965203285217285e-01,1.133373379707336426e+00,5.882056355476379395e-01,3.260028362274169922e-01,-7.709806561470031738e-01,6.428865790367126465e-01,-1.532695293426513672e+00
-3.468644917011260986e-01,-5.677005052566528320e-01,-9.455624222755432129e-01,-5.126019120216369629e-01,-1.237474441528320312e+00,-2.141807787120342255e-02,1.255793273448944092e-01,5.845578312873840332e-01,1.598489046096801758e+00,7.444559335708618164e-01,1.789937466382980347e-01,0.000000000000000000e+00,-5.415057539939880371e-01,1.358104109764099121e+00,2.635758161544799805e+00,3.973459824919700623e-02,1.929636478424072266e+00,-8.620331436395645142e-02,-2.073116451501846313e-01,-6.581012606620788574e-01,5.857364535331726074e-01,-3.344161808490753174e-01,2.708720862865447998e-01,5.339393019676208496e-01,2.654191553592681885e-01,5.734710767865180969e-02,-4.569372236728668213e-01,3.125465810298919678e-01,4.901656508445739746e-01,4.771687835454940796e-02,-4.601223468780517578e-01,4.191311001777648926e-01,-4.255326464772224426e-02,-1.177721381187438965e+00,-3.449482619762420654e-01,-1.320067167282104492e+00,-2.746633589267730713e-01,-3.363201320171356201e-01,-5.363596677780151367e-01,-3.989579975605010986e-01,-2.097927778959274292e-01,-1.095679521560668945e+00,-9.995961189270019531e-01,-1.845568567514419556e-01,4.723441898822784424e-01,4.862911105155944824e-01,-2.757814526557922363e-01,-6.015397310256958008e-01,-6.175197362899780273e-01,-2.337790727615356445e-01,-1.033131703734397888e-01,3.220830261707305908e-01,-8.520793914794921875e-02,-2.751996219158172607e-01,-4.001134932041168213e-01,-6.600397229194641113e-01,1.198341622948646545e-01,-1.843449771404266357e-01,-1.655021309852600098e-02
7.697947621345520020e-01,7.493372559547424316e-01,1.273342967033386230e+00,2.336522340774536133e-01,-1.061969757080078125e+00,-1.598690032958984375e+00,7.263302803039550781e-01,-2.892614006996154785e-01,-2.188935995101928711e+00,2.231903553009033203e+00,1.522844076156616211e+00,-5.415057539939880371e-01,0.000000000000000000e+00,2.021830320358276367e+00,-5.201829075813293457e-01,-8.002401590347290039e-01,-9.236624836921691895e-01,-5.016311407089233398e-01,1.847167730331420898e+00,-3.837684541940689087e-02,4.571400284767150879e-01,5.438466072082519531e-01,4.546030759811401367e-01,5.152332410216331482e-02,1.198121190071105957e+00,7.664363384246826172e-01,1.129684209823608398e+00,1.139668300747871399e-01,-6.187699437141418457e-01,-2.356850653886795044e-01,-5.127567648887634277e-01,4.453825652599334717e-01,1.237598419189453125e+00,-1.042449474334716797e+00,5.516499876976013184e-01,1.498093605041503906e-01,9.592899084091186523e-01,-2.296115398406982422e+00,-1.135336160659790039e+00,8.612324297428131104e-02,7.989791780710220337e-02,-1.380157828330993652e+00,-9.097445011138916016e-02,-1.475772112607955933e-01,-5.868729948997497559e-01,-3.026720583438873291e-01,3.499184250831604004e-01,-7.457906007766723633e-01,-6.009534746408462524e-02,-8.559457957744598389e-03,1.124477624893188477e+00,2.306287139654159546e-01,-1.264694929122924805e-01,-4.835200607776641846e-01,1.196475863456726074e+00,-4.219965338706970215e-01,-1.688541471958160400e-01,5.765045434236526489e-02,-4.916066825389862061e-01
-1.495007753372192383e+00,4.087886810302734375e-01,1.110758066177368164e+00,-1.927202582359313965e+00,-1.004573822021484375e+00,-8.718074560165405273e-01,2.315296828746795654e-01,-1.371369838714599609e+00,1.166614651679992676e+00,6.246834397315979004e-01,1.941556453704833984e+00,1.358104109764099121e+00,2.021830320358276367e+00,0.000000000000000000e+00,1.395259618759155273e+00,3.543646335601806641e+00,1.156495571136474609e+00,1.143082261085510254e+00,-1.593120574951171875e+00,4.184834957122802734e-01,2.283527255058288574e-01,1.486690342426300049e-01,4.431574344635009766e-01,3.685862123966217041e-01,-1.325893521308898926e+00,1.153213717043399811e-02,-4.913346171379089355e-01,-7.453484535217285156e-01,-1.145617127418518066e+00,-6.615468114614486694e-02,-8.320725709199905396e-02,-1.202985271811485291e-01,-1.085643053054809570e+00,-1.151006698608398438e+00,-1.550200134515762329e-01,-8.875820636749267578e-01,5.451587587594985962e-02,-1.996500134468078613e+00,8.196160793304443359e-01,-4.378708004951477051e-01,-2.435702323913574219e+00,-1.525029182434082031e+00,5.987911820411682129e-01,3.733997046947479248e-02,2.658770978450775146e-01,7.431908249855041504e-01,-1.036011695861816406e+00,-7.356884423643350601e-03,-7.883772253990173340e-01,-1.028050541877746582e+00,-5.467076227068901062e-02,-6.064522862434387207e-01,-1.622209072113037109e+00,-4.866081774234771729e-01,-8.308188319206237793e-01,2.308107137680053711e+00,7.591297030448913574e-01,5.842469334602355957e-01,5.396391749382019043e-01
-3.092091977596282959e-01,-1.615321755409240723e+00,-6.494985818862915039e-01,3.421664237976074219e-01,-9.254027605056762695e-01,2.139231443405151367e+00,-3.959166407585144043e-01,1.111568093299865723e+00,2.025296449661254883e+00,8.168789148330688477e-01,-9.939777851104736328e-01,2.635758161544799805e+00,-5.201829075813293457e-01,1.395259618759155273e+00,0.000000000000000000e+00,2.071815915405750275e-02,8.377899527549743652e-01,9.970346093177795410e-01,-3.772614002227783203e-01,8.634674549102783203e-01,2.515569925308227539e-01,4.779239296913146973e-01,4.745035618543624878e-02,-3.855882287025451660e-01,1.209620952606201172e+00,4.506180882453918457e-01,-3.790616095066070557e-01,-5.071352049708366394e-02,-4.737238585948944092e-01,4.645363688468933105e-01,7.741573452949523926e-01,-6.196978501975536346e-03,-1.190697431564331055e+00,-2.614469528198242188e+00,-1.531531810760498047e-01,-1.546093583106994629e+00,-1.530919551849365234e+00,-6.022466421127319336e-01,-3.457332253456115723e-01,-2.874138355255126953e-01,-9.723367542028427124e-02,-1.681065917015075684e+00,5.598929524421691895e-01,-1.997744441032409668e-01,7.281553149223327637e-01,-3.266241550445556641e-01,1.172031089663505554e-01,4.968638122081756592e-01,-1.137821912765502930e+00,1.397878080606460571e-01,-1.597826778888702393e-01,-9.588176608085632324e-01,-9.440308213233947754e-01,-1.340654343366622925e-01,-8.606110811233520508e-01,-9.812716841697692871e-01,1.013045981526374817e-01,-3.656968176364898682e-01,-7.760571837425231934e-01
-2.805490791797637939e-01,-3.788485527038574219e-01,-9.224628210067749023e-01,1.712259173393249512e+00,-3.147340118885040283e-01,-6.401956081390380859e-02,1.403500884771347046e-01,-9.580802917480468750e-01,-7.485333085060119629e-01,-1.514215111732482910e+00,-4.368827342987060547e-01,3.973459824919700623e-02,-8.002401590347290039e-01,3.543646335601806641e+00,2.071815915405750275e-02,0.000000000000000000e+00,-2.710012793540954590e-01,1.259739160537719727e+00,-7.821291089057922363e-01,3.279585242271423340e-01,-4.144218921661376953e+00,-9.417706131935119629e-01,3.324318528175354004e-01,5.904824733734130859e-01,-5.892155766487121582e-01,-4.649560141842812300e-04,1.167509555816650391e+00,2.871023118495941162e-01,2.028923779726028442e-01,1.745936512947082520e+00,-1.796844959259033203e+00,2.142205238342285156e-01,-1.578068286180496216e-01,5.383381247520446777e-01,3.156776726245880127e-01,1.789447665214538574e+00,1.209786891937255859e+00,-2.178327798843383789e+00,4.878996014595031738e-01,1.306922078132629395e+00,-5.532266497611999512e-01,8.349213004112243652e-01,5.138304829597473145e-02,-6.297748684883117676e-01,-5.305609703063964844e-01,2.787900865077972412e-01,-8.467202782630920410e-01,1.323821306228637695e+00,-3.188262879848480225e-01,4.908737540245056152e-01,6.333671212196350098e-01,-1.047788500785827637e+00,1.160341426730155945e-01,-2.022771358489990234e+00,8.400659561157226562e-01,1.614887863397598267e-01,-6.476711481809616089e-02,-1.910948753356933594e-01,-8.784603476524353027e-01
-6.956399679183959961e-01,-1.341673970222473145e+00,2.522805929183959961e-01,1.011654853820800781e+00,-1.194465637207031250e+00,-7.993812561035156250e-01,4.884028434753417969e-01,-2.126213759183883667e-01,4.260721504688262939e-01,-3.072170019149780273e-01,-4.852597713470458984e-01,1.929636478424072266e+00,-9.236624836921691895e-01,1.156495571136474609e+00,8.377899527549743652e-01,-2.710012793540954590e-01,0.000000000000000000e+00,-2.725422680377960205e-01,-2.621697485446929932e-01,8.287795782089233398e-01,-1.089651212096214294e-01,-5.677250623703002930e-01,9.974402785301208496e-01,-4.355243965983390808e-02,1.821584254503250122e-01,7.996039390563964844e-01,4.402627944946289062e-01,7.737119793891906738e-01,2.835685312747955322e-01,8.470364809036254883e-01,2.673178613185882568e-01,-1.825953274965286255e-01,-1.100779175758361816e+00,3.928074613213539124e-02,-9.497587680816650391e-01,-4.029885828495025635e-01,-9.581419825553894043e-01,-6.235039830207824707e-01,4.852320253849029541e-01,-2.871163487434387207e-01,-3.875707983970642090e-01,-8.544722795486450195e-01,3.786957263946533203e-01,3.815038800239562988e-01,5.564188212156295776e-02,-4.257302284240722656e-01,5.116146802902221680e-01,-7.109417319297790527e-01,-3.164488971233367920e-01,-5.514977574348449707e-01,-5.390827655792236328e-01,8.928797841072082520e-01,9.919133782386779785e-01,4.300448596477508545e-01,2.198268771171569824e-01,-6.558507084846496582e-01,-5.001743435859680176e-01,-8.315407037734985352e-01,-1.275350153446197510e-01
1.290341496467590332e+00,-2.564382851123809814e-01,1.164169192314147949e+00,1.335876226425170898e+00,-1.359036087989807129e+00,1.131891727447509766e+00,-4.239539802074432373e-01,9.750750064849853516e-01,9.502076506614685059e-01,-1.333614587783813477e+00,6.871477365493774414e-01,-8.620331436395645142e-02,-5.016311407089233398e-01,1.143082261085510254e+00,9.970346093177795410e-01,1.259739160537719727e+00,-2.725422680377960205e-01,0.000000000000000000e+00,2.201389968395233154e-01,1.599206686019897461e+00,1.318751454353332520e+00,6.851940751075744629e-01,3.783955872058868408e-01,3.579915761947631836e-01,2.459845244884490967e-01,8.679732680320739746e-01,1.885214000940322876e-01,4.877663254737854004e-01,-1.969619244337081909e-01,2.101557403802871704e-01,-3.303008377552032471e-01,5.398431420326232910e-01,1.023604627698659897e-02,-1.493792057037353516e+00,-1.341729283332824707e+00,-3.887558281421661377e-01,6.177254915237426758e-01,3.604651242494583130e-02,-1.197883605957031250e+00,-7.812692970037460327e-02,-4.707459211349487305e-01,-2.436665773391723633e+00,-8.947471976280212402e-01,-3.139666020870208740e-01,-1.295725822448730469e+00,3.869474530220031738e-01,4.246132671833038330e-01,1.909737110137939453e+00,-1.802649945020675659e-01,1.134825870394706726e-01,3.764068707823753357e-02,-1.305061697959899902e+00,1.107583120465278625e-01,-1.026461005210876465e+00,-1.235610008239746094e+00,1.114232182502746582e+00,-3.418475985527038574e-01,-1.995586991310119629e+00,-2.955586016178131104e-01
-1.105261564254760742e+00,7.786122560501098633e-01,2.623929977416992188e-01,-1.572739362716674805e+00,-2.534442842006683350e-01,-1.579217433929443359e+00,-3.440522551536560059e-01,-8.264334797859191895e-01,-6.713000535964965820e-01,-1.435689806938171387e+00,1.658972501754760742e-01,-2.073116451501846313e-01,1.847167730331420898e+00,-1.593120574951171875e+00,-3.772614002227783203e-01,-7.821291089057922363e-01,-2.621697485446929932e-01,2.201389968395233154e-01,0.000000000000000000e+00,9.023858606815338135e-02,6.015379428863525391e-01,-6.628040075302124023e-01,-1.916628122329711914e+00,-7.967148423194885254e-01,2.007244586944580078e+00,9.833325743675231934e-01,2.791422307491302490e-01,1.088716030120849609e+00,9.655964970588684082e-01,1.457132458686828613e+00,4.041350483894348145e-01,5.277397036552429199e-01,-9.744247794151306152e-01,-1.266457233577966690e-02,4.572335481643676758e-01,1.228045001626014709e-01,-1.132791861891746521e-01,9.751749634742736816e-01,6.695609092712402344e-01,1.970452070236206055e+00,1.624251842498779297e+00,-1.522809624671936035e+00,1.039751529693603516e+00,1.009607434272766113e+00,8.188205957412719727e-01,1.267488837242126465e+00,-2.725399136543273926e-01,-1.494287371635437012e+00,-1.598855495452880859e+00,-5.685585141181945801e-01,9.455025196075439453e-01,7.545531988143920898e-01,-8.016972541809082031e-01,-7.380263414233922958e-03,-2.547088079154491425e-02,1.001507043838500977e+00,5.108759179711341858e-02,6.440988183021545410e-01,1.962780766189098358e-02
1.672491580247879028e-01,-2.205297201871871948e-01,-7.663001418113708496e-01,-5.001404285430908203e-01,-4.412719011306762695e-01,-4.414905011653900146e-01,-2.447448372840881348e-01,4.599697887897491455e-01,1.268639087677001953e+00,3.587683737277984619e-01,-6.820738315582275391e-01,-6.581012606620788574e-01,-3.837684541940689087e-02,4.184834957122802734e-01,8.634674549102783203e-01,3.279585242271423340e-01,8.287795782089233398e-01,1.599206686019897461e+00,9.023858606815338135e-02,0.000000000000000000e+00,1.685347199440002441e+00,2.312640428543090820e+00,1.040063023567199707e+00,7.126522064208984375e-01,8.919206857681274414e-01,4.346801042556762695e-01,8.960208296775817871e-02,-4.860178753733634949e-02,-2.470640689134597778e-01,5.278238654136657715e-01,-4.296710789203643799e-01,-1.445682942867279053e-01,-1.130033969879150391e+00,-1.246229410171508789e+00,-1.211951851844787598e+00,-5.509313941001892090e-01,-5.309715867042541504e-01,-7.733741402626037598e-01,-9.380006790161132812e-01,8.828904479742050171e-03,5.879522562026977539e-01,-7.325708270072937012e-01,-1.127810835838317871e+00,-7.739655971527099609e-01,-6.006232500076293945e-01,-3.928209245204925537e-01,4.231742620468139648e-01,1.783140003681182861e-01,4.198924079537391663e-02,-7.306376099586486816e-01,-4.178502261638641357e-01,-1.225090742111206055e+00,-6.416565775871276855e-01,-6.533038616180419922e-01,-2.074124664068222046e-01,1.533887237310409546e-01,1.604597449302673340e+00,-1.267428040504455566e+00,3.867641985416412354e-01
-1.955994486808776855e+00,-8.218677639961242676e-01,-7.384244203567504883e-01,-2.148520231246948242e+00,-1.873450517654418945e+00,2.607742846012115479e-01,1.934900879859924316e-02,4.747469723224639893e-01,7.158259749412536621e-01,1.844833850860595703e+00,-3.273775577545166016e-01,5.857364535331726074e-01,4.571400284767150879e-01,2.283527255058288574e-01,2.515569925308227539e-01,-4.144218921661376953e+00,-1.089651212096214294e-01,1.318751454353332520e+00,6.015379428863525391e-01,1.685347199440002441e+00,0.000000000000000000e+00,1.018353581428527832e+00,7.618265151977539062e-01,-3.445280194282531738e-01,1.918133258819580078e+00,-1.294353961944580078e+00,-1.107357501983642578e+00,1.129594087600708008e+00,1.602555871009826660e+00,9.194854497909545898e-01,5.216823816299438477e-01,-1.620032429695129395e+00,-4.187392294406890869e-01,1.432287216186523438e+00,3.890685439109802246e-01,5.832313895225524902e-01,4.927291870117187500e-01,1.108028531074523926e+00,-1.115015983581542969e+00,-9.640434980392456055e-01,3.184694647789001465e-01,-1.361031174659729004e+00,4.956048429012298584e-01,7.408233880996704102e-01,-1.824191063642501831e-01,-5.837913155555725098e-01,-1.148502469062805176e+00,-1.344380736351013184e+00,-2.368119545280933380e-02,-8.175432085990905762e-01,-3.011129379272460938e+00,-6.941843032836914062e-02,3.107110261917114258e-01,1.525051116943359375e+00,1.365142464637756348e+00,-9.319810867309570312e-01,7.044072151184082031e-01,-1.140334248542785645e+00,3.161291778087615967e-01
-2.957900464534759521e-01,-3.653046488761901855e-01,9.467422366142272949e-01,-1.676681399345397949e+00,1.158777922391891479e-01,-5.692476034164428711e-01,-4.409057199954986572e-01,3.421994447708129883e-01,7.626219987869262695e-01,-8.881943225860595703e-01,6.268907785415649414e-01,-3.344161808490753174e-01,5.438466072082519531e-01,1.486690342426300049e-01,4.779239296913146973e-01,-9.417706131935119629e-01,-5.677250623703002930e-01,6.851940751075744629e-01,-6.628040075302124023e-01,2.312640428543090820e+00,1.018353581428527832e+00,0.000000000000000000e+00,-9.924166649580001831e-02,1.679706335067749023e+00,-3.154391944408416748e-01,-1.230350255966186523e+00,2.861133515834808350e-01,1.361072659492492676e+00,4.439675509929656982e-01,-2.565473020076751709e-01,-2.877914011478424072e-01,2.342109940946102142e-02,1.011089682579040527e+00,1.131722211837768555e+00,-3.863904476165771484e-01,-8.970582485198974609e-01,-1.263383984565734863e+00,-2.962763607501983643e-01,-1.076491549611091614e-01,3.045973479747772217e-01,4.245302677154541016e-01,-7.030804157257080078e-01,1.550834327936172485e-01,-1.747810840606689453e-01,-1.553940922021865845e-01,8.466080427169799805e-01,-4.741622209548950195e-01,1.319200992584228516e-01,-1.340512871742248535e+00,-3.121929764747619629e-01,-1.653916686773300171e-01,-9.357887506484985352e-01,-4.110000729560852051e-01,-1.072558015584945679e-01,-9.608744382858276367e-01,1.994284391403198242e-01,4.060351848602294922e-01,-1.462370008230209351e-01,-1.312827169895172119e-01
1.269364476203918457e+00,1.057022437453269958e-01,-1.765509366989135742e+00,3.336420357227325439e-01,1.804257333278656006e-01,9.547683596611022949e-01,1.081127047538757324e+00,1.606540799140930176e+00,-3.956460058689117432e-01,6.910216808319091797e-01,-3.528016805648803711e-01,2.708720862865447998e-01,4.546030759811401367e-01,4.431574344635009766e-01,4.745035618543624878e-02,3.324318528175354004e-01,9.974402785301208496e-01,3.783955872058868408e-01,-1.916628122329711914e+00,1.040063023567199707e+00,7.618265151977539062e-01,-9.924166649580001831e-02,0.000000000000000000e+00,6.786928772926330566e-01,8.143334984779357910e-01,-2.388149797916412354e-01,5.187962055206298828e-01,2.720767259597778320e+00,8.687546849250793457e-01,1.265641212463378906e+00,1.511674076318740845e-01,-7.493670582771301270e-01,-2.228686332702636719e+00,-2.199262380599975586e+00,-6.612019240856170654e-02,-1.770046234130859375e+00,-2.117147445678710938e+00,-1.233433932065963745e-02,4.325137138366699219e-01,4.641245901584625244e-01,1.082876443862915039e+00,5.050050616264343262e-01,-2.165463209152221680e+00,-5.539107918739318848e-01,3.509456515312194824e-01,-2.008513510227203369e-01,1.299723029136657715e+00,-1.841207146644592285e+00,-3.401981899514794350e-03,-1.956565737724304199e+00,3.333690762519836426e-01,-1.610738635063171387e+00,-1.502217054367065430e-01,5.464346408843994141e-01,-3.415968418121337891e-01,3.474413752555847168e-01,4.496168494224548340e-01,-8.747222423553466797e-01,-2.196279048919677734e+00
3.690751492977142334e-01,-4.316656291484832764e-01,-1.690685868263244629e+00,6.711863875389099121e-01,-5.273334980010986328e-01,-2.493119835853576660e-01,-2.028546333312988281e+00,1.027985289692878723e-01,-5.619369149208068848e-01,-7.565366625785827637e-01,8.584876656532287598e-01,5.339393019676208496e-01,5.152332410216331482e-02,3.685862123966217041e-01,-3.855882287025451660e-01,5.904824733734130859e-01,-4.355243965983390808e-02,3.579915761947631836e-01,-7.967148423194885254e-01,7.126522064208984375e-01,-3.445280194282531738e-01,1.679706335067749023e+00,6.786928772926330566e-01,0.000000000000000000e+00,6.033357977867126465e-01,8.117653131484985352e-01,2.819624900817871094e+00,5.040438771247863770e-01,-2.048185318708419800e-01,1.230354905128479004e+00,-1.744240045547485352e+00,-8.742800951004028320e-01,3.032363653182983398e-01,5.637003183364868164e-01,-1.361499875783920288e-01,9.427700638771057129e-01,-5.918673872947692871e-01,-1.965811729431152344e+00,-2.302853167057037354e-01,1.357623696327209473e+00,-3.977463543415069580e-01,-7.379190921783447266e-01,-5.633910894393920898e-01,3.362976312637329102e-01,-1.396413445472717285e+00,1.392033323645591736e-02,1.324917227029800415e-01,-1.459321826696395874e-01,1.435628175735473633e+00,-1.511238608509302139e-02,6.874262094497680664e-01,-1.909364908933639526e-01,-1.580482274293899536e-01,-7.421045899391174316e-01,3.429873287677764893e-01,-9.417039901018142700e-02,7.116264700889587402e-01,-1.853895187377929688e+00,7.824032306671142578e-01
2.742772921919822693e-02,5.558331608772277832e-01,1.253028154373168945e+00,-2.597365856170654297e+00,-1.080984234809875488e+00,4.149304330348968506e-01,-9.758965373039245605e-01,3.060868978500366211e-01,2.457524836063385010e-01,-7.189926505088806152e-01,-1.898286223411560059e+00,2.654191553592681885e-01,1.198121190071105957e+00,-1.325893521308898926e+00,1.209620952606201172e+00,-5.892155766487121582e-01,1.821584254503250122e-01,2.459845244884490967e-01,2.007244586944580078e+00,8.919206857681274414e-01,1.918133258819580078e+00,-3.154391944408416748e-01,8.143334984779357910e-01,6.033357977867126465e-01,0.000000000000000000e+00,1.607018351554870605e+00,3.669087588787078857e-01,2.155620336532592773e+00,1.327017188072204590e+00,1.599276900291442871e+00,-1.118440508842468262e+00,-9.858528524637222290e-02,4.506779909133911133e-01,-1.413653373718261719e+00,-1.332711279392242432e-01,6.110235452651977539e-01,2.736022137105464935e-02,-2.499768733978271484e+00,-3.810316026210784912e-01,1.113762259483337402e+00,1.727146562188863754e-03,1.059736728668212891e+00,4.823195338249206543e-01,-2.280699968338012695e+00,-1.224991321563720703e+00,4.451201260089874268e-01,-1.637105226516723633e+00,1.886914856731891632e-02,-1.192973375320434570e+00,-1.161546587944030762e+00,-6.960213184356689453e-01,-1.116369962692260742e+00,-1.192691087722778320e+00,5.260958671569824219e-01,1.669015049934387207e+00,1.982132941484451294e-01,-1.248095706105232239e-01,-7.338730096817016602e-01,1.084586620330810547e+00
4.669634401798248291e-01,-1.338090300559997559e+00,-6.765203475952148438e-01,6.877830624580383301e-01,-6.630220413208007812e-01,-8.875370258465409279e-04,4.823659956455230713e-01,-1.551927328109741211e-01,-2.324674874544143677e-01,-2.479691982269287109e+00,-1.085890009999275208e-01,5.734710767865180969e-02,7.664363384246826172e-01,1.153213717043399811e-02,4.506180882453918457e-01,-4.649560141842812300e-04,7.996039390563964844e-01,8.679732680320739746e-01,9.833325743675231934e-01,4.346801042556762695e-01,-1.294353961944580078e+00,-1.230350255966186523e+00,-2.388149797916412354e-01,8.117653131484985352e-01,1.607018351554870605e+00,0.000000000000000000e+00,8.821317553520202637e-01,-8.396840095520019531e-01,-8.305967599153518677e-02,5.608795881271362305e-01,-9.059739708900451660e-01,-1.375156342983245850e-01,6.096686720848083496e-01,7.147166132926940918e-01,-7.061559557914733887e-01,1.347192406654357910e+00,8.285703063011169434e-01,-1.352893412113189697e-01,1.747090816497802734e+00,9.198080897331237793e-01,7.743332386016845703e-01,1.026933312416076660e+00,9.598889946937561035e-01,-8.288026452064514160e-01,-3.342007994651794434e-01,-4.020346999168395996e-01,-2.388797044754028320e+00,3.275490999221801758e-01,1.187142848968505859e+00,3.874354958534240723e-01,-4.015095531940460205e-01,-9.860282391309738159e-02,-3.478820919990539551e-01,-3.945229202508926392e-02,-4.849327802658081055e-01,1.615640044212341309e+00,5.839576125144958496e-01,-1.529208570718765259e-01,2.667181789875030518e-01
