0.000000000000000000e+00,2.551815509796142578e+00,1.654524803161621094e+00,1.328040212392807007e-01,8.185690641403198242e-01,-5.341129302978515625e-01,-4.885208606719970703e-01,3.535522148013114929e-02,-1.998351365327835083e-01,-6.994130015373229980e-01,-6.378233432769775391e-01,-4.918206334114074707e-01,-4.670536518096923828e-01,1.807036995887756348e-02,-3.086403608322143555e-01,-3.410142660140991211e-01,4.364210665225982666e-01,-5.274674296379089355e-01,-6.519925594329833984e-02,-6.759527921676635742e-01,3.698886334896087646e-01,-1.373384952545166016e+00,5.677329301834106445e-01,-9.748563170433044434e-03,-1.665685772895812988e+00,-4.459685832262039185e-02,-1.192600607872009277e+00,1.822469979524612427e-01,4.685302376747131348e-01,7.545344531536102295e-02,1.026590824127197266e+00,6.770112514495849609e-01,-8.639956265687942505e-02,7.678228020668029785e-01,1.112592697143554688e+00,-1.708359122276306152e+00,-7.533087134361267090e-01,1.253332495689392090e+00,-2.033935785293579102e-01,2.620413601398468018e-01,-6.328957676887512207e-01,-9.066470861434936523e-01,5.896428823471069336e-01,-1.606805771589279175e-01,3.795657306909561157e-02,-4.800638556480407715e-01,-1.180924415588378906e+00,-1.137995719909667969e+00,6.760762929916381836e-01,-3.004961907863616943e-01,-2.407596111297607422e-01,-1.984365433454513550e-01,-1.291492700576782227e+00,-2.022488862276077271e-01,-1.161240115761756897e-01,1.271331787109375000e+00,-1.974170655012130737e-01,0.000000000000000000e+00,0.000000000000000000e+00
2.551815509796142578e+00,0.000000000000000000e+00,1.495709419250488281e+00,1.583314776420593262e+00,1.814121365547180176e+00,6.551693081855773926e-01,7.201163768768310547e-01,-1.364673227071762085e-01,-1.091740250587463379e+00,-4.436765983700752258e-02,2.138583362102508545e-01,5.439719557762145996e-01,8.009635657072067261e-02,1.488419175148010254e-01,-1.773043870925903320e+00,-3.834330737590789795e-01,-1.629925012588500977e+00,-1.382684588432312012e+00,-5.843895301222801208e-02,-7.813468575477600098e-01,-1.072786450386047363e+00,-2.473109960556030273e+00,-1.566785573959350586e+00,-2.580990493297576904e-01,-2.132231742143630981e-01,-2.039074450731277466e-01,-4.337191879749298096e-01,6.598927974700927734e-01,-1.640466451644897461e-01,-1.259775996208190918e+00,3.259321451187133789e-01,-1.002991914749145508e+00,2.331712007522583008e+00,1.075677275657653809e+00,1.035012245178222656e+00,-1.328655004501342773e+00,-3.876934051513671875e-01,1.428544402122497559e+00,-6.692167520523071289e-01,6.780142784118652344e-01,-5.277278423309326172e-01,2.275903820991516113e-01,-1.136708408594131470e-01,1.085638925433158875e-01,3.848719596862792969e-01,-1.993726253509521484e+00,1.470802575349807739e-01,-2.092776536941528320e+00,-6.828326731920242310e-04,4.202254414558410645e-01,3.651157319545745850e-01,-1.637904524803161621e+00,-5.400985479354858398e-01,-1.007304310798645020e+00,8.065302371978759766e-01,1.196938991546630859e+00,2.747084498405456543e-01,0.000000000000000000e+00,0.000000000000000000e+00
1.654524803161621094e+00,1.495709419250488281e+00,0.000000000000000000e+00,1.840539097785949707e+00,8.549602031707763672e-01,1.145111680030822754e+00,4.389392137527465820e-01,8.277331590652465820e-01,-4.181267023086547852e-01,-5.610103160142898560e-02,8.009046912193298340e-01,-2.210007905960083008e-01,-1.897720247507095337e-01,9.080119132995605469e-01,-4.333366155624389648e-01,6.225917339324951172e-01,-4.576785564422607422e-01,-1.248696446418762207e+00,2.206156104803085327e-01,-4.441401958465576172e-01,-7.742434144020080566e-01,-1.597729206085205078e+00,-1.441435456275939941e+00,-4.004055261611938477e-01,-4.356281757354736328e-01,-3.240417838096618652e-01,-1.212326526641845703e+00,-1.177659749984741211e+00,8.004739880561828613e-02,-1.774455048143863678e-02,7.366248369216918945e-01,1.344261877238750458e-02,1.002834677696228027e+00,-3.894074261188507080e-01,8.317517489194869995e-02,-1.013062000274658203e-01,-2.424326658248901367e+00,6.011488437652587891e-01,6.110403537750244141e-01,5.115192532539367676e-01,8.223060369491577148e-01,-5.294119473546743393e-03,-1.545857787132263184e-01,-2.383320033550262451e-01,-3.919875621795654297e-01,-1.111971378326416016e+00,4.169014096260070801e-01,2.925465703010559082e-01,8.258635997772216797e-01,-5.084417015314102173e-02,-4.625420272350311279e-01,-1.070786952972412109e+00,5.215113162994384766e-01,-5.579453706741333008e-01,5.879475474357604980e-01,-1.350258290767669678e-01,-1.558270901441574097e-01,0.000000000000000000e+00,0.000000000000000000e+00
1.328040212392807007e-01,1.583314776420593262e+00,1.840539097785949707e+00,0.000000000000000000e+00,2.737579822540283203e+00,1.942610025405883789e+00,2.252054452896118164e+00,1.507239580154418945e+00,-3.265889883041381836e-01,-3.711693882942199707e-01,6.831402778625488281e-01,-9.448190331459045410e-01,-7.849841713905334473e-01,-1.990539580583572388e-01,3.201285004615783691e-01,7.504153251647949219e-01,-1.043635606765747070e+00,-9.274566546082496643e-03,-1.179021954536437988e+00,-7.357617616653442383e-01,-9.881489872932434082e-01,-1.335281491279602051e+00,-1.830110073089599609e+00,1.858474761247634888e-01,-4.781726300716400146e-01,1.125446081161499023e+00,-5.447185039520263672e-01,-3.954788446426391602e-01,-7.873489856719970703e-01,-5.827547907829284668e-01,-7.423361539840698242e-01,-1.366939097642898560e-01,1.110229134559631348e+00,8.784174323081970215e-01,1.211827874183654785e+00,-2.540982365608215332e-01,-2.602407038211822510e-01,-2.873573079705238342e-02,1.979989409446716309e-01,1.098442912101745605e+00,-1.501198530197143555e+00,-1.555818617343902588e-01,1.547491252422332764e-01,-9.990023970603942871e-01,-4.716359078884124756e-01,3.375953435897827148e-01,-6.314382702112197876e-02,4.131657630205154419e-02,-2.753384113311767578e-01,2.737613022327423096e-01,-1.071486234664916992e+00,-1.664729118347167969e+00,-9.026523828506469727e-01,5.840194821357727051e-01,-3.078713119029998779e-01,-1.110974788665771484e+00,-1.366038024425506592e-01,0.000000000000000000e+00,0.000000000000000000e+00
8.185690641403198242e-01,1.814121365547180176e+00,8.549602031707763672e-01,2.737579822540283203e+00,0.000000000000000000e+00,9.078910350799560547e-01,2.978085041046142578e+00,2.060933351516723633e+00,7.824092507362365723e-01,-8.510187864303588867e-01,-5.942832231521606445e-01,-8.862600326538085938e-01,-7.682473957538604736e-02,8.839974999427795410e-01,-1.886979490518569946e-01,-1.958642303943634033e-01,6.205276846885681152e-01,-1.022077441215515137e+00,-1.446232676506042480e+00,-3.893727660179138184e-01,-1.007836759090423584e-01,-1.561105012893676758e+00,-1.531005352735519409e-01,-8.886980414390563965e-01,-1.397055685520172119e-01,6.675681471824645996e-01,1.678663969039916992e+00,1.249579489231109619e-01,-7.909481525421142578e-01,3.738846778869628906e-01,2.640937566757202148e-01,-2.690131068229675293e-01,1.021025478839874268e-01,7.552246451377868652e-01,2.350612431764602661e-01,-1.259061574935913086e+00,-5.345470905303955078e-01,4.895671904087066650e-01,3.259915113449096680e-01,-8.815837502479553223e-01,-1.437839418649673462e-01,3.412378430366516113e-01,-1.425065755844116211e+00,5.696371197700500488e-01,1.461612880229949951e-01,-4.319055378437042236e-01,3.710693120956420898e-01,-4.237184822559356689e-01,-7.851760983467102051e-01,2.233759760856628418e-01,-7.353319227695465088e-02,-1.982658356428146362e-01,-2.072525739669799805e+00,-1.267420649528503418e+00,6.396946310997009277e-01,-3.097141504287719727e+00,-8.544238209724426270e-01,0.000000000000000000e+00,0.000000000000000000e+00
-5.341129302978515625e-01,6.551693081855773926e-01,1.145111680030822754e+00,1.942610025405883789e+00,9.078910350799560547e-01,0.000000000000000000e+00,2.743941783905029297e+00,2.018667936325073242e+00,7.608276605606079102e-01,2.980750799179077148e-01,2.510493248701095581e-02,-2.649867236614227295e-01,3.251782655715942383e-01,7.176125049591064453e-01,2.708172082901000977e+00,3.255274891853332520e-01,-7.615577429533004761e-02,1.062487244606018066e+00,4.284445643424987793e-01,-5.814996361732482910e-01,-1.048569321632385254e+00,2.997925579547882080e-01,1.029603362083435059e+00,-1.094841599464416504e+00,6.988242268562316895e-01,2.614148557186126709e-01,-1.123073458671569824e+00,-2.979637496173381805e-02,4.680480062961578369e-02,-1.437362313270568848e+00,-1.482757687568664551e+00,-1.351623058319091797e+00,-2.947676181793212891e+00,-3.692907392978668213e-01,9.438476562500000000e-01,-1.923369802534580231e-02,6.902359724044799805e-01,8.784624934196472168e-01,5.373936295509338379e-01,-7.507104277610778809e-01,1.604067534208297729e-01,-3.133361339569091797e-01,-8.428027033805847168e-01,-1.016551971435546875e+00,-1.444379568099975586e+00,-5.345375463366508484e-02,-1.419524997472763062e-01,6.437361836433410645e-01,-8.546625971794128418e-01,2.971877455711364746e-01,-3.039643526077270508e+00,-3.697513043880462646e-01,-1.145487308502197266e+00,8.978907465934753418e-01,-1.718585848808288574e+00,-1.428721666336059570e+00,-1.083073616027832031e+00,0.000000000000000000e+00,0.000000000000000000e+00
-4.885208606719970703e-01,7.201163768768310547e-01,4.389392137527465820e-01,2.252054452896118164e+00,2.978085041046142578e+00,2.743941783905029297e+00,0.000000000000000000e+00,2.461262226104736328e+00,-4.352542757987976074e-01,1.505988359451293945e+00,1.043909072875976562e+00,-1.226041674613952637e+00,6.423306465148925781e-02,6.396638751029968262e-01,1.144403293728828430e-01,2.574339807033538818e-01,-1.373672127723693848e+00,4.443412423133850098e-01,6.660170555114746094e-01,-1.465408354997634888e-01,1.150226444005966187e-01,-7.408855557441711426e-01,1.501313298940658569e-01,-1.115739107131958008e+00,1.367138419300317764e-02,-2.679750025272369385e-01,-2.544938214123249054e-02,1.189160048961639404e-01,-1.277925729751586914e+00,1.104403869248926640e-03,-9.656141996383666992e-01,-1.562804698944091797e+00,2.185731828212738037e-01,-6.923108696937561035e-01,5.501746535301208496e-01,-2.239361852407455444e-01,-3.976118266582489014e-01,-5.862434506416320801e-01,-1.390183210372924805e+00,1.292143911123275757e-01,1.155819892883300781e+00,-1.699361443519592285e+00,5.319041013717651367e-01,3.964121043682098389e-01,6.971734762191772461e-01,-1.095253229141235352e-01,-3.846072256565093994e-01,3.516835272312164307e-01,-6.492976099252700806e-02,3.097785711288452148e-01,6.396850943565368652e-01,-1.087829589843750000e+00,-9.941913485527038574e-01,5.879787206649780273e-01,-1.284918665885925293e+00,-2.896209716796875000e+00,-2.406053692102432251e-01,0.000000000000000000e+00,0.000000000000000000e+00
3.535522148013114929e-02,-1.364673227071762085e-01,8.277331590652465820e-01,1.507239580154418945e+00,2.060933351516723633e+00,2.018667936325073242e+00,2.461262226104736328e+00,0.000000000000000000e+00,-5.041549205780029297e-01,-8.874667286872863770e-01,1.724792838096618652e+00,-7.546080648899078369e-02,2.563555836677551270e-01,1.125340700149536133e+00,1.024983882904052734e+00,-6.918143630027770996e-01,4.125643670558929443e-01,9.302221536636352539e-01,1.666865646839141846e-01,-7.754626274108886719e-01,-1.123345971107482910e+00,2.931613922119140625e-01,-1.355006843805313110e-01,-1.081033274531364441e-01,1.196812391281127930e+00,-1.025548338890075684e+00,-3.690459430217742920e-01,-1.461521029472351074e+00,-1.785815238952636719e+00,1.344631791114807129e+00,3.963683247566223145e-01,5.998355746269226074e-01,4.283813238143920898e-01,-1.888404935598373413e-01,-2.524113893508911133e+00,2.309846132993698120e-02,-6.868365406990051270e-01,-1.090868115425109863e+00,7.395307421684265137e-01,-8.596014380455017090e-01,8.685883134603500366e-02,1.105139493942260742e+00,-1.723745167255401611e-01,9.252855181694030762e-01,-6.692353487014770508e-01,3.525249361991882324e-01,1.790044158697128296e-01,-6.220570802688598633e-01,-1.107246994972229004e+00,-5.423507094383239746e-01,5.301441550254821777e-01,6.340855360031127930e-01,6.276441216468811035e-01,-1.287652969360351562e+00,-1.369716405868530273e+00,-5.868418216705322266e-01,-3.860495984554290771e-01,0.000000000000000000e+00,0.000000000000000000e+00
-1.998351365327835083e-01,-1.091740250587463379e+00,-4.181267023086547852e-01,-3.265889883041381836e-01,7.824092507362365723e-01,7.608276605606079102e-01,-4.352542757987976074e-01,-5.041549205780029297e-01,0.000000000000000000e+00,5.272304415702819824e-01,-7.200409770011901855e-01,1.058404088020324707e+00,-7.022929787635803223e-01,1.083249926567077637e+00,3.385649919509887695e-01,1.006864905357360840e+00,4.535096585750579834e-01,1.301827907562255859e+00,-1.384636878967285156e+00,1.246800422668457031e+00,-6.924690008163452148e-01,9.872430562973022461e-01,1.141423225402832031e+00,-4.984600543975830078e-01,7.846059203147888184e-01,-2.672548890113830566e-01,-6.326704621315002441e-01,2.545939087867736816e-01,7.422828674316406250e-01,9.921636581420898438e-01,-2.199475288391113281e+00,-3.950399458408355713e-01,-1.684338927268981934e+00,8.102225512266159058e-02,-2.257231235504150391e+00,-1.048518538475036621e+00,-1.600938916206359863e+00,-1.647273540496826172e+00,-8.058686256408691406e-01,1.400803476572036743e-01,-5.297139286994934082e-01,-9.888543486595153809e-01,6.739822626113891602e-01,-6.874244809150695801e-01,-6.363398432731628418e-01,1.792562723159790039e+00,-2.030381202697753906e+00,6.024945378303527832e-01,-1.381240487098693848e+00,-2.166446894407272339e-01,-2.667821943759918213e-01,2.153948545455932617e+00,2.311683148145675659e-01,-4.223857223987579346e-01,2.697682976722717285e-01,4.482220113277435303e-01,6.132431030273437500e-01,0.000000000000000000e+00,0.000000000000000000e+00
-6.994130015373229980e-01,-4.436765983700752258e-02,-5.610103160142898560e-02,-3.711693882942199707e-01,-8.510187864303588867e-01,2.980750799179077148e-01,1.505988359451293945e+00,-8.874667286872863770e-01,5.272304415702819824e-01,0.000000000000000000e+00,2.735552787780761719e+00,5.374447703361511230e-01,4.565997123718261719e-01,-2.621264219284057617e+00,1.186534881591796875e+00,-1.452102661132812500e+00,4.544788599014282227e-01,9.275116324424743652e-01,-1.267073154449462891e+00,-2.253594845533370972e-01,1.257285118103027344e+00,-9.636866301298141479e-02,7.917453646659851074e-01,-4.468438029289245605e-01,-1.992570042610168457e+00,-8.304653167724609375e-01,-1.185044407844543457e+00,9.168237447738647461e-01,2.869093120098114014e-01,4.616122245788574219e-01,2.459324151277542114e-01,5.133939906954765320e-02,7.386018037796020508e-01,9.318165779113769531e-01,-1.525561690330505371e+00,-7.877076864242553711e-01,-1.572824954986572266e+00,-1.057281494140625000e-01,4.387178122997283936e-01,-9.331051707267761230e-01,9.603534340858459473e-01,-5.593253374099731445e-01,-1.652733683586120605e+00,-5.741842985153198242e-01,4.752368032932281494e-01,1.258714079856872559e+00,-3.657192885875701904e-01,1.436392217874526978e-01,1.985270977020263672e-01,-1.501495391130447388e-01,7.759552597999572754e-01,-2.049368619918823242e+00,2.918594181537628174e-01,-1.440251827239990234e+00,-2.998029589653015137e-01,1.297819614410400391e-01,8.572310209274291992e-01,0.000000000000000000e+00,0.000000000000000000e+00
-6.378233432769775391e-01,2.138583362102508545e-01,8.009046912193298340e-01,6.831402778625488281e-01,-5.942832231521606445e-01,2.510493248701095581e-02,1.043909072875976562e+00,1.724792838096618652e+00,-7.200409770011901855e-01,2.735552787780761719e+00,0.000000000000000000e+00,-3.583047389984130859e-01,1.910146355628967285e+00,8.818935751914978027e-01,4.616356194019317627e-01,4.003873467445373535e-01,-2.235189527273178101e-01,-5.551663637161254883e-01,1.210343003273010254e+00,-6.865973472595214844e-01,-4.096194505691528320e-01,-1.122107282280921936e-01,6.220167875289916992e-01,6.554535031318664551e-01,4.141817688941955566e-01,-4.425396919250488281e-01,-1.122640609741210938e+00,3.676724620163440704e-03,-6.197018623352050781e-01,-1.142421126365661621e+00,-9.447661638259887695e-01,-3.634281456470489502e-01,-2.354429662227630615e-02,1.320325851440429688e+00,-1.558810353279113770e+00,1.013347953557968140e-01,9.513791799545288086e-01,-5.309491753578186035e-01,2.304222285747528076e-01,3.407230973243713379e-01,-1.502851486206054688e+00,-1.409021377563476562e+00,1.039312481880187988e+00,-1.526820778846740723e+00,4.055909216403961182e-01,8.804616332054138184e-01,1.271658837795257568e-01,-5.029621720314025879e-01,8.551799058914184570e-01,1.073404669761657715e+00,3.492697775363922119e-01,6.368138194084167480e-01,1.133913844823837280e-01,1.486896276473999023e+00,6.206888332962989807e-02,-9.184532612562179565e-02,-5.302247405052185059e-01,0.000000000000000000e+00,0.000000000000000000e+00
-4.918206334114074707e-01,5.439719557762145996e-01,-2.210007905960083008e-01,-9.448190331459045410e-01,-8.862600326538085938e-01,-2.649867236614227295e-01,-1.226041674613952637e+00,-7.546080648899078369e-02,1.058404088020324707e+00,5.374447703361511230e-01,-3.583047389984130859e-01,0.000000000000000000e+00,-3.292176425457000732e-01,5.615869760513305664e-01,1.933434605598449707e+00,4.602235853672027588e-01,2.005535364151000977e+00,-9.963681548833847046e-02,-1.056129813194274902e+00,7.144669890403747559e-01,6.225124597549438477e-01,-1.844410747289657593e-01,9.217231273651123047e-01,1.108749583363533020e-01,-1.795893311500549316e-01,-3.791567087173461914e-01,-4.708724915981292725e-01,2.237403541803359985e-01,1.243630290031433105e+00,-2.067063599824905396e-01,-2.910374999046325684e-01,-5.646064504981040955e-02,1.740465164184570312e-01,-5.799562931060791016e-01,-6.167235374450683594e-01,-1.070491895079612732e-01,-9.410985112190246582e-01,7.933814078569412231e-02,-6.078488826751708984e-01,-6.788171529769897461e-01,2.210263460874557495e-01,-3.086971342563629150e-01,-4.385752677917480469e-01,-3.487086892127990723e-01,-5.717467144131660461e-02,-4.755405187606811523e-01,-1.606424450874328613e-01,-2.605266571044921875e-01,-7.646729052066802979e-02,-5.741218924522399902e-01,7.904372811317443848e-01,-9.145711660385131836e-01,-6.341201663017272949e-01,-1.214718595147132874e-01,-1.132622733712196350e-01,-3.043288886547088623e-01,4.134668707847595215e-01,0.000000000000000000e+00,0.000000000000000000e+00
-4.670536518096923828e-01,8.009635657072067261e-02,-1.897720247507095337e-01,-7.849841713905334473e-01,-7.682473957538604736e-02,3.251782655715942383e-01,6.423306465148925781e-02,2.563555836677551270e-01,-7.022929787635803223e-01,4.565997123718261719e-01,1.910146355628967285e+00,-3.292176425457000732e-01,0.000000000000000000e+00,2.113270521163940430e+00,2.796429872512817383e+00,7.101693749427795410e-01,-6.278767436742782593e-02,2.134695768356323242e+00,6.535336971282958984e-01,-6.712414026260375977e-01,-7.159821391105651855e-01,1.650593280792236328e+00,9.156851172447204590e-01,-5.691817775368690491e-02,1.447249948978424072e-01,2.166897505521774292e-01,-1.414372205734252930e+00,3.461337685585021973e-01,-7.789738774299621582e-01,3.991763591766357422e-01,8.249884098768234253e-02,3.221280574798583984e-01,6.386041045188903809e-01,-1.909295201301574707e+00,-4.590611159801483154e-01,-8.359041810035705566e-01,1.276763200759887695e+00,-1.105458855628967285e+00,3.462225794792175293e-01,-6.627879142761230469e-01,3.759097754955291748e-01,-1.710948586463928223e+00,-6.667822003364562988e-01,-4.035021066665649414e-01,-7.345741391181945801e-01,1.430394530296325684e+00,8.389760255813598633e-01,-1.364222526550292969e+00,5.984664335846900940e-02,7.362422347068786621e-01,-1.036173939704895020e+00,2.911419272422790527e-01,3.406970947980880737e-02,2.366249114274978638e-01,-2.412487752735614777e-02,-1.622079372406005859e+00,-3.332704305648803711e-01,0.000000000000000000e+00,0.000000000000000000e+00
1.807036995887756348e-02,1.488419175148010254e-01,9.080119132995605469e-01,-1.990539580583572388e-01,8.839974999427795410e-01,7.176125049591064453e-01,6.396638751029968262e-01,1.125340700149536133e+00,1.083249926567077637e+00,-2.621264219284057617e+00,8.818935751914978027e-01,5.615869760513305664e-01,2.113270521163940430e+00,0.000000000000000000e+00,2.038919687271118164e+00,1.969555854797363281e+00,6.908589601516723633e-01,-1.728528551757335663e-02,5.484714731574058533e-02,4.161813259124755859e-01,-5.539891719818115234e-01,1.009322851896286011e-01,-3.691516518592834473e-01,-1.275380253791809082e+00,-2.295015305280685425e-01,-2.031045854091644287e-01,7.202710509300231934e-01,-1.482165455818176270e+00,4.099075868725776672e-02,2.460914254188537598e-01,8.076978921890258789e-01,-3.525028228759765625e-01,-2.040968656539916992e+00,3.024896681308746338e-01,-4.863588213920593262e-01,-6.495887637138366699e-01,2.893841266632080078e-01,-1.405638754367828369e-01,7.200756669044494629e-01,2.020313888788223267e-01,1.419824063777923584e-01,-7.895451784133911133e-01,3.840509057044982910e-01,-2.294625341892242432e-01,3.298419713973999023e-01,-1.938826918601989746e+00,-1.406619310379028320e+00,2.848564684391021729e-01,1.790546774864196777e-01,-1.103779971599578857e-01,-1.487926244735717773e+00,-9.641696810722351074e-01,1.046930700540542603e-01,-2.598334252834320068e-01,3.648990988731384277e-01,4.659644067287445068e-01,-4.061771184206008911e-02,0.000000000000000000e+00,0.000000000000000000e+00
-3.086403608322143555e-01,-1.773043870925903320e+00,-4.333366155624389648e-01,3.201285004615783691e-01,-1.886979490518569946e-01,2.708172082901000977e+00,1.144403293728828430e-01,1.024983882904052734e+00,3.385649919509887695e-01,1.186534881591796875e+00,4.616356194019317627e-01,1.933434605598449707e+00,2.796429872512817383e+00,2.038919687271118164e+00,0.000000000000000000e+00,1.724711418151855469e+00,1.394525468349456787e-01,9.197682738304138184e-01,1.112537622451782227e+00,1.432219892740249634e-01,-1.591024875640869141e+00,1.163705825805664062e+00,2.639282643795013428e-01,-7.585092782974243164e-01,1.184948682785034180e+00,-9.350578784942626953e-01,-9.638148546218872070e-01,-1.363008975982666016e+00,-1.376717209815979004e+00,-1.337186545133590698e-01,-8.956763148307800293e-02,-2.381270676851272583e-01,-5.304902553558349609e+00,-4.566907882690429688e+00,-1.460045695304870605e+00,4.615823328495025635e-01,-1.258175134658813477e+00,-3.587782979011535645e-01,2.608849704265594482e-01,-3.048276007175445557e-01,-5.056761503219604492e-01,-1.716057062149047852e+00,2.142482846975326538e-01,1.434919089078903198e-01,7.078929990530014038e-02,9.956705570220947266e-02,-5.743272900581359863e-01,-6.848512887954711914e-01,-1.484791517257690430e+00,6.689810752868652344e-02,-1.021930575370788574e+00,1.583376288414001465e+00,-5.675292611122131348e-01,4.867011308670043945e-01,-5.310908555984497070e-01,-1.915839612483978271e-01,-2.073068767786026001e-01,0.000000000000000000e+00,0.000000000000000000e+00
-3.410142660140991211e-01,-3.834330737590789795e-01,6.225917339324951172e-01,7.504153251647949219e-01,-1.958642303943634033e-01,3.255274891853332520e-01,2.574339807033538818e-01,-6.918143630027770996e-01,1.006864905357360840e+00,-1.452102661132812500e+00,4.003873467445373535e-01,4.602235853672027588e-01,7.101693749427795410e-01,1.969555854797363281e+00,1.724711418151855469e+00,0.000000000000000000e+00,1.420069217681884766e+00,2.829219579696655273e+00,7.664172649383544922e-01,-3.817667067050933838e-02,3.113500475883483887e-01,2.885942757129669189e-01,-3.444414138793945312e-01,-8.778290748596191406e-01,-3.773711919784545898e-01,5.859055519104003906e-01,-8.757710456848144531e-01,-2.208894304931163788e-02,-3.356581926345825195e-01,4.131250381469726562e-01,-8.876287341117858887e-01,4.448321163654327393e-01,-1.369308710098266602e+00,-4.521426931023597717e-02,-7.519347965717315674e-02,7.006595730781555176e-01,1.177882075309753418e+00,-2.199327468872070312e+00,5.382012724876403809e-01,5.739307999610900879e-01,4.653210043907165527e-01,-1.171941906213760376e-01,-5.271857976913452148e-01,5.445902347564697266e-01,-2.207028865814208984e+00,1.308415293693542480e+00,-1.221389651298522949e+00,-1.027589082717895508e+00,-1.614886224269866943e-01,-6.254678219556808472e-02,-4.984643757343292236e-01,-1.162250041961669922e+00,-4.368526116013526917e-02,9.641766548156738281e-01,-1.192188560962677002e-01,-4.825573265552520752e-01,1.442787324776872993e-04,0.000000000000000000e+00,0.000000000000000000e+00
4.364210665225982666e-01,-1.629925012588500977e+00,-4.576785564422607422e-01,-1.043635606765747070e+00,6.205276846885681152e-01,-7.615577429533004761e-02,-1.373672127723693848e+00,4.125643670558929443e-01,4.535096585750579834e-01,4.544788599014282227e-01,-2.235189527273178101e-01,2.005535364151000977e+00,-6.278767436742782593e-02,6.908589601516723633e-01,1.394525468349456787e-01,1.420069217681884766e+00,0.000000000000000000e+00,3.805916905403137207e-01,-5.957506895065307617e-01,1.847357392311096191e+00,2.964204251766204834e-01,1.711069941520690918e+00,-5.987844467163085938e-01,3.351659774780273438e-01,7.258528470993041992e-01,-8.629341423511505127e-02,-1.400956869125366211e+00,-3.981616348028182983e-02,-3.862068653106689453e-01,8.370657563209533691e-01,4.198875129222869873e-01,-6.762426346540451050e-02,-9.946961402893066406e-01,-1.937601447105407715e+00,-1.078924179077148438e+00,5.993607044219970703e-01,-6.927099227905273438e-01,-1.547050118446350098e+00,-7.729401588439941406e-01,1.181530132889747620e-01,1.061614632606506348e+00,5.777397155761718750e-01,-1.001779660582542419e-01,-1.542391657829284668e+00,-1.197555541992187500e+00,-6.922228932380676270e-01,7.354030013084411621e-01,1.738671362400054932e-01,1.196989193558692932e-01,-2.375638186931610107e-01,-7.193884849548339844e-01,3.083842992782592773e-01,-2.232979834079742432e-01,2.170532643795013428e-01,-3.277211189270019531e-01,2.478154003620147705e-01,-1.214281022548675537e-01,0.000000000000000000e+00,0.000000000000000000e+00
-5.274674296379089355e-01,-1.382684588432312012e+00,-1.248696446418762207e+00,-9.274566546082496643e-03,-1.022077441215515137e+00,1.062487244606018066e+00,4.443412423133850098e-01,9.302221536636352539e-01,1.301827907562255859e+00,9.275116324424743652e-01,-5.551663637161254883e-01,-9.963681548833847046e-02,2.134695768356323242e+00,-1.728528551757335663e-02,9.197682738304138184e-01,2.829219579696655273e+00,3.805916905403137207e-01,0.000000000000000000e+00,3.543610811233520508e+00,9.002581238746643066e-01,-6.920136511325836182e-02,1.853362083435058594e+00,-3.099341094493865967e-01,9.389677047729492188e-01,7.222255468368530273e-01,1.407986283302307129e+00,-9.137886762619018555e-01,-1.217455506324768066e+00,-1.965896725654602051e+00,-8.260152488946914673e-02,-1.189151406288146973e-02,9.406626969575881958e-02,-1.738964915275573730e+00,-2.132811069488525391e+00,-6.739939562976360321e-03,-7.405576109886169434e-01,-1.204164177179336548e-01,-1.837395429611206055e+00,-1.010910749435424805e+00,-1.229172945022583008e+00,-3.828529417514801025e-01,-4.294159710407257080e-01,-5.667650103569030762e-01,-6.091292202472686768e-02,-1.453042745590209961e+00,1.611602067947387695e+00,-8.816903829574584961e-01,7.166774868965148926e-01,5.119641870260238647e-02,9.880684018135070801e-01,-1.003240585327148438e+00,-7.604619860649108887e-01,1.592274010181427002e-01,-3.920022845268249512e-01,-3.711910545825958252e-01,-2.601588070392608643e-01,-5.778579711914062500e-01,0.000000000000000000e+00,0.000000000000000000e+00
-6.519925594329833984e-02,-5.843895301222801208e-02,2.206156104803085327e-01,-1.179021954536437988e+00,-1.446232676506042480e+00,4.284445643424987793e-01,6.660170555114746094e-01,1.666865646839141846e-01,-1.384636878967285156e+00,-1.267073154449462891e+00,1.210343003273010254e+00,-1.056129813194274902e+00,6.535336971282958984e-01,5.484714731574058533e-02,1.112537622451782227e+00,7.664172649383544922e-01,-5.957506895065307617e-01,3.543610811233520508e+00,0.000000000000000000e+00,-7.458789944648742676e-01,7.988280057907104492e-01,1.168257832527160645e+00,-4.757515192031860352e-01,-2.174907684326171875e+00,9.912507534027099609e-01,2.264799177646636963e-01,3.940269351005554199e-01,-4.194741547107696533e-01,1.032365441322326660e+00,2.752140760421752930e-01,-4.470266401767730713e-01,-3.746468126773834229e-01,1.722406446933746338e-01,-1.657204151153564453e+00,9.727874398231506348e-01,1.149940967559814453e+00,1.115899324417114258e+00,2.804579138755798340e-01,1.249498486518859863e+00,1.067008852958679199e+00,6.861519217491149902e-01,-2.460879534482955933e-01,7.227740287780761719e-01,5.953001379966735840e-01,-6.108272075653076172e-01,1.691311955451965332e+00,-9.641814231872558594e-01,-1.214166998863220215e+00,-3.336365520954132080e-01,-1.647662639617919922e+00,3.151510953903198242e-01,-1.655394792556762695e+00,-3.256275653839111328e-01,-3.171796798706054688e-01,-8.871881365776062012e-01,2.068666666746139526e-01,-1.220086812973022461e-01,0.000000000000000000e+00,0.000000000000000000e+00
-6.759527921676635742e-01,-7.813468575477600098e-01,-4.441401958465576172e-01,-7.357617616653442383e-01,-3.893727660179138184e-01,-5.814996361732482910e-01,-1.465408354997634888e-01,-7.754626274108886719e-01,1.246800422668457031e+00,-2.253594845533370972e-01,-6.865973472595214844e-01,7.144669890403747559e-01,-6.712414026260375977e-01,4.161813259124755859e-01,1.432219892740249634e-01,-3.817667067050933838e-02,1.847357392311096191e+00,9.002581238746643066e-01,-7.458789944648742676e-01,0.000000000000000000e+00,9.191508293151855469e-01,3.207233428955078125e+00,-1.080140750855207443e-02,2.008242905139923096e-01,7.738937735557556152e-01,-3.637097775936126709e-01,-5.666428059339523315e-02,2.879257500171661377e-01,7.224074751138687134e-02,-4.547947347164154053e-01,3.550591170787811279e-01,3.437958657741546631e-01,-8.389786630868911743e-02,1.513314843177795410e-01,3.697305023670196533e-01,-2.564521972090005875e-03,-6.924625039100646973e-01,-2.923143506050109863e-01,-4.343565404415130615e-01,-7.470046281814575195e-01,1.517625898122787476e-01,6.499821692705154419e-02,-5.686891078948974609e-01,1.078680679202079773e-01,-7.119509577751159668e-01,-7.300456166267395020e-01,-2.397474944591522217e-01,-3.297557532787322998e-01,3.456524014472961426e-01,-8.084539771080017090e-01,-1.852729469537734985e-01,-1.922543525695800781e+00,-1.897769808769226074e+00,1.255268324166536331e-02,-1.120158433914184570e+00,4.519927799701690674e-01,4.400618374347686768e-01,0.000000000000000000e+00,0.000000000000000000e+00
3.698886334896087646e-01,-1.072786450386047363e+00,-7.742434144020080566e-01,-9.881489872932434082e-01,-1.007836759090423584e-01,-1.048569321632385254e+00,1.150226444005966187e-01,-1.123345971107482910e+00,-6.924690008163452148e-01,1.257285118103027344e+00,-4.096194505691528320e-01,6.225124597549438477e-01,-7.159821391105651855e-01,-5.539891719818115234e-01,-1.591024875640869141e+00,3.113500475883483887e-01,2.964204251766204834e-01,-6.920136511325836182e-02,7.988280057907104492e-01,9.191508293151855469e-01,0.000000000000000000e+00,-7.890123128890991211e-01,1.208356499671936035e+00,6.960833668708801270e-01,1.023895502090454102e+00,-1.582873344421386719e+00,5.620479583740234375e-01,1.180673599243164062e+00,-1.353070139884948730e-01,8.361420631408691406e-01,1.829433917999267578e+00,-3.621742725372314453e-01,-2.457634359598159790e-01,2.105813980102539062e+00,2.940669059753417969e-01,5.794069170951843262e-01,1.220150947570800781e+00,5.618972182273864746e-01,-1.548695683479309082e+00,-2.280184477567672729e-01,-1.497465968132019043e-01,1.010239243507385254e+00,-2.151590138673782349e-01,-2.016736268997192383e+00,3.300703167915344238e-01,5.094161629676818848e-01,-2.213664650917053223e-01,4.014258980751037598e-01,-5.650267004966735840e-03,-9.070647954940795898e-01,-9.056323766708374023e-01,1.688277721405029297e-02,-9.455274343490600586e-01,-9.103030562400817871e-01,7.945815324783325195e-01,3.981122374534606934e-01,-7.869139909744262695e-01,0.000000000000000000e+00,0.000000000000000000e+00
-1.373384952545166016e+00,-2.473109960556030273e+00,-1.597729206085205078e+00,-1.335281491279602051e+00,-1.561105012893676758e+00,2.997925579547882080e-01,-7.408855557441711426e-01,2.931613922119140625e-01,9.872430562973022461e-01,-9.636866301298141479e-02,-1.122107282280921936e-01,-1.844410747289657593e-01,1.650593280792236328e+00,1.009322851896286011e-01,1.163705825805664062e+00,2.885942757129669189e-01,1.711069941520690918e+00,1.853362083435058594e+00,1.168257832527160645e+00,3.207233428955078125e+00,-7.890123128890991211e-01,0.000000000000000000e+00,1.753443241119384766e+00,-1.329738616943359375e+00,8.098013997077941895e-01,-4.955354928970336914e-01,-1.172534584999084473e+00,1.448666751384735107e-01,-5.841208994388580322e-02,9.777379631996154785e-01,3.937635123729705811e-01,2.251887321472167969e+00,-1.612354278564453125e+00,-3.739942908287048340e-01,-3.378890275955200195e+00,5.013361107558012009e-03,-1.485969066619873047e+00,-2.091598510742187500e+00,1.207235217094421387e+00,-3.816965222358703613e-01,4.201938211917877197e-01,-2.122179865837097168e-01,-4.812947809696197510e-01,7.010616064071655273e-01,-9.730629920959472656e-01,1.719426393508911133e+00,-5.925596952438354492e-01,6.368744969367980957e-01,-5.550892353057861328e-01,4.847895205020904541e-01,-2.169553562998771667e-02,1.077197551727294922e+00,2.562511563301086426e-01,5.771105736494064331e-02,-3.203030824661254883e+00,-2.252148628234863281e+00,-8.492636084556579590e-01,0.000000000000000000e+00,0.000000000000000000e+00
5.677329301834106445e-01,-1.566785573959350586e+00,-1.441435456275939941e+00,-1.830110073089599609e+00,-1.531005352735519409e-01,1.029603362083435059e+00,1.501313298940658569e-01,-1.355006843805313110e-01,1.141423225402832031e+00,7.917453646659851074e-01,6.220167875289916992e-01,9.217231273651123047e-01,9.156851172447204590e-01,-3.691516518592834473e-01,2.639282643795013428e-01,-3.444414138793945312e-01,-5.987844467163085938e-01,-3.099341094493865967e-01,-4.757515192031860352e-01,-1.080140750855207443e-02,1.208356499671936035e+00,1.753443241119384766e+00,0.000000000000000000e+00,1.259442448616027832e+00,8.187193870544433594e-01,5.839155316352844238e-01,8.475920557975769043e-02,1.966582775115966797e+00,1.225399613380432129e+00,1.723237395286560059e+00,1.071413397789001465e+00,1.019971728324890137e+00,-1.216955542564392090e+00,-2.781868696212768555e+00,5.633270144462585449e-01,-4.556764364242553711e-01,2.403934895992279053e-01,3.120969831943511963e-01,1.937983930110931396e-01,6.433982253074645996e-01,4.101415351033210754e-02,9.271702170372009277e-01,-2.608491897583007812e+00,4.453221559524536133e-01,6.327099204063415527e-01,4.214932024478912354e-01,-5.015150308609008789e-01,-9.882465004920959473e-01,-1.104030847549438477e+00,-9.813709259033203125e-01,-1.468475908041000366e-01,-1.761630326509475708e-01,-2.412071824073791504e-01,-9.951120615005493164e-01,-1.183799624443054199e+00,-2.036171555519104004e-01,-3.781216144561767578e-01,0.000000000000000000e+00,0.000000000000000000e+00
-9.748563170433044434e-03,-2.580990493297576904e-01,-4.004055261611938477e-01,1.858474761247634888e-01,-8.886980414390563965e-01,-1.094841599464416504e+00,-1.115739107131958008e+00,-1.081033274531364441e-01,-4.984600543975830078e-01,-4.468438029289245605e-01,6.554535031318664551e-01,1.108749583363533020e-01,-5.691817775368690491e-02,-1.275380253791809082e+00,-7.585092782974243164e-01,-8.778290748596191406e-01,3.351659774780273438e-01,9.389677047729492188e-01,-2.174907684326171875e+00,2.008242905139923096e-01,6.960833668708801270e-01,-1.329738616943359375e+00,1.259442448616027832e+00,0.000000000000000000e+00,9.354972243309020996e-01,1.247321724891662598e+00,3.218058347702026367e+00,-1.397298336029052734e+00,-9.205156564712524414e-02,1.504819750785827637e+00,5.635449290275573730e-01,2.917211532592773438e+00,1.944994330406188965e-01,9.582217931747436523e-01,-1.243440061807632446e-02,5.099542737007141113e-01,2.427084594964981079e-01,-2.698688209056854248e-01,-1.866042017936706543e+00,-7.023306488990783691e-01,5.791651606559753418e-01,-2.855904400348663330e-01,5.359664559364318848e-01,3.208993077278137207e-01,-1.672048568725585938e+00,-2.242140769958496094e+00,-5.103914299979805946e-04,-6.157166361808776855e-01,9.882975816726684570e-01,-1.619740605354309082e+00,-4.037170112133026123e-01,-1.741001009941101074e+00,2.032532095909118652e-01,-1.087091684341430664e+00,-4.828996062278747559e-01,8.613435626029968262e-01,7.043193578720092773e-01,0.000000000000000000e+00,0.000000000000000000e+00
-1.665685772895812988e+00,-2.132231742143630981e-01,-4.356281757354736328e-01,-4.781726300716400146e-01,-1.397055685520172119e-01,6.988242268562316895e-01,1.367138419300317764e-02,1.196812391281127930e+00,7.846059203147888184e-01,-1.992570042610168457e+00,4.141817688941955566e-01,-1.795893311500549316e-01,1.447249948978424072e-01,-2.295015305280685425e-01,1.184948682785034180e+00,-3.773711919784545898e-01,7.258528470993041992e-01,7.222255468368530273e-01,9.912507534027099609e-01,7.738937735557556152e-01,1.023895502090454102e+00,8.098013997077941895e-01,8.187193870544433594e-01,9.354972243309020996e-01,0.000000000000000000e+00,2.319017171859741211e+00,5.934942364692687988e-01,6.724671125411987305e-01,-1.894813030958175659e-01,8.888440728187561035e-01,2.098107337951660156e-02,-1.479814499616622925e-01,-7.556769847869873047e-01,3.146801590919494629e-01,-4.698837697505950928e-01,5.247278809547424316e-01,-1.361830979585647583e-01,-1.338811278343200684e+00,3.235963881015777588e-01,-8.275871276855468750e-01,-3.400095105171203613e-01,1.200928449630737305e+00,3.069930709898471832e-02,1.742907881736755371e+00,-1.654053777456283569e-01,-5.532681941986083984e-01,6.992189586162567139e-02,-1.802122592926025391e+00,4.615658521652221680e-01,6.806260347366333008e-01,-2.110069990158081055e-01,-5.042026042938232422e-01,-4.032408595085144043e-01,-1.866035312414169312e-01,-1.466300785541534424e-01,-5.633001327514648438e-01,-2.080689966678619385e-01,0.000000000000000000e+00,0.000000000000000000e+00
-4.459685832262039185e-02,-2.039074450731277466e-01,-3.240417838096618652e-01,1.125446081161499023e+00,6.675681471824645996e-01,2.614148557186126709e-01,-2.679750025272369385e-01,-1.025548338890075684e+00,-2.672548890113830566e-01,-8.304653167724609375e-01,-4.425396919250488281e-01,-3.791567087173461914e-01,2.166897505521774292e-01,-2.031045854091644287e-01,-9.350578784942626953e-01,5.859055519104003906e-01,-8.629341423511505127e-02,1.407986283302307129e+00,2.264799177646636963e-01,-3.637097775936126709e-01,-1.582873344421386719e+00,-4.955354928970336914e-01,5.839155316352844238e-01,1.247321724891662598e+00,2.319017171859741211e+00,0.000000000000000000e+00,2.336614847183227539e+00,5.938083529472351074e-01,8.942642807960510254e-01,3.510388135910034180e-01,-8.888341188430786133e-01,9.349491596221923828e-01,3.331616818904876709e-01,-1.509168595075607300e-01,-1.015733122825622559e+00,5.836564302444458008e-01,7.743638753890991211e-01,-1.766151666641235352e+00,8.924831151962280273e-01,6.628069281578063965e-01,3.248611092567443848e-02,3.409787416458129883e-01,9.852374196052551270e-01,1.841949820518493652e-01,3.650468587875366211e-01,-1.438390016555786133e+00,8.889844417572021484e-01,2.416387200355529785e-02,4.382278025150299072e-01,3.782468438148498535e-01,-6.939941048622131348e-01,-7.820357680320739746e-01,7.600139975547790527e-01,2.228664457798004150e-01,-7.235639095306396484e-01,1.710079908370971680e-01,1.095565184950828552e-01,0.000000000000000000e+00,0.000000000000000000e+00
