0.000000000000000000e+00,2.545279741287231445e+00,1.536494970321655273e+00,1.673421263694763184e-01,8.472665548324584961e-01,-5.871602296829223633e-01,-5.341594815254211426e-01,3.720641881227493286e-02,-2.201248407363891602e-01,-6.963148117065429688e-01,-6.341681480407714844e-01,-4.384445250034332275e-01,-4.505508542060852051e-01,1.209399476647377014e-01,-3.280070722103118896e-01,-3.407500088214874268e-01,4.202984571456909180e-01,-4.354235529899597168e-01,-7.134993560612201691e-03,-6.890332102775573730e-01,3.666288256645202637e-01,-1.392853379249572754e+00,5.860393643379211426e-01,4.002077132463455200e-02,-1.651915669441223145e+00,-8.061103522777557373e-02,-1.093799114227294922e+00,1.394312530755996704e-01,4.938941299915313721e-01,6.389576196670532227e-02,1.115773558616638184e+00,6.739090085029602051e-01,-9.043367952108383179e-02,7.947990894317626953e-01,1.122163414955139160e+00,-1.721220016479492188e+00,-7.697921395301818848e-01,1.171684026718139648e+00,-1.775298714637756348e-01,1.717391461133956909e-01,-7.501424551010131836e-01,-8.873994946479797363e-01,6.409958600997924805e-01,-1.367405056953430176e-01,5.838492512702941895e-02,-3.057584464550018311e-01,-1.224786877632141113e+00,-1.238842725753784180e+00,5.920622944831848145e-01,-2.724175155162811279e-01,-2.155825793743133545e-01,-1.416588872671127319e-01,-1.407413482666015625e+00,-3.269409239292144775e-01,-1.261183619499206543e-01,1.321371912956237793e+00,-1.658115684986114502e-01,0.000000000000000000e+00,0.000000000000000000e+00
2.545279741287231445e+00,0.000000000000000000e+00,1.432741284370422363e+00,1.594698905944824219e+00,1.793947100639343262e+00,6.005097627639770508e-01,7.247254252433776855e-01,-1.516912281513214111e-01,-1.115732073783874512e+00,-6.738114356994628906e-02,2.525872588157653809e-01,6.119755506515502930e-01,1.143091097474098206e-01,1.473547071218490601e-01,-1.694236278533935547e+00,-3.234334588050842285e-01,-1.710640549659729004e+00,-1.390478372573852539e+00,-1.377285122871398926e-01,-7.725552916526794434e-01,-9.277906417846679688e-01,-2.431550979614257812e+00,-1.587746620178222656e+00,-2.702786028385162354e-01,-2.599659264087677002e-01,-1.953320354223251343e-01,-5.513873100280761719e-01,5.722647309303283691e-01,-1.509151309728622437e-01,-1.142233371734619141e+00,3.132704496383666992e-01,-9.858020544052124023e-01,2.351467847824096680e+00,1.056232452392578125e+00,1.050821781158447266e+00,-1.338951587677001953e+00,-2.900082170963287354e-01,1.365407347679138184e+00,-6.483745574951171875e-01,6.790357828140258789e-01,-6.610375642776489258e-01,2.719866335391998291e-01,-1.252853125333786011e-01,5.263702198863029480e-02,4.576059579849243164e-01,-1.940856456756591797e+00,1.346845924854278564e-01,-2.131707668304443359e+00,2.516274899244308472e-02,4.584985971450805664e-01,3.793779611587524414e-01,-1.588509917259216309e+00,-6.707922220230102539e-01,-9.967553019523620605e-01,8.224645256996154785e-01,1.259166121482849121e+00,3.091767132282257080e-01,0.000000000000000000e+00,0.000000000000000000e+00
1.536494970321655273e+00,1.432741284370422363e+00,0.000000000000000000e+00,1.831924319267272949e+00,8.002547025680541992e-01,1.119088530540466309e+00,4.488834440708160400e-01,7.802588939666748047e-01,-4.359881877899169922e-01,-5.301227048039436340e-02,7.904016375541687012e-01,-1.640041917562484741e-01,-1.563266366720199585e-01,8.564044833183288574e-01,-4.229106009006500244e-01,6.550053954124450684e-01,-3.564490377902984619e-01,-1.259743571281433105e+00,1.120333448052406311e-01,-4.312724471092224121e-01,-5.708193182945251465e-01,-1.701436996459960938e+00,-1.503803849220275879e+00,-5.042036771774291992e-01,-4.577255845069885254e-01,-2.809179723262786865e-01,-1.146136403083801270e+00,-1.189373612403869629e+00,1.220846772193908691e-01,4.341389052569866180e-03,7.577440738677978516e-01,1.240761354565620422e-01,1.038865566253662109e+00,-3.561642765998840332e-01,1.107142418622970581e-01,-6.027484685182571411e-02,-2.542114496231079102e+00,5.017990469932556152e-01,5.709363222122192383e-01,5.184904932975769043e-01,6.626334786415100098e-01,-5.106010008603334427e-03,-5.171303078532218933e-02,-2.586176991462707520e-01,-2.201513200998306274e-01,-1.003408193588256836e+00,4.056642353534698486e-01,3.879031240940093994e-01,8.319886922836303711e-01,-7.396077364683151245e-02,-4.116359651088714600e-01,-1.191282153129577637e+00,5.065360069274902344e-01,-5.152867436408996582e-01,6.510220170021057129e-01,-8.980017900466918945e-02,-1.447977274656295776e-01,0.000000000000000000e+00,0.000000000000000000e+00
1.673421263694763184e-01,1.594698905944824219e+00,1.831924319267272949e+00,0.000000000000000000e+00,2.769592046737670898e+00,1.938425660133361816e+00,2.239071846008300781e+00,1.501868009567260742e+00,-3.070386946201324463e-01,-3.183702826499938965e-01,6.135154366493225098e-01,-8.564910292625427246e-01,-8.473892807960510254e-01,-1.064117029309272766e-01,2.137350440025329590e-01,7.290297150611877441e-01,-8.820744752883911133e-01,5.095282569527626038e-02,-1.225679039955139160e+00,-7.494409680366516113e-01,-1.016970992088317871e+00,-1.273009657859802246e+00,-1.827109456062316895e+00,1.405653804540634155e-01,-5.652687549591064453e-01,1.139930248260498047e+00,-5.509175658226013184e-01,-4.491350948810577393e-01,-7.743869423866271973e-01,-7.659739255905151367e-01,-7.094890475273132324e-01,-1.007953584194183350e-01,1.099226474761962891e+00,9.286479949951171875e-01,1.205669522285461426e+00,-2.004459947347640991e-01,-1.769312471151351929e-01,-7.079721987247467041e-02,1.992231309413909912e-01,1.146485090255737305e+00,-1.624176025390625000e+00,-1.782710999250411987e-01,1.954565346240997314e-01,-9.705449938774108887e-01,-5.065699815750122070e-01,2.524164021015167236e-01,-1.575830578804016113e-01,-8.278967440128326416e-02,-2.243646830320358276e-01,1.883833408355712891e-01,-1.124024152755737305e+00,-1.630107641220092773e+00,-7.553769350051879883e-01,5.901004076004028320e-01,-2.737988531589508057e-01,-9.885462522506713867e-01,-1.174890026450157166e-01,0.000000000000000000e+00,0.000000000000000000e+00
8.472665548324584961e-01,1.793947100639343262e+00,8.002547025680541992e-01,2.769592046737670898e+00,0.000000000000000000e+00,9.428406953811645508e-01,2.965379238128662109e+00,2.084390640258789062e+00,7.824980020523071289e-01,-1.008033514022827148e+00,-5.110204219818115234e-01,-7.511476874351501465e-01,1.658592373132705688e-02,7.823395729064941406e-01,-4.552409984171390533e-03,-2.261345237493515015e-01,5.336354374885559082e-01,-9.217703342437744141e-01,-1.287746667861938477e+00,-1.887082606554031372e-01,-7.651951909065246582e-02,-1.540321588516235352e+00,-1.052722781896591187e-01,-9.149081707000732422e-01,-6.470585614442825317e-02,7.237330079078674316e-01,1.686673283576965332e+00,1.800126768648624420e-02,-8.005540370941162109e-01,3.877711296081542969e-01,2.650291323661804199e-01,-4.624422192573547363e-01,1.221297010779380798e-01,5.521691441535949707e-01,3.059972822666168213e-01,-1.372218370437622070e+00,-4.412363469600677490e-01,2.674911916255950928e-01,2.993682026863098145e-01,-8.859536647796630859e-01,-4.778838530182838440e-02,4.536089003086090088e-01,-1.366746425628662109e+00,6.243728399276733398e-01,3.574471920728683472e-02,-4.137801826000213623e-01,2.193359285593032837e-01,-4.191559255123138428e-01,-7.716013193130493164e-01,1.556798964738845825e-01,-3.832023963332176208e-02,-1.148247420787811279e-01,-2.252651453018188477e+00,-1.251869082450866699e+00,6.221752166748046875e-01,-3.267580747604370117e+00,-8.533694148063659668e-01,0.000000000000000000e+00,0.000000000000000000e+00
-5.871602296829223633e-01,6.005097627639770508e-01,1.119088530540466309e+00,1.938425660133361816e+00,9.428406953811645508e-01,0.000000000000000000e+00,2.710415840148925781e+00,1.944373965263366699e+00,7.626346349716186523e-01,3.630869388580322266e-01,5.868203192949295044e-02,-1.504599750041961670e-01,1.780093014240264893e-01,7.409824728965759277e-01,2.624775648117065430e+00,3.363229930400848389e-01,-1.728344149887561798e-02,1.094448447227478027e+00,3.157219290733337402e-01,-5.256179571151733398e-01,-8.656082153320312500e-01,3.172065615653991699e-01,1.097522020339965820e+00,-9.497187733650207520e-01,8.401664495468139648e-01,4.266021549701690674e-01,-9.609505534172058105e-01,9.217438846826553345e-02,1.004514563828706741e-02,-1.389075756072998047e+00,-1.660868644714355469e+00,-1.108785152435302734e+00,-2.989149332046508789e+00,-4.773020148277282715e-01,9.545016288757324219e-01,-1.461415439844131470e-01,6.979469060897827148e-01,9.081051945686340332e-01,4.568042457103729248e-01,-7.904091477394104004e-01,1.489510410465300083e-03,-2.365853786468505859e-01,-8.954610824584960938e-01,-1.147202014923095703e+00,-1.369450330734252930e+00,3.042592294514179230e-02,-2.598140537738800049e-01,6.290802359580993652e-01,-8.698816299438476562e-01,4.228885173797607422e-01,-3.211511611938476562e+00,-2.964964509010314941e-01,-1.037438273429870605e+00,9.414805173873901367e-01,-1.869783759117126465e+00,-1.577149629592895508e+00,-1.284361481666564941e+00,0.000000000000000000e+00,0.000000000000000000e+00
-5.341594815254211426e-01,7.247254252433776855e-01,4.488834440708160400e-01,2.239071846008300781e+00,2.965379238128662109e+00,2.710415840148925781e+00,0.000000000000000000e+00,2.512837171554565430e+00,-4.336934387683868408e-01,1.456609249114990234e+00,1.032959222793579102e+00,-1.348259925842285156e+00,-2.395445294678211212e-02,6.680887341499328613e-01,1.422486901283264160e-01,2.973400950431823730e-01,-1.085337877273559570e+00,4.648680984973907471e-01,6.248165369033813477e-01,-5.771742668002843857e-03,2.314436137676239014e-01,-7.325358390808105469e-01,8.287002146244049072e-02,-1.245717287063598633e+00,7.509799208492040634e-03,-2.926495075225830078e-01,1.735782921314239502e-01,1.089108511805534363e-01,-1.154856681823730469e+00,-2.956373617053031921e-02,-9.330313205718994141e-01,-1.728301882743835449e+00,2.377256900072097778e-01,-8.459611535072326660e-01,5.731352567672729492e-01,-2.524305284023284912e-01,-4.848074018955230713e-01,-5.340866446495056152e-01,-1.446494340896606445e+00,2.139253169298171997e-01,1.149341464042663574e+00,-1.718811869621276855e+00,5.320960283279418945e-01,5.192731618881225586e-01,5.907590985298156738e-01,-9.228961169719696045e-02,-4.686805903911590576e-01,3.760876953601837158e-01,-1.101915463805198669e-01,4.160034060478210449e-01,5.914711952209472656e-01,-1.103141903877258301e+00,-1.029064536094665527e+00,5.276677012443542480e-01,-1.362868547439575195e+00,-2.839776039123535156e+00,-2.381305247545242310e-01,0.000000000000000000e+00,0.000000000000000000e+00
3.720641881227493286e-02,-1.516912281513214111e-01,7.802588939666748047e-01,1.501868009567260742e+00,2.084390640258789062e+00,1.944373965263366699e+00,2.512837171554565430e+00,0.000000000000000000e+00,-5.788822770118713379e-01,-9.762235879898071289e-01,1.745363712310791016e+00,5.876811966300010681e-02,3.464462757110595703e-01,1.170856714248657227e+00,1.009512901306152344e+00,-6.102295517921447754e-01,3.538964688777923584e-01,9.158635139465332031e-01,8.680305629968643188e-02,-7.925096154212951660e-01,-9.283883571624755859e-01,3.846256732940673828e-01,-7.981639355421066284e-02,-1.274992674589157104e-01,1.127619028091430664e+00,-1.010740518569946289e+00,-3.829666376113891602e-01,-1.497662186622619629e+00,-1.748314499855041504e+00,1.419903874397277832e+00,4.283834695816040039e-01,5.959167480468750000e-01,3.638572990894317627e-01,6.607263535261154175e-02,-2.498354673385620117e+00,1.669955849647521973e-01,-6.495634317398071289e-01,-1.128567695617675781e+00,7.165799140930175781e-01,-1.034393072128295898e+00,2.922469004988670349e-02,1.134223341941833496e+00,-2.583139538764953613e-01,9.961809515953063965e-01,-7.127488851547241211e-01,2.498775273561477661e-01,1.146958395838737488e-01,-6.860683560371398926e-01,-1.122252941131591797e+00,-4.865026473999023438e-01,5.446584224700927734e-01,6.357848048210144043e-01,6.178470849990844727e-01,-1.296721220016479492e+00,-1.458411693572998047e+00,-7.341388463973999023e-01,-4.663580358028411865e-01,0.000000000000000000e+00,0.000000000000000000e+00
-2.201248407363891602e-01,-1.115732073783874512e+00,-4.359881877899169922e-01,-3.070386946201324463e-01,7.824980020523071289e-01,7.626346349716186523e-01,-4.336934387683868408e-01,-5.788822770118713379e-01,0.000000000000000000e+00,5.142987370491027832e-01,-7.422278523445129395e-01,1.142333507537841797e+00,-7.212532758712768555e-01,1.111337304115295410e+00,4.135806262493133545e-01,1.015742421150207520e+00,5.059501528739929199e-01,1.280404210090637207e+00,-1.332555651664733887e+00,1.255328893661499023e+00,-7.123607993125915527e-01,1.028158664703369141e+00,1.094120979309082031e+00,-5.154059529304504395e-01,7.384629845619201660e-01,-3.693941831588745117e-01,-5.432267785072326660e-01,1.981287300586700439e-01,8.145679831504821777e-01,1.028360009193420410e+00,-2.257040023803710938e+00,-4.237052500247955322e-01,-1.748676657676696777e+00,6.245878338813781738e-02,-2.280485868453979492e+00,-1.007254242897033691e+00,-1.598924160003662109e+00,-1.623334169387817383e+00,-8.291615843772888184e-01,1.238673180341720581e-01,-5.872450470924377441e-01,-9.465737342834472656e-01,6.088283658027648926e-01,-7.432679533958435059e-01,-6.509853601455688477e-01,1.855074882507324219e+00,-2.058789014816284180e+00,6.299600601196289062e-01,-1.320032954216003418e+00,-1.786657571792602539e-01,-3.564737439155578613e-01,2.158217191696166992e+00,2.495137453079223633e-01,-4.047199487686157227e-01,2.164522707462310791e-01,4.424534738063812256e-01,6.508008241653442383e-01,0.000000000000000000e+00,0.000000000000000000e+00
-6.963148117065429688e-01,-6.738114356994628906e-02,-5.301227048039436340e-02,-3.183702826499938965e-01,-1.008033514022827148e+00,3.630869388580322266e-01,1.456609249114990234e+00,-9.762235879898071289e-01,5.142987370491027832e-01,0.000000000000000000e+00,2.766898155212402344e+00,5.465404391288757324e-01,5.280385017395019531e-01,-2.589613199234008789e+00,1.406901836395263672e+00,-1.522700428962707520e+00,3.641446828842163086e-01,9.856590628623962402e-01,-1.245399355888366699e+00,-3.814034163951873779e-01,1.152322173118591309e+00,-1.206724196672439575e-01,8.590175509452819824e-01,-4.615266323089599609e-01,-1.934664011001586914e+00,-1.175487756729125977e+00,-1.111978292465209961e+00,8.850923776626586914e-01,3.496499955654144287e-01,6.217435002326965332e-01,2.003859579563140869e-01,7.570412755012512207e-02,7.124279141426086426e-01,9.249700903892517090e-01,-1.505360960960388184e+00,-6.836469173431396484e-01,-1.646239280700683594e+00,-4.255655780434608459e-02,3.842460215091705322e-01,-9.443964362144470215e-01,9.666467905044555664e-01,-4.524460732936859131e-01,-1.850606203079223633e+00,-5.612973570823669434e-01,5.879579782485961914e-01,1.375577926635742188e+00,-3.100261092185974121e-01,1.913336664438247681e-01,9.994685649871826172e-02,-2.428943961858749390e-01,7.851658463478088379e-01,-1.926633000373840332e+00,2.321521639823913574e-01,-1.275949835777282715e+00,-3.870051801204681396e-01,7.820636034011840820e-02,6.630762815475463867e-01,0.000000000000000000e+00,0.000000000000000000e+00
-6.341681480407714844e-01,2.525872588157653809e-01,7.904016375541687012e-01,6.135154366493225098e-01,-5.110204219818115234e-01,5.868203192949295044e-02,1.032959222793579102e+00,1.745363712310791016e+00,-7.422278523445129395e-01,2.766898155212402344e+00,0.000000000000000000e+00,-4.042934775352478027e-01,1.883628606796264648e+00,9.115583300590515137e-01,3.467698693275451660e-01,4.111560881137847900e-01,1.318349242210388184e-01,-6.259409189224243164e-01,1.121520638465881348e+00,-6.545069813728332520e-01,-3.451015651226043701e-01,2.365249022841453552e-02,5.419067740440368652e-01,6.921318769454956055e-01,4.475431442260742188e-01,-3.985910713672637939e-01,-1.183918952941894531e+00,4.436878114938735962e-02,-6.679139137268066406e-01,-1.206167459487915039e+00,-9.429501891136169434e-01,-4.648698568344116211e-01,-1.189436316490173340e-01,1.381937742233276367e+00,-1.609571933746337891e+00,9.130822867155075073e-02,9.457477331161499023e-01,-6.427343487739562988e-01,2.131814360618591309e-01,3.634427487850189209e-01,-1.498891234397888184e+00,-1.497870922088623047e+00,9.680374264717102051e-01,-1.486860752105712891e+00,5.411518812179565430e-01,9.046078920364379883e-01,1.351344436407089233e-01,-5.069726109504699707e-01,8.884638547897338867e-01,9.973892569541931152e-01,4.154855608940124512e-01,7.351837754249572754e-01,-2.604215219616889954e-02,1.481104016304016113e+00,6.735862791538238525e-02,-6.669069081544876099e-02,-6.320791244506835938e-01,0.000000000000000000e+00,0.000000000000000000e+00
-4.384445250034332275e-01,6.119755506515502930e-01,-1.640041917562484741e-01,-8.564910292625427246e-01,-7.511476874351501465e-01,-1.504599750041961670e-01,-1.348259925842285156e+00,5.876811966300010681e-02,1.142333507537841797e+00,5.465404391288757324e-01,-4.042934775352478027e-01,0.000000000000000000e+00,-4.979684352874755859e-01,3.967832624912261963e-01,1.839310169219970703e+00,3.623152673244476318e-01,2.148455381393432617e+00,-1.901902705430984497e-01,-1.048302769660949707e+00,7.506311535835266113e-01,3.102494776248931885e-01,-4.439791738986968994e-01,1.009448885917663574e+00,2.377504110336303711e-01,-9.792626649141311646e-02,-2.160169780254364014e-01,-4.391742646694183350e-01,4.360199868679046631e-01,9.435634016990661621e-01,-2.785874605178833008e-01,-3.041466474533081055e-01,-3.286635130643844604e-02,-1.908405423164367676e-01,-8.769450783729553223e-01,-5.162628293037414551e-01,-1.274873465299606323e-01,-8.996347188949584961e-01,1.445363759994506836e-01,-6.147320866584777832e-01,-6.634228229522705078e-01,3.630847334861755371e-01,-1.281067281961441040e-01,-5.358431935310363770e-01,-1.872522979974746704e-01,-1.854806989431381226e-01,-8.053435087203979492e-01,5.553613603115081787e-02,-2.127973586320877075e-01,-9.052197635173797607e-02,-4.509075880050659180e-01,9.487859606742858887e-01,-9.509062767028808594e-01,-7.737953662872314453e-01,-1.403442025184631348e-01,-1.085369288921356201e-01,-2.382377982139587402e-01,4.717501103878021240e-01,0.000000000000000000e+00,0.000000000000000000e+00
-4.505508542060852051e-01,1.143091097474098206e-01,-1.563266366720199585e-01,-8.473892807960510254e-01,1.658592373132705688e-02,1.780093014240264893e-01,-2.395445294678211212e-02,3.464462757110595703e-01,-7.212532758712768555e-01,5.280385017395019531e-01,1.883628606796264648e+00,-4.979684352874755859e-01,0.000000000000000000e+00,2.166878700256347656e+00,2.791148900985717773e+00,7.544918060302734375e-01,1.391875594854354858e-01,2.089864015579223633e+00,6.151055693626403809e-01,-6.070942878723144531e-01,-1.070286154747009277e+00,1.684289813041687012e+00,8.572547435760498047e-01,-3.097554855048656464e-02,1.483488827943801880e-01,2.377106845378875732e-01,-1.492425084114074707e+00,2.707924842834472656e-01,-8.962129354476928711e-01,3.517769873142242432e-01,-4.417850822210311890e-02,3.251785933971405029e-01,6.487891077995300293e-01,-1.690497875213623047e+00,-3.926387429237365723e-01,-7.345573306083679199e-01,1.251379966735839844e+00,-1.144599199295043945e+00,3.887211680412292480e-01,-5.002455115318298340e-01,3.276177048683166504e-01,-1.695415854454040527e+00,-5.447559952735900879e-01,-3.527415990829467773e-01,-8.415937423706054688e-01,1.478479504585266113e+00,8.106658458709716797e-01,-1.288175344467163086e+00,1.624939441680908203e-01,7.438330054283142090e-01,-1.168518781661987305e+00,1.146742030978202820e-01,1.160970553755760193e-01,2.459767162799835205e-01,2.581921219825744629e-02,-1.555574297904968262e+00,-3.407195508480072021e-01,0.000000000000000000e+00,0.000000000000000000e+00
1.209399476647377014e-01,1.473547071218490601e-01,8.564044833183288574e-01,-1.064117029309272766e-01,7.823395729064941406e-01,7.409824728965759277e-01,6.680887341499328613e-01,1.170856714248657227e+00,1.111337304115295410e+00,-2.589613199234008789e+00,9.115583300590515137e-01,3.967832624912261963e-01,2.166878700256347656e+00,0.000000000000000000e+00,1.976283311843872070e+00,2.028129100799560547e+00,6.929265260696411133e-01,1.341980993747711182e-01,9.968992322683334351e-02,5.895415544509887695e-01,-8.521161079406738281e-01,1.529163122177124023e-01,-3.609515726566314697e-01,-1.242419481277465820e+00,-1.575291901826858521e-01,-1.401036083698272705e-01,6.532893776893615723e-01,-1.082170367240905762e+00,-1.593144834041595459e-01,1.359083354473114014e-01,8.139088749885559082e-01,-2.983744740486145020e-01,-2.027280807495117188e+00,1.801093667745590210e-01,-5.153984427452087402e-01,-7.037715911865234375e-01,1.948230266571044922e-01,-1.227866038680076599e-01,7.611972093582153320e-01,1.693852394819259644e-01,2.094170451164245605e-01,-1.042302370071411133e+00,5.807749032974243164e-01,-3.358409106731414795e-01,3.500698208808898926e-01,-2.150386810302734375e+00,-1.501243352890014648e+00,2.159604728221893311e-01,1.978272050619125366e-01,-8.487737178802490234e-02,-1.442806363105773926e+00,-1.001859545707702637e+00,9.645794332027435303e-02,-2.356706559658050537e-01,3.774673044681549072e-01,4.022442102432250977e-01,-6.946619600057601929e-02,0.000000000000000000e+00,0.000000000000000000e+00
-3.280070722103118896e-01,-1.694236278533935547e+00,-4.229106009006500244e-01,2.137350440025329590e-01,-4.552409984171390533e-03,2.624775648117065430e+00,1.422486901283264160e-01,1.009512901306152344e+00,4.135806262493133545e-01,1.406901836395263672e+00,3.467698693275451660e-01,1.839310169219970703e+00,2.791148900985717773e+00,1.976283311843872070e+00,0.000000000000000000e+00,1.564890503883361816e+00,-6.217624619603157043e-02,9.130080938339233398e-01,1.129711627960205078e+00,1.952918618917465210e-01,-1.033208608627319336e+00,1.094769835472106934e+00,2.464389353990554810e-01,-7.944056987762451172e-01,1.161766052246093750e+00,-8.342953920364379883e-01,-1.017010331153869629e+00,-1.263610839843750000e+00,-1.166126489639282227e+00,-1.437201052904129028e-01,-4.273226112127304077e-02,-2.686866819858551025e-01,-5.379953384399414062e+00,-3.941378831863403320e+00,-1.498134493827819824e+00,4.663134515285491943e-01,-1.236298561096191406e+00,-2.960240840911865234e-01,2.770780920982360840e-01,-4.251166284084320068e-01,-3.828218579292297363e-01,-1.425081849098205566e+00,2.514853477478027344e-01,2.817783951759338379e-01,7.266859710216522217e-02,-1.025254651904106140e-01,-6.969394683837890625e-01,-5.114883780479431152e-01,-1.460370540618896484e+00,4.578809812664985657e-02,-9.818734526634216309e-01,1.633802294731140137e+00,-5.197508335113525391e-01,2.486449480056762695e-01,-6.690815687179565430e-01,-6.020999550819396973e-01,-1.964621990919113159e-01,0.000000000000000000e+00,0.000000000000000000e+00
-3.407500088214874268e-01,-3.234334588050842285e-01,6.550053954124450684e-01,7.290297150611877441e-01,-2.261345237493515015e-01,3.363229930400848389e-01,2.973400950431823730e-01,-6.102295517921447754e-01,1.015742421150207520e+00,-1.522700428962707520e+00,4.111560881137847900e-01,3.623152673244476318e-01,7.544918060302734375e-01,2.028129100799560547e+00,1.564890503883361816e+00,0.000000000000000000e+00,1.402233242988586426e+00,2.810938835144042969e+00,6.928029060363769531e-01,-1.034485772252082825e-01,2.037539035081863403e-01,4.218983054161071777e-01,-3.045006990432739258e-01,-7.240424752235412598e-01,-3.816457688808441162e-01,3.430381417274475098e-01,-7.495499849319458008e-01,-1.115671619772911072e-01,-2.168822586536407471e-01,3.670129179954528809e-01,-8.536687493324279785e-01,4.677614569664001465e-01,-1.263521194458007812e+00,-9.075815975666046143e-02,-5.221277102828025818e-02,7.619791030883789062e-01,1.114954590797424316e+00,-2.140354156494140625e+00,5.768272876739501953e-01,5.173607468605041504e-01,3.071040213108062744e-01,-5.744151026010513306e-02,-3.230387866497039795e-01,5.940802693367004395e-01,-2.227688789367675781e+00,1.354111552238464355e+00,-1.163484692573547363e+00,-1.041517019271850586e+00,-2.397484928369522095e-01,4.892251640558242798e-02,-5.026038289070129395e-01,-1.057378888130187988e+00,-1.641896069049835205e-01,9.269130229949951172e-01,-6.131317839026451111e-02,-4.336916804313659668e-01,-6.049425527453422546e-02,0.000000000000000000e+00,0.000000000000000000e+00
4.202984571456909180e-01,-1.710640549659729004e+00,-3.564490377902984619e-01,-8.820744752883911133e-01,5.336354374885559082e-01,-1.728344149887561798e-02,-1.085337877273559570e+00,3.538964688777923584e-01,5.059501528739929199e-01,3.641446828842163086e-01,1.318349242210388184e-01,2.148455381393432617e+00,1.391875594854354858e-01,6.929265260696411133e-01,-6.217624619603157043e-02,1.402233242988586426e+00,0.000000000000000000e+00,8.191998302936553955e-02,-4.733769297599792480e-01,1.761340856552124023e+00,3.151669800281524658e-01,1.635010123252868652e+00,-4.427620470523834229e-01,2.889350056648254395e-01,7.518447637557983398e-01,-8.136108517646789551e-02,-1.145151019096374512e+00,-1.881445012986660004e-02,-2.629815936088562012e-01,8.523580431938171387e-01,5.272602438926696777e-01,-7.175034284591674805e-02,-7.338902950286865234e-01,-2.716670036315917969e+00,-8.698043823242187500e-01,6.533476710319519043e-01,-8.778302073478698730e-01,-1.440716862678527832e+00,-8.832077383995056152e-01,5.831164121627807617e-02,9.555258154869079590e-01,4.648204147815704346e-01,-2.100735157728195190e-01,-1.571453452110290527e+00,-1.017390370368957520e+00,-9.197563529014587402e-01,6.469402313232421875e-01,1.274560093879699707e-01,8.452685177326202393e-02,-2.068322598934173584e-01,-7.377315163612365723e-01,3.139264583587646484e-01,-9.987931698560714722e-02,4.986814036965370178e-02,-1.901315450668334961e-01,1.649484932422637939e-01,-2.883809804916381836e-01,0.000000000000000000e+00,0.000000000000000000e+00
-4.354235529899597168e-01,-1.390478372573852539e+00,-1.259743571281433105e+00,5.095282569527626038e-02,-9.217703342437744141e-01,1.094448447227478027e+00,4.648680984973907471e-01,9.158635139465332031e-01,1.280404210090637207e+00,9.856590628623962402e-01,-6.259409189224243164e-01,-1.901902705430984497e-01,2.089864015579223633e+00,1.341980993747711182e-01,9.130080938339233398e-01,2.810938835144042969e+00,8.191998302936553955e-02,0.000000000000000000e+00,3.520290136337280273e+00,8.448901772499084473e-01,-2.771310508251190186e-02,1.896692037582397461e+00,-4.872650653123855591e-02,9.281637072563171387e-01,7.257664203643798828e-01,1.428541183471679688e+00,-1.054463982582092285e+00,-1.323240160942077637e+00,-1.891137003898620605e+00,-1.109597012400627136e-01,-2.387273758649826050e-01,1.409724056720733643e-01,-1.803851008415222168e+00,-2.005464076995849609e+00,3.653362020850181580e-02,-6.841987371444702148e-01,-1.367886215448379517e-01,-1.924724102020263672e+00,-9.657316803932189941e-01,-1.062695026397705078e+00,-4.066544473171234131e-01,-4.616890847682952881e-01,-6.962750554084777832e-01,-1.135506704449653625e-01,-1.468831300735473633e+00,1.637263774871826172e+00,-8.527769446372985840e-01,7.922266721725463867e-01,-1.232382282614707947e-01,1.058084368705749512e+00,-9.969884157180786133e-01,-6.600880026817321777e-01,1.135652363300323486e-01,-3.460723459720611572e-01,-4.403741657733917236e-01,-3.003337085247039795e-01,-4.432370662689208984e-01,0.000000000000000000e+00,0.000000000000000000e+00
-7.134993560612201691e-03,-1.377285122871398926e-01,1.120333448052406311e-01,-1.225679039955139160e+00,-1.287746667861938477e+00,3.157219290733337402e-01,6.248165369033813477e-01,8.680305629968643188e-02,-1.332555651664733887e+00,-1.245399355888366699e+00,1.121520638465881348e+00,-1.048302769660949707e+00,6.151055693626403809e-01,9.968992322683334351e-02,1.129711627960205078e+00,6.928029060363769531e-01,-4.733769297599792480e-01,3.520290136337280273e+00,0.000000000000000000e+00,-5.884934663772583008e-01,7.325473427772521973e-01,1.116240620613098145e+00,-4.503111541271209717e-01,-2.007394552230834961e+00,9.362354874610900879e-01,1.299383789300918579e-01,3.115019202232360840e-01,-3.999980092048645020e-01,1.012202262878417969e+00,2.949954867362976074e-01,-4.951421618461608887e-01,-4.307912290096282959e-01,2.861087322235107422e-01,-1.355064272880554199e+00,9.920766353607177734e-01,1.203789830207824707e+00,1.116141319274902344e+00,2.213918417692184448e-01,1.354259014129638672e+00,1.052848100662231445e+00,5.000075697898864746e-01,-2.459705322980880737e-01,7.394037842750549316e-01,5.792760848999023438e-01,-6.786221265792846680e-01,1.692268848419189453e+00,-1.051884889602661133e+00,-1.051912188529968262e+00,-3.295062780380249023e-01,-1.596919894218444824e+00,2.108067870140075684e-01,-1.429468750953674316e+00,-2.768767774105072021e-01,-1.660565733909606934e-01,-8.351964354515075684e-01,2.891442775726318359e-01,-1.348135024309158325e-01,0.000000000000000000e+00,0.000000000000000000e+00
-6.890332102775573730e-01,-7.725552916526794434e-01,-4.312724471092224121e-01,-7.494409680366516113e-01,-1.887082606554031372e-01,-5.256179571151733398e-01,-5.771742668002843857e-03,-7.925096154212951660e-01,1.255328893661499023e+00,-3.814034163951873779e-01,-6.545069813728332520e-01,7.506311535835266113e-01,-6.070942878723144531e-01,5.895415544509887695e-01,1.952918618917465210e-01,-1.034485772252082825e-01,1.761340856552124023e+00,8.448901772499084473e-01,-5.884934663772583008e-01,0.000000000000000000e+00,9.979225397109985352e-01,3.232338905334472656e+00,2.183805964887142181e-02,1.371086835861206055e-01,5.937570929527282715e-01,-4.123091995716094971e-01,-6.570754200220108032e-02,2.932530045509338379e-01,1.456943452358245850e-01,-4.609001874923706055e-01,3.478108346462249756e-01,4.878345429897308350e-01,-9.706804901361465454e-02,1.332343667745590210e-01,3.610835671424865723e-01,-1.790184974670410156e-01,-5.813010931015014648e-01,-2.746032178401947021e-01,-6.317996382713317871e-01,-9.975345134735107422e-01,1.130540221929550171e-01,4.566625505685806274e-02,-4.154648184776306152e-01,6.660901755094528198e-02,-7.231135964393615723e-01,-9.439752697944641113e-01,7.236972451210021973e-02,-3.585318922996520996e-01,2.633078396320343018e-01,-9.168533086776733398e-01,-2.168416380882263184e-01,-2.048670530319213867e+00,-1.767758607864379883e+00,9.926390834152698517e-03,-1.134638309478759766e+00,3.404440879821777344e-01,5.195548534393310547e-01,0.000000000000000000e+00,0.000000000000000000e+00
3.666288256645202637e-01,-9.277906417846679688e-01,-5.708193182945251465e-01,-1.016970992088317871e+00,-7.651951909065246582e-02,-8.656082153320312500e-01,2.314436137676239014e-01,-9.283883571624755859e-01,-7.123607993125915527e-01,1.152322173118591309e+00,-3.451015651226043701e-01,3.102494776248931885e-01,-1.070286154747009277e+00,-8.521161079406738281e-01,-1.033208608627319336e+00,2.037539035081863403e-01,3.151669800281524658e-01,-2.771310508251190186e-02,7.325473427772521973e-01,9.979225397109985352e-01,0.000000000000000000e+00,-7.027505040168762207e-01,1.241868972778320312e+00,7.624540925025939941e-01,9.249379038810729980e-01,-1.797382235527038574e+00,6.761499047279357910e-01,1.155935168266296387e+00,-3.005376458168029785e-02,9.794303774833679199e-01,1.770025372505187988e+00,-5.697872042655944824e-01,-1.345362514257431030e-01,2.242259263992309570e+00,2.079849243164062500e-01,7.271993756294250488e-01,1.267496585845947266e+00,5.377565622329711914e-01,-1.385902523994445801e+00,-1.046197861433029175e-01,-1.429148614406585693e-01,1.084715962409973145e+00,-4.632999897003173828e-01,-2.057295799255371094e+00,3.381647765636444092e-01,5.999539792537689209e-02,-3.206160366535186768e-01,4.042193293571472168e-01,2.980566024780273438e-02,-6.048737168312072754e-01,-1.003376007080078125e+00,-3.106392920017242432e-01,-1.128270149230957031e+00,-1.038016676902770996e+00,8.671913146972656250e-01,3.537026643753051758e-01,-5.999389886856079102e-01,0.000000000000000000e+00,0.000000000000000000e+00
-1.392853379249572754e+00,-2.431550979614257812e+00,-1.701436996459960938e+00,-1.273009657859802246e+00,-1.540321588516235352e+00,3.172065615653991699e-01,-7.325358390808105469e-01,3.846256732940673828e-01,1.028158664703369141e+00,-1.206724196672439575e-01,2.365249022841453552e-02,-4.439791738986968994e-01,1.684289813041687012e+00,1.529163122177124023e-01,1.094769835472106934e+00,4.218983054161071777e-01,1.635010123252868652e+00,1.896692037582397461e+00,1.116240620613098145e+00,3.232338905334472656e+00,-7.027505040168762207e-01,0.000000000000000000e+00,1.723903536796569824e+00,-9.536288380622863770e-01,8.213886618614196777e-01,-5.818352699279785156e-01,-1.389416098594665527e+00,1.019144803285598755e-01,4.563446622341871262e-03,8.967272639274597168e-01,3.768360018730163574e-01,2.320694923400878906e+00,-1.449394822120666504e+00,-2.453361451625823975e-01,-3.469541788101196289e+00,9.706451743841171265e-02,-1.529322862625122070e+00,-2.175423622131347656e+00,1.132309556007385254e+00,-3.371163010597229004e-01,3.442221581935882568e-01,-2.385000288486480713e-01,-3.471579253673553467e-01,6.262415647506713867e-01,-9.673990607261657715e-01,1.548886537551879883e+00,-6.792379617691040039e-01,5.918565988540649414e-01,-5.817461013793945312e-01,5.443131923675537109e-01,-1.598892807960510254e-01,1.143763065338134766e+00,3.245327174663543701e-01,-3.234807029366493225e-02,-3.336872100830078125e+00,-2.405195474624633789e+00,-7.909463644027709961e-01,0.000000000000000000e+00,0.000000000000000000e+00
5.860393643379211426e-01,-1.587746620178222656e+00,-1.503803849220275879e+00,-1.827109456062316895e+00,-1.052722781896591187e-01,1.097522020339965820e+00,8.287002146244049072e-02,-7.981639355421066284e-02,1.094120979309082031e+00,8.590175509452819824e-01,5.419067740440368652e-01,1.009448885917663574e+00,8.572547435760498047e-01,-3.609515726566314697e-01,2.464389353990554810e-01,-3.045006990432739258e-01,-4.427620470523834229e-01,-4.872650653123855591e-02,-4.503111541271209717e-01,2.183805964887142181e-02,1.241868972778320312e+00,1.723903536796569824e+00,0.000000000000000000e+00,1.210820198059082031e+00,8.597804307937622070e-01,5.409845709800720215e-01,8.741272240877151489e-02,1.971458435058593750e+00,1.186842322349548340e+00,1.525426030158996582e+00,1.076594233512878418e+00,9.844048619270324707e-01,-1.303357839584350586e+00,-2.659090757369995117e+00,5.697589516639709473e-01,-4.568837285041809082e-01,2.320727109909057617e-01,3.410047590732574463e-01,2.792183160781860352e-01,5.119497179985046387e-01,2.735953330993652344e-01,8.567302823066711426e-01,-2.442129850387573242e+00,4.113534390926361084e-01,6.786004900932312012e-01,4.204044044017791748e-01,-5.367923974990844727e-01,-9.331915378570556641e-01,-1.053121805191040039e+00,-1.011252641677856445e+00,-9.382811933755874634e-02,-4.120487570762634277e-01,-1.948495060205459595e-01,-1.138063669204711914e+00,-1.219105601310729980e+00,-1.559549272060394287e-01,-4.034511744976043701e-01,0.000000000000000000e+00,0.000000000000000000e+00
4.002077132463455200e-02,-2.702786028385162354e-01,-5.042036771774291992e-01,1.405653804540634155e-01,-9.149081707000732422e-01,-9.497187733650207520e-01,-1.245717287063598633e+00,-1.274992674589157104e-01,-5.154059529304504395e-01,-4.615266323089599609e-01,6.921318769454956055e-01,2.377504110336303711e-01,-3.097554855048656464e-02,-1.242419481277465820e+00,-7.944056987762451172e-01,-7.240424752235412598e-01,2.889350056648254395e-01,9.281637072563171387e-01,-2.007394552230834961e+00,1.371086835861206055e-01,7.624540925025939941e-01,-9.536288380622863770e-01,1.210820198059082031e+00,0.000000000000000000e+00,8.937658667564392090e-01,1.293695926666259766e+00,3.200482606887817383e+00,-1.632020473480224609e+00,-3.983844444155693054e-02,1.429078936576843262e+00,5.031446218490600586e-01,2.886085510253906250e+00,1.501085758209228516e-01,9.821224808692932129e-01,-4.080128669738769531e-02,4.998821914196014404e-01,2.333931326866149902e-01,-3.921050131320953369e-01,-1.711287260055541992e+00,-7.195902466773986816e-01,7.021871805191040039e-01,-3.524815738201141357e-01,4.832988977432250977e-01,3.291712105274200439e-01,-1.754825830459594727e+00,-1.888033986091613770e+00,-5.105745047330856323e-02,-6.184342503547668457e-01,9.799817800521850586e-01,-1.618610501289367676e+00,-4.148926734924316406e-01,-1.863443374633789062e+00,1.262048929929733276e-01,-9.869962334632873535e-01,-4.591219425201416016e-01,9.115971922874450684e-01,6.854282021522521973e-01,0.000000000000000000e+00,0.000000000000000000e+00
-1.651915669441223145e+00,-2.599659264087677002e-01,-4.577255845069885254e-01,-5.652687549591064453e-01,-6.470585614442825317e-02,8.401664495468139648e-01,7.509799208492040634e-03,1.127619028091430664e+00,7.384629845619201660e-01,-1.934664011001586914e+00,4.475431442260742188e-01,-9.792626649141311646e-02,1.483488827943801880e-01,-1.575291901826858521e-01,1.161766052246093750e+00,-3.816457688808441162e-01,7.518447637557983398e-01,7.257664203643798828e-01,9.362354874610900879e-01,5.937570929527282715e-01,9.249379038810729980e-01,8.213886618614196777e-01,8.597804307937622070e-01,8.937658667564392090e-01,0.000000000000000000e+00,2.194379568099975586e+00,6.027599573135375977e-01,6.862736344337463379e-01,-2.511666119098663330e-01,9.529878497123718262e-01,-3.137375041842460632e-02,-2.733777165412902832e-01,-7.102770805358886719e-01,5.532529354095458984e-01,-5.681555271148681641e-01,4.497504830360412598e-01,-5.775362625718116760e-02,-1.253506541252136230e+00,2.440616339445114136e-01,-6.456158161163330078e-01,-1.616781055927276611e-01,9.956220984458923340e-01,1.507394313812255859e-01,1.762830734252929688e+00,-1.193661168217658997e-01,-4.297864437103271484e-01,1.980669200420379639e-01,-1.669650673866271973e+00,5.759756565093994141e-01,5.106053948402404785e-01,-2.824622094631195068e-01,-5.330668091773986816e-01,-3.230312764644622803e-01,-5.254343152046203613e-02,-1.387041509151458740e-01,-6.172943711280822754e-01,-3.274618685245513916e-01,0.000000000000000000e+00,0.000000000000000000e+00
-8.061103522777557373e-02,-1.953320354223251343e-01,-2.809179723262786865e-01,1.139930248260498047e+00,7.237330079078674316e-01,4.266021549701690674e-01,-2.926495075225830078e-01,-1.010740518569946289e+00,-3.693941831588745117e-01,-1.175487756729125977e+00,-3.985910713672637939e-01,-2.160169780254364014e-01,2.377106845378875732e-01,-1.401036083698272705e-01,-8.342953920364379883e-01,3.430381417274475098e-01,-8.136108517646789551e-02,1.428541183471679688e+00,1.299383789300918579e-01,-4.123091995716094971e-01,-1.797382235527038574e+00,-5.818352699279785156e-01,5.409845709800720215e-01,1.293695926666259766e+00,2.194379568099975586e+00,0.000000000000000000e+00,2.327707052230834961e+00,5.069620013236999512e-01,9.320291876792907715e-01,3.593737483024597168e-01,-7.652344703674316406e-01,1.057249188423156738e+00,3.030495941638946533e-01,2.926044864580035210e-03,-1.015636444091796875e+00,5.530582070350646973e-01,7.632226943969726562e-01,-1.683129429817199707e+00,9.108263850212097168e-01,6.960433125495910645e-01,-3.896831348538398743e-02,4.423554837703704834e-01,9.079810976982116699e-01,4.747185483574867249e-02,3.447448611259460449e-01,-1.432197451591491699e+00,9.766637086868286133e-01,1.211372837424278259e-01,4.905014336109161377e-01,2.839256823062896729e-01,-6.882553696632385254e-01,-8.042835593223571777e-01,9.421210885047912598e-01,3.184325397014617920e-01,-8.018329739570617676e-01,3.312770128250122070e-01,-4.355913028120994568e-02,0.000000000000000000e+00,0.000000000000000000e+00
