0.000000000000000000e+00,2.008177042007446289e+00,1.411439418792724609e+00,6.448615193367004395e-01,-8.156039118766784668e-01,-3.176874816417694092e-01,-1.632891654968261719e+00,1.675904393196105957e-01,1.703841052949428558e-02,-1.264462828636169434e+00,5.509070158004760742e-01,-3.179064691066741943e-01,4.237290918827056885e-01,-4.775268435478210449e-01,-4.964857101440429688e-01,2.605159580707550049e-01,1.500688046216964722e-01,7.380649447441101074e-01,-1.049034237861633301e+00,-2.848617136478424072e-01,-1.715794444084167480e+00,1.031331345438957214e-01,1.786402583122253418e+00,-3.978944718837738037e-01,-4.399006664752960205e-01,-2.733842134475708008e-01,-4.370821118354797363e-01,2.343548387289047241e-01,1.145009279251098633e+00,-2.244685590267181396e-02,5.435385927557945251e-02,5.209748148918151855e-01,-1.264841675758361816e+00,8.358707427978515625e-01,9.207724332809448242e-01,7.127962112426757812e-01,5.032207965850830078e-01,-1.017315149307250977e+00,8.297840952873229980e-01,-3.461945652961730957e-01,-4.317948222160339355e-02,3.867914676666259766e-01,3.970759510993957520e-01,6.881494522094726562e-01,-7.783285379409790039e-01,1.766068339347839355e-01,-1.612107992172241211e+00,-7.728763222694396973e-01,-4.016406238079071045e-01,5.357195138931274414e-01,-1.626919746398925781e+00,-2.098092287778854370e-01,6.091111898422241211e-01,1.260652303695678711e+00,-2.305315434932708740e-01,1.663708567619323730e+00,-4.412477016448974609e-01,-1.781025052070617676e+00,-5.651332139968872070e-01
2.008177042007446289e+00,0.000000000000000000e+00,1.387830138206481934e+00,-9.751027822494506836e-01,2.232418537139892578e+00,-9.431771039962768555e-01,9.020878076553344727e-01,-4.579997062683105469e-01,-2.221658706665039062e+00,1.934787154197692871e+00,3.429526090621948242e-01,-7.271609306335449219e-01,6.332771182060241699e-01,8.725498914718627930e-01,-1.632788062095642090e+00,-1.001237154006958008e+00,-3.722159862518310547e-01,-3.102975189685821533e-01,5.471231937408447266e-01,1.029691249132156372e-01,1.113671436905860901e-02,-9.574719071388244629e-01,-7.910525202751159668e-01,-1.388489246368408203e+00,6.069678068161010742e-01,-1.373019218444824219e+00,-7.269983887672424316e-01,-1.209109783172607422e+00,-7.818202972412109375e-01,-6.594306230545043945e-01,1.026087522506713867e+00,-1.278555035591125488e+00,1.628497600555419922e+00,9.561033248901367188e-01,-2.130803614854812622e-01,1.403994083404541016e+00,1.808316707611083984e-01,5.981521606445312500e-01,1.212963342666625977e+00,6.057043075561523438e-01,3.238506913185119629e-01,-2.452855587005615234e+00,4.422187060117721558e-02,1.694881170988082886e-01,8.163421154022216797e-01,1.304389983415603638e-01,-1.931778311729431152e+00,-2.263113737106323242e+00,6.502223014831542969e-01,-8.924952894449234009e-02,-2.270739227533340454e-01,7.792763113975524902e-01,-2.634803056716918945e-01,-9.246203303337097168e-01,-1.023792922496795654e-01,1.923088312149047852e+00,-5.855563282966613770e-01,1.588354468345642090e+00,3.784444928169250488e-01
1.411439418792724609e+00,1.387830138206481934e+00,0.000000000000000000e+00,1.569663763046264648e+00,1.611037969589233398e+00,1.376369953155517578e+00,4.315682649612426758e-01,5.062428712844848633e-01,2.004210650920867920e-01,-1.267432570457458496e+00,3.180355429649353027e-01,-7.951158881187438965e-01,8.285372853279113770e-01,1.301831126213073730e+00,6.429845094680786133e-02,-9.600321650505065918e-01,-1.286530941724777222e-01,1.391260981559753418e+00,4.698076546192169189e-01,-9.283092617988586426e-01,-1.039361000061035156e+00,1.169503211975097656e+00,-2.524222612380981445e+00,1.280125379562377930e-01,1.115168213844299316e+00,2.289151102304458618e-01,-1.637941837310791016e+00,1.065394207835197449e-01,-5.408108234405517578e-01,1.900965124368667603e-01,1.250190973281860352e+00,9.345242381095886230e-01,6.968997716903686523e-01,-6.368283033370971680e-01,1.360132843255996704e-01,-9.292418360710144043e-01,-1.257880806922912598e+00,-1.524284482002258301e-01,3.814152181148529053e-01,-1.818048596382141113e+00,1.014757037162780762e+00,-8.446888327598571777e-01,1.256048977375030518e-01,-4.270688816905021667e-02,3.236420154571533203e-01,-1.756970047950744629e+00,-4.778779447078704834e-01,1.927374154329299927e-01,1.378654241561889648e+00,1.144411489367485046e-01,-1.109601020812988281e+00,-1.016540169715881348e+00,-1.025262922048568726e-01,-3.032808601856231689e-01,-1.618281565606594086e-02,-1.030655741691589355e+00,-2.050610929727554321e-01,-6.736176609992980957e-01,4.595259130001068115e-01
6.448615193367004395e-01,-9.751027822494506836e-01,1.569663763046264648e+00,0.000000000000000000e+00,1.534984111785888672e+00,1.653869986534118652e+00,-6.292315125465393066e-01,1.113912940025329590e+00,-5.242732763290405273e-01,-6.897889375686645508e-01,1.697486162185668945e+00,-2.211761772632598877e-01,5.280124545097351074e-01,-2.889805316925048828e+00,-5.877337455749511719e-01,1.441138625144958496e+00,5.184484124183654785e-01,1.534500241279602051e+00,-6.272001862525939941e-01,-8.107615709304809570e-01,-2.297758579254150391e+00,-1.303488492965698242e+00,3.077945113182067871e-01,2.925101220607757568e-01,-1.950026750564575195e+00,1.124514415860176086e-01,-9.553059339523315430e-01,-4.802861809730529785e-01,4.530708491802215576e-02,-7.139494419097900391e-01,7.985191345214843750e-01,1.090405106544494629e+00,-3.524100407958030701e-02,-1.787176251411437988e+00,5.845021009445190430e-01,3.787406086921691895e-01,7.553612589836120605e-01,3.858399093151092529e-01,2.161643028259277344e+00,2.051354169845581055e+00,-1.142605066299438477e+00,6.281875967979431152e-01,-1.025165766477584839e-01,-2.392620086669921875e+00,-1.639006853103637695e+00,5.024739503860473633e-01,-8.380704522132873535e-01,1.504404664039611816e+00,-1.583073586225509644e-01,7.010805606842041016e-01,-1.627636432647705078e+00,-6.872984170913696289e-01,-1.695722490549087524e-01,1.220421075820922852e+00,1.153977632522583008e+00,-2.804361097514629364e-02,-1.884908080101013184e+00,-6.608569622039794922e-01,-1.404807209968566895e+00
-8.156039118766784668e-01,2.232418537139892578e+00,1.611037969589233398e+00,1.534984111785888672e+00,0.000000000000000000e+00,4.368871152400970459e-01,3.097588777542114258e+00,2.537462949752807617e+00,-2.723752260208129883e-01,3.363711833953857422e-01,5.407367348670959473e-01,-1.058518767356872559e+00,-1.236571907997131348e+00,-1.120868921279907227e+00,-7.005050182342529297e-01,-1.491354823112487793e+00,-4.029256999492645264e-01,-7.594958543777465820e-01,-8.326088786125183105e-01,-8.677217364311218262e-01,-1.724195241928100586e+00,-3.913689404726028442e-02,1.119913935661315918e+00,1.057302951812744141e-01,-1.859170198440551758e+00,-3.141141533851623535e-01,7.122057676315307617e-01,-9.255400300025939941e-01,-1.301943182945251465e+00,1.078542470932006836e+00,-6.488682627677917480e-01,9.807385206222534180e-01,1.589549034833908081e-01,-1.017769694328308105e+00,9.835143089294433594e-01,-5.008459687232971191e-01,-7.503384947776794434e-01,4.597443044185638428e-01,-1.465893149375915527e+00,-5.396658182144165039e-01,-1.094991683959960938e+00,3.970255255699157715e-01,6.406634449958801270e-01,-2.131283581256866455e-01,-7.523874640464782715e-01,1.006676673889160156e+00,-2.417970418930053711e+00,4.025840163230895996e-01,-6.897746920585632324e-01,-7.168329954147338867e-01,1.247331500053405762e+00,1.504538059234619141e+00,-1.228318333625793457e+00,2.258708626031875610e-01,1.418519496917724609e+00,-1.825695037841796875e+00,-2.669267058372497559e-01,1.040610551834106445e+00,-2.456586062908172607e-01
-3.176874816417694092e-01,-9.431771039962768555e-01,1.376369953155517578e+00,1.653869986534118652e+00,4.368871152400970459e-01,0.000000000000000000e+00,1.326573848724365234e+00,6.086139678955078125e-01,9.150523543357849121e-01,1.974412441253662109e+00,-1.371088981628417969e+00,5.270441770553588867e-01,-1.892827868461608887e+00,1.021867245435714722e-01,6.676834821701049805e-01,-3.909476697444915771e-01,-6.966574192047119141e-01,1.117017030715942383e+00,-1.024595975875854492e+00,-1.102418899536132812e+00,7.963523864746093750e-01,-1.230489134788513184e+00,6.574588418006896973e-01,4.008919596672058105e-01,1.597579568624496460e-01,2.169300802052021027e-02,1.874176561832427979e-01,6.058473587036132812e-01,2.300802022218704224e-01,-5.846803784370422363e-01,-1.376048028469085693e-01,-1.189949139952659607e-01,-2.579039037227630615e-01,-8.025424480438232422e-01,7.438406348228454590e-01,-4.705095589160919189e-01,-1.190506458282470703e+00,-7.943842411041259766e-01,4.556248486042022705e-01,-2.112813889980316162e-01,-1.838516473770141602e+00,3.713491559028625488e-01,-8.896040916442871094e-01,-8.665570616722106934e-02,-1.347852945327758789e+00,9.076937288045883179e-02,4.819903969764709473e-01,1.202715039253234863e+00,2.416251152753829956e-01,2.885923683643341064e-01,-7.654513120651245117e-01,-6.637933850288391113e-01,9.463051557540893555e-01,1.451696395874023438e+00,-4.506486058235168457e-01,-2.057909369468688965e-01,-5.393201708793640137e-01,-1.832389980554580688e-01,-4.975466132164001465e-01
-1.632891654968261719e+00,9.020878076553344727e-01,4.315682649612426758e-01,-6.292315125465393066e-01,3.097588777542114258e+00,1.326573848724365234e+00,0.000000000000000000e+00,2.565028667449951172e+00,-4.974044859409332275e-01,-4.943511188030242920e-01,1.634704023599624634e-01,2.594389319419860840e-01,1.134006738662719727e+00,1.156655907630920410e+00,-2.480170279741287231e-01,-1.177793622016906738e+00,1.085366606712341309e+00,-1.626612693071365356e-01,6.199132204055786133e-01,-7.327461242675781250e-01,-8.927240967750549316e-01,2.983449995517730713e-01,1.299259185791015625e+00,-8.700256049633026123e-02,-3.884501159191131592e-01,7.325933575630187988e-01,-1.627037972211837769e-01,-6.485979557037353516e-01,-3.212668895721435547e-01,-6.433459371328353882e-02,-3.314738869667053223e-01,-8.884025812149047852e-01,1.495524644851684570e-01,6.880525350570678711e-01,-2.193902619183063507e-02,3.617179989814758301e-01,-1.562174201011657715e+00,1.069852352142333984e+00,-3.188653290271759033e-01,-2.074546575546264648e+00,-6.051086783409118652e-01,-8.130041360855102539e-01,-7.423143982887268066e-01,-7.887365818023681641e-01,-5.157373547554016113e-01,3.734916448593139648e-02,6.948961019515991211e-01,7.523288577795028687e-02,-1.251137703657150269e-01,1.466096639633178711e-01,1.553698420524597168e+00,3.975196778774261475e-01,-1.219626665115356445e+00,1.981021277606487274e-02,8.546236753463745117e-01,-2.417145729064941406e+00,8.945271968841552734e-01,-7.329633086919784546e-02,-9.521075338125228882e-02
1.675904393196105957e-01,-4.579997062683105469e-01,5.062428712844848633e-01,1.113912940025329590e+00,2.537462949752807617e+00,6.086139678955078125e-01,2.565028667449951172e+00,0.000000000000000000e+00,6.477988362312316895e-01,-6.015219688415527344e-01,-1.186422854661941528e-01,5.548298954963684082e-01,-9.217379689216613770e-01,-1.219205856323242188e+00,5.919798016548156738e-01,-1.618136048316955566e+00,-5.514215230941772461e-01,8.104003071784973145e-01,-7.284432053565979004e-01,5.650523900985717773e-01,9.063485264778137207e-01,5.324079394340515137e-01,2.165996551513671875e+00,2.669215202331542969e-01,4.886790513992309570e-01,-4.485398530960083008e-01,-3.211870044469833374e-02,-1.071560263633728027e+00,-4.821133911609649658e-01,1.763634920120239258e+00,-1.702771931886672974e-01,-6.803746819496154785e-01,-2.955963015556335449e-01,-9.011625051498413086e-01,-9.667164087295532227e-01,-1.787732839584350586e+00,-3.668485283851623535e-01,1.102394089102745056e-01,-7.173131704330444336e-01,-5.442778468132019043e-01,-3.195772692561149597e-02,1.509991139173507690e-01,-2.701477110385894775e-01,6.422886848449707031e-01,4.859124124050140381e-01,-1.305420279502868652e+00,9.779032468795776367e-01,4.827281236648559570e-01,6.239627599716186523e-01,-1.292443275451660156e+00,1.174292042851448059e-01,-2.814599871635437012e-01,-2.595385074615478516e+00,-5.727199912071228027e-01,-1.646869540214538574e+00,4.523461461067199707e-01,1.054259613156318665e-01,-9.312571883201599121e-01,9.591448307037353516e-01
1.703841052949428558e-02,-2.221658706665039062e+00,2.004210650920867920e-01,-5.242732763290405273e-01,-2.723752260208129883e-01,9.150523543357849121e-01,-4.974044859409332275e-01,6.477988362312316895e-01,0.000000000000000000e+00,2.013404130935668945e+00,-6.433860063552856445e-01,1.698883056640625000e+00,-8.704555630683898926e-01,1.059061884880065918e+00,2.607757329940795898e+00,-3.194493949413299561e-01,-3.574548987671732903e-03,1.070512056350708008e+00,2.221119552850723267e-01,1.845559239387512207e+00,1.164718270301818848e+00,1.537496209144592285e+00,-6.837360262870788574e-01,-7.963050007820129395e-01,4.258190393447875977e-01,1.724664568901062012e-01,8.071817457675933838e-02,-6.337162852287292480e-01,2.826277911663055420e-01,-1.947149783372879028e-01,-5.335378050804138184e-01,-4.189736545085906982e-01,-1.146327733993530273e+00,-1.801558732986450195e-01,-1.691525340080261230e+00,-2.006115674972534180e+00,-1.208202004432678223e+00,8.026045560836791992e-02,-1.667723059654235840e+00,-7.539051771163940430e-02,-7.827408909797668457e-01,-1.424814939498901367e+00,-5.980731844902038574e-01,-9.938120841979980469e-02,5.546701550483703613e-01,3.813034668564796448e-02,-4.765205979347229004e-01,7.413500547409057617e-01,-9.150037765502929688e-01,-1.066119194030761719e+00,-3.719964027404785156e-01,-1.429453849792480469e+00,-3.597832620143890381e-01,1.532949805259704590e-01,-3.272837102413177490e-01,-5.419698357582092285e-01,1.308638215065002441e+00,-8.044846355915069580e-02,3.447691798210144043e-01
-1.264462828636169434e+00,1.934787154197692871e+00,-1.267432570457458496e+00,-6.897889375686645508e-01,3.363711833953857422e-01,1.974412441253662109e+00,-4.943511188030242920e-01,-6.015219688415527344e-01,2.013404130935668945e+00,0.000000000000000000e+00,2.601810932159423828e+00,7.564400434494018555e-01,2.526793718338012695e+00,-5.478867292404174805e-01,8.889914751052856445e-01,-5.883973836898803711e-01,-1.532071977853775024e-01,-2.430672049522399902e-01,-1.329430818557739258e+00,7.124435901641845703e-02,2.920445203781127930e-01,-8.209860324859619141e-02,1.007532358169555664e+00,-1.534103393554687500e+00,1.621197350323200226e-02,-1.830470681190490723e+00,-5.792124271392822266e-01,-1.224205493927001953e+00,-9.508239626884460449e-01,-1.520280718803405762e+00,-1.403695702552795410e+00,-7.805826067924499512e-01,7.846127748489379883e-01,-1.280049443244934082e+00,-4.440021812915802002e-01,-8.039969801902770996e-01,-7.088814377784729004e-01,-8.220492601394653320e-01,5.412554740905761719e-01,7.995569705963134766e-01,2.595157921314239502e-01,2.311848551034927368e-01,2.787674367427825928e-01,1.859524488449096680e+00,-1.062317490577697754e-01,1.962417960166931152e-01,-2.440184354782104492e+00,1.722881644964218140e-01,3.691605105996131897e-02,-1.194481015205383301e+00,2.638029098510742188e+00,-1.085081219673156738e+00,-1.518545389175415039e+00,1.294184774160385132e-01,-4.578453898429870605e-01,-2.856874704360961914e+00,2.676866054534912109e-01,1.765211969614028931e-01,-1.063673496246337891e+00
5.509070158004760742e-01,3.429526090621948242e-01,3.180355429649353027e-01,1.697486162185668945e+00,5.407367348670959473e-01,-1.371088981628417969e+00,1.634704023599624634e-01,-1.186422854661941528e-01,-6.433860063552856445e-01,2.601810932159423828e+00,0.000000000000000000e+00,4.684979617595672607e-01,4.819065630435943604e-01,2.191980361938476562e+00,-7.829474657773971558e-02,-2.265074700117111206e-01,-2.474469393491744995e-01,2.803161442279815674e-01,-4.742177426815032959e-01,-7.486671209335327148e-01,4.095317423343658447e-02,2.841680049896240234e-01,-1.360196620225906372e-01,3.104341924190521240e-01,-1.397070050239562988e+00,-2.692681252956390381e-01,4.320256784558296204e-02,-5.945068597793579102e-01,-1.261294007301330566e+00,-1.178349375724792480e+00,8.187649250030517578e-01,4.244814217090606689e-01,9.661943465471267700e-02,1.220833539962768555e+00,5.196775794029235840e-01,8.484346866607666016e-01,4.332909882068634033e-01,7.246715575456619263e-02,1.114274978637695312e+00,6.240426301956176758e-01,-1.972134262323379517e-01,4.750183522701263428e-01,1.003142595291137695e-01,-1.280634641647338867e+00,-6.796035170555114746e-01,-9.881497621536254883e-01,8.676975965499877930e-01,-1.780561327934265137e+00,6.821915507316589355e-01,1.421476006507873535e+00,9.530113935470581055e-01,9.544583968818187714e-03,4.189171791076660156e-01,4.297963082790374756e-01,2.611045837402343750e-01,7.478005886077880859e-01,-2.446985244750976562e-01,4.787365794181823730e-01,-1.774977326393127441e+00
-3.179064691066741943e-01,-7.271609306335449219e-01,-7.951158881187438965e-01,-2.211761772632598877e-01,-1.058518767356872559e+00,5.270441770553588867e-01,2.594389319419860840e-01,5.548298954963684082e-01,1.698883056640625000e+00,7.564400434494018555e-01,4.684979617595672607e-01,0.000000000000000000e+00,-3.369941115379333496e-01,1.037588715553283691e+00,2.543281793594360352e+00,-1.445531398057937622e-01,1.709454178810119629e+00,1.041712686419487000e-01,-2.313962429761886597e-01,-3.571168482303619385e-01,4.512518048286437988e-01,-2.323426604270935059e-01,1.112453490495681763e-01,2.186959534883499146e-01,3.546776473522186279e-01,-2.173121720552444458e-01,-8.587250709533691406e-01,-6.572471857070922852e-01,1.281154900789260864e-01,2.827283442020416260e-01,-2.145106047391891479e-01,3.781270980834960938e-01,-3.483905196189880371e-01,-7.551352381706237793e-01,-1.677938818931579590e+00,-1.680505156517028809e+00,-8.510099649429321289e-01,1.062399446964263916e-01,-8.052033782005310059e-01,1.509423106908798218e-01,-8.822596818208694458e-02,-9.237557649612426758e-01,-7.335391640663146973e-01,-4.989252388477325439e-01,1.040881991386413574e+00,6.873102784156799316e-01,-7.203434407711029053e-02,-2.458578497171401978e-01,-7.445513010025024414e-01,1.839779615402221680e-01,2.121807336807250977e-01,5.107905864715576172e-01,-1.586539149284362793e-01,1.981406956911087036e-01,-4.286303222179412842e-01,-5.614128708839416504e-02,-2.636264264583587646e-01,-4.490066766738891602e-01,1.458057016134262085e-01
4.237290918827056885e-01,6.332771182060241699e-01,8.285372853279113770e-01,5.280124545097351074e-01,-1.236571907997131348e+00,-1.892827868461608887e+00,1.134006738662719727e+00,-9.217379689216613770e-01,-8.704555630683898926e-01,2.526793718338012695e+00,4.819065630435943604e-01,-3.369941115379333496e-01,0.000000000000000000e+00,1.746045589447021484e+00,-6.406761705875396729e-02,-1.231954216957092285e+00,-4.308435618877410889e-01,-1.385758072137832642e-01,9.325864911079406738e-01,-9.491053223609924316e-01,5.691700056195259094e-02,5.826107859611511230e-01,3.980976641178131104e-01,-8.005362004041671753e-02,8.571118116378784180e-01,4.419316947460174561e-01,6.812779307365417480e-01,1.169356226921081543e+00,1.007007479667663574e+00,-7.011188268661499023e-01,-2.007906675338745117e+00,4.193973541259765625e-01,1.751324653625488281e+00,2.446523606777191162e-01,5.129697918891906738e-01,2.133631259202957153e-01,1.375809907913208008e+00,-1.077838778495788574e+00,-9.285256266593933105e-01,-6.922725439071655273e-01,-1.102339386940002441e+00,-4.963790997862815857e-03,2.365343719720840454e-01,2.825378999114036560e-02,-1.120696783065795898e+00,5.578607916831970215e-01,2.974046766757965088e-01,-5.781369209289550781e-01,-8.423572778701782227e-01,4.715006053447723389e-01,6.208252906799316406e-01,-8.286399394273757935e-02,4.167245626449584961e-01,-8.383298516273498535e-01,1.281818866729736328e+00,-1.117355599999427795e-01,-3.719541728496551514e-01,2.827653884887695312e-01,-3.169892132282257080e-01
-4.775268435478210449e-01,8.725498914718627930e-01,1.301831126213073730e+00,-2.889805316925048828e+00,-1.120868921279907227e+00,1.021867245435714722e-01,1.156655907630920410e+00,-1.219205856323242188e+00,1.059061884880065918e+00,-5.478867292404174805e-01,2.191980361938476562e+00,1.037588715553283691e+00,1.746045589447021484e+00,0.000000000000000000e+00,1.653421401977539062e+00,3.403584003448486328e+00,5.193443894386291504e-01,7.250181436538696289e-01,-1.379863619804382324e+00,3.198904097080230713e-01,4.707415997982025146e-01,3.924593031406402588e-01,-5.959850549697875977e-01,2.253107875585556030e-01,-8.523591160774230957e-01,-4.373864457011222839e-02,2.891126573085784912e-01,-1.076623439788818359e+00,-1.666950106620788574e+00,-5.412090420722961426e-01,7.086460590362548828e-01,5.065997838973999023e-01,-1.439759254455566406e+00,-2.936725020408630371e-01,2.816194295883178711e-01,-4.020433723926544189e-01,7.890863418579101562e-01,-2.133993864059448242e+00,-9.752383828163146973e-01,-3.752189278602600098e-01,-1.593060731887817383e+00,1.479481905698776245e-01,1.092450380325317383e+00,-4.040965735912322998e-01,-6.688352227210998535e-01,1.137014627456665039e+00,-1.181045055389404297e+00,-1.790649414062500000e+00,-1.413351595401763916e-01,-1.060848474502563477e+00,-4.666127562522888184e-01,6.431509256362915039e-01,-1.638960361480712891e+00,-1.909419536590576172e+00,-2.854299843311309814e-01,1.387867450714111328e+00,1.204272825270891190e-02,5.318171977996826172e-01,2.314333021640777588e-01
-4.964857101440429688e-01,-1.632788062095642090e+00,6.429845094680786133e-02,-5.877337455749511719e-01,-7.005050182342529297e-01,6.676834821701049805e-01,-2.480170279741287231e-01,5.919798016548156738e-01,2.607757329940795898e+00,8.889914751052856445e-01,-7.829474657773971558e-02,2.543281793594360352e+00,-6.406761705875396729e-02,1.653421401977539062e+00,0.000000000000000000e+00,1.572713553905487061e-01,1.500260591506958008e+00,7.683181762695312500e-01,-1.240795850753784180e-01,1.411304473876953125e+00,1.066243171691894531e+00,1.213349342346191406e+00,-1.770803481340408325e-01,3.766880333423614502e-01,1.370890736579895020e-01,3.594112098217010498e-01,-8.463467359542846680e-01,-9.214427471160888672e-01,-6.386382132768630981e-02,1.764826178550720215e-01,5.532092228531837463e-02,2.295055538415908813e-01,-8.923947215080261230e-01,-1.132904887199401855e+00,-2.375284433364868164e+00,-2.584524393081665039e+00,-1.321434140205383301e+00,-4.373511970043182373e-01,-1.173188686370849609e+00,-6.550120562314987183e-02,2.824316024780273438e-01,-1.688960194587707520e+00,-7.558335065841674805e-01,-6.105909347534179688e-01,8.866424560546875000e-01,-7.689437270164489746e-01,-4.064902365207672119e-01,1.830458343029022217e-01,-1.018373608589172363e+00,-4.408947527408599854e-01,-2.793812751770019531e-01,-1.541779041290283203e-01,-6.044844985008239746e-01,-2.758948206901550293e-01,-7.830938100814819336e-01,-6.227001547813415527e-01,1.171204686164855957e+00,-8.937968611717224121e-01,1.361481286585330963e-02
2.605159580707550049e-01,-1.001237154006958008e+00,-9.600321650505065918e-01,1.441138625144958496e+00,-1.491354823112487793e+00,-3.909476697444915771e-01,-1.177793622016906738e+00,-1.618136048316955566e+00,-3.194493949413299561e-01,-5.883973836898803711e-01,-2.265074700117111206e-01,-1.445531398057937622e-01,-1.231954216957092285e+00,3.403584003448486328e+00,1.572713553905487061e-01,0.000000000000000000e+00,6.672810316085815430e-01,1.188975334167480469e+00,4.715169966220855713e-01,-6.940013170242309570e-02,-1.989678502082824707e+00,-1.131565093994140625e+00,4.911149144172668457e-01,2.058096170425415039e+00,2.957037985324859619e-01,2.854697704315185547e-01,4.465829432010650635e-01,7.504023313522338867e-01,-4.629996418952941895e-02,1.299263715744018555e+00,-3.199001550674438477e+00,9.598910808563232422e-01,-2.275364995002746582e-01,4.769272804260253906e-01,1.185608863830566406e+00,1.485051274299621582e+00,6.453909277915954590e-01,-1.548927783966064453e+00,9.964566826820373535e-01,4.673131406307220459e-01,-4.009848833084106445e-01,5.810836553573608398e-01,8.682245016098022461e-02,-4.937117695808410645e-01,-3.530943095684051514e-01,-2.852362096309661865e-01,1.180287599563598633e-01,6.996220946311950684e-01,-3.246589004993438721e-01,1.882538199424743652e-01,-1.291423887014389038e-01,-7.277613878250122070e-01,-1.666320919990539551e+00,-1.173036932945251465e+00,1.316470384597778320e+00,3.320421576499938965e-01,-4.609370231628417969e-01,-1.172801375389099121e+00,-3.373634517192840576e-01
1.500688046216964722e-01,-3.722159862518310547e-01,-1.286530941724777222e-01,5.184484124183654785e-01,-4.029256999492645264e-01,-6.966574192047119141e-01,1.085366606712341309e+00,-5.514215230941772461e-01,-3.574548987671732903e-03,-1.532071977853775024e-01,-2.474469393491744995e-01,1.709454178810119629e+00,-4.308435618877410889e-01,5.193443894386291504e-01,1.500260591506958008e+00,6.672810316085815430e-01,0.000000000000000000e+00,-2.061952054500579834e-01,-4.049758613109588623e-02,1.303547501564025879e+00,1.132541894912719727e-01,-4.442014396190643311e-01,7.097543478012084961e-01,3.005846738815307617e-01,3.908899426460266113e-01,4.643885791301727295e-01,1.114941015839576721e-01,7.588893175125122070e-01,6.705169677734375000e-01,1.117888331413269043e+00,-2.905832827091217041e-01,1.521939691156148911e-02,-3.458662629127502441e-01,-5.095076560974121094e-01,-9.887093901634216309e-01,-1.017081737518310547e+00,-1.697696745395660400e-01,-1.592920348048210144e-02,-4.579021930694580078e-01,-3.703122437000274658e-01,1.998792290687561035e-01,-4.051905870437622070e-01,-5.374130606651306152e-01,-7.909870892763137817e-02,-4.255572259426116943e-01,-1.192214936017990112e-01,3.794744312763214111e-01,-6.619524955749511719e-01,-5.688395500183105469e-01,-2.261162698268890381e-01,-2.401866763830184937e-01,5.756587982177734375e-01,5.208700299263000488e-01,1.543899029493331909e-01,-2.955343127250671387e-01,-8.594473004341125488e-01,-5.991541147232055664e-01,-9.855970740318298340e-01,-3.048280477523803711e-01
7.380649447441101074e-01,-3.102975189685821533e-01,1.391260981559753418e+00,1.534500241279602051e+00,-7.594958543777465820e-01,1.117017030715942383e+00,-1.626612693071365356e-01,8.104003071784973145e-01,1.070512056350708008e+00,-2.430672049522399902e-01,2.803161442279815674e-01,1.041712686419487000e-01,-1.385758072137832642e-01,7.250181436538696289e-01,7.683181762695312500e-01,1.188975334167480469e+00,-2.061952054500579834e-01,0.000000000000000000e+00,3.326562941074371338e-01,1.557496547698974609e+00,1.174109578132629395e+00,1.283902406692504883e+00,5.203798413276672363e-01,-8.473176956176757812e-01,-3.580043613910675049e-01,9.492652416229248047e-01,5.073192715644836426e-01,5.137707591056823730e-01,6.693983078002929688e-01,3.799852728843688965e-02,2.701719999313354492e-01,-1.796963438391685486e-02,-5.479532480239868164e-01,-3.156036138534545898e-01,-4.477030932903289795e-01,-8.252252936363220215e-01,5.524441599845886230e-01,2.079565078020095825e-01,-2.913732290267944336e+00,-5.621114373207092285e-01,-1.771889925003051758e+00,-7.510213255882263184e-01,-1.009108543395996094e+00,-2.762863039970397949e-01,-2.764020264148712158e-01,8.608910441398620605e-01,-1.838467955589294434e+00,2.018902778625488281e+00,-3.950382471084594727e-01,-1.184527650475502014e-01,-5.448066592216491699e-01,-1.173563003540039062e+00,1.149669647216796875e+00,-6.139467954635620117e-01,-8.859253525733947754e-01,5.089806914329528809e-01,2.460233718156814575e-01,-2.527897834777832031e+00,-8.673944473266601562e-01
-1.049034237861633301e+00,5.471231937408447266e-01,4.698076546192169189e-01,-6.272001862525939941e-01,-8.326088786125183105e-01,-1.024595975875854492e+00,6.199132204055786133e-01,-7.284432053565979004e-01,2.221119552850723267e-01,-1.329430818557739258e+00,-4.742177426815032959e-01,-2.313962429761886597e-01,9.325864911079406738e-01,-1.379863619804382324e+00,-1.240795850753784180e-01,4.715169966220855713e-01,-4.049758613109588623e-02,3.326562941074371338e-01,0.000000000000000000e+00,-1.328338831663131714e-01,4.809619784355163574e-01,3.493332862854003906e-02,-1.068947672843933105e+00,-1.691746711730957031e-01,1.031398773193359375e+00,5.339590832591056824e-02,-1.111185431480407715e+00,1.288452029228210449e+00,1.343751311302185059e+00,1.152646780014038086e+00,-3.802750408649444580e-01,-9.665253758430480957e-02,-3.276651799678802490e-01,4.647381603717803955e-01,1.113444209098815918e+00,-5.634329319000244141e-01,-3.940964043140411377e-01,8.766528964042663574e-01,4.876409173011779785e-01,2.058715105056762695e+00,2.117933750152587891e+00,-1.009114742279052734e+00,1.217997908592224121e+00,8.303241133689880371e-01,9.880844354629516602e-01,1.704901099205017090e+00,-6.925859451293945312e-01,-9.562599062919616699e-01,-1.302863717079162598e+00,-9.768475294113159180e-01,-8.199441432952880859e-01,1.294640451669692993e-01,2.294162474572658539e-02,-5.114806294441223145e-01,-6.182733923196792603e-02,1.807071089744567871e+00,2.042234092950820923e-01,9.346162676811218262e-01,-1.111793160438537598e+00
-2.848617136478424072e-01,1.029691249132156372e-01,-9.283092617988586426e-01,-8.107615709304809570e-01,-8.677217364311218262e-01,-1.102418899536132812e+00,-7.327461242675781250e-01,5.650523900985717773e-01,1.845559239387512207e+00,7.124435901641845703e-02,-7.486671209335327148e-01,-3.571168482303619385e-01,-9.491053223609924316e-01,3.198904097080230713e-01,1.411304473876953125e+00,-6.940013170242309570e-02,1.303547501564025879e+00,1.557496547698974609e+00,-1.328338831663131714e-01,0.000000000000000000e+00,1.772458195686340332e+00,2.279816627502441406e+00,1.618572473526000977e+00,5.208517909049987793e-01,1.519530534744262695e+00,6.126486659049987793e-01,-1.933609694242477417e-02,7.478823065757751465e-01,-6.195581331849098206e-02,5.043771266937255859e-01,1.278706938028335571e-01,3.600772917270660400e-01,-1.586827516555786133e+00,-1.246593236923217773e+00,-1.847769021987915039e+00,-8.625025153160095215e-01,-5.262705683708190918e-01,-9.799996018409729004e-01,-1.290135979652404785e+00,1.907795965671539307e-01,4.428677558898925781e-01,-1.790258526802062988e+00,-7.858774662017822266e-01,-7.267402410507202148e-01,7.425093650817871094e-02,-1.429424732923507690e-01,-1.770803481340408325e-01,2.567515671253204346e-01,3.560699149966239929e-02,-1.325698018074035645e+00,-1.151378974318504333e-01,-1.457454323768615723e+00,-8.344017863273620605e-01,-8.982358574867248535e-01,-2.252348661422729492e-01,1.325711607933044434e-01,1.407971739768981934e+00,-8.052981495857238770e-01,2.694117724895477295e-01
-1.715794444084167480e+00,1.113671436905860901e-02,-1.039361000061035156e+00,-2.297758579254150391e+00,-1.724195241928100586e+00,7.963523864746093750e-01,-8.927240967750549316e-01,9.063485264778137207e-01,1.164718270301818848e+00,2.920445203781127930e-01,4.095317423343658447e-02,4.512518048286437988e-01,5.691700056195259094e-02,4.707415997982025146e-01,1.066243171691894531e+00,-1.989678502082824707e+00,1.132541894912719727e-01,1.174109578132629395e+00,4.809619784355163574e-01,1.772458195686340332e+00,0.000000000000000000e+00,9.248736500740051270e-01,1.398155570030212402e+00,-3.622009158134460449e-01,1.711160302162170410e+00,-9.276090189814567566e-03,-5.453549027442932129e-01,9.431236386299133301e-01,1.168349981307983398e+00,-4.104669094085693359e-01,1.472790688276290894e-01,-1.270414352416992188e+00,1.476137787103652954e-01,3.151884377002716064e-01,-5.041812062263488770e-01,-5.932056903839111328e-01,-1.705122739076614380e-01,6.190983057022094727e-01,-1.002939939498901367e+00,-6.998969316482543945e-01,-2.157591581344604492e+00,2.918877899646759033e-01,3.250197172164916992e-01,7.493158578872680664e-01,3.788341581821441650e-02,-7.970038801431655884e-02,-1.684938430786132812e+00,-8.094646930694580078e-01,9.351493120193481445e-01,-4.700752198696136475e-01,-1.255209922790527344e+00,1.078532457351684570e+00,-6.822328567504882812e-01,1.681593775749206543e+00,1.118491530418395996e+00,-9.216283559799194336e-01,1.238217830657958984e+00,-1.080270528793334961e+00,2.158111631870269775e-01
1.031331345438957214e-01,-9.574719071388244629e-01,1.169503211975097656e+00,-1.303488492965698242e+00,-3.913689404726028442e-02,-1.230489134788513184e+00,2.983449995517730713e-01,5.324079394340515137e-01,1.537496209144592285e+00,-8.209860324859619141e-02,2.841680049896240234e-01,-2.323426604270935059e-01,5.826107859611511230e-01,3.924593031406402588e-01,1.213349342346191406e+00,-1.131565093994140625e+00,-4.442014396190643311e-01,1.283902406692504883e+00,3.493332862854003906e-02,2.279816627502441406e+00,9.248736500740051270e-01,0.000000000000000000e+00,-6.586552262306213379e-01,1.468920350074768066e+00,4.682024419307708740e-01,-5.904029011726379395e-01,1.479551643133163452e-01,1.409485191106796265e-01,7.116265594959259033e-02,8.254599571228027344e-02,-4.810321331024169922e-01,-4.672284126281738281e-01,7.703856229782104492e-01,5.696007013320922852e-01,-7.619794011116027832e-01,-1.930844783782958984e+00,-8.446977734565734863e-01,-3.644776642322540283e-01,-8.083218932151794434e-01,-5.219029784202575684e-01,4.042271673679351807e-01,-7.354717254638671875e-01,-1.448410749435424805e-01,-2.254456430673599243e-01,1.338492333889007568e-01,3.837116956710815430e-01,-9.460070133209228516e-01,9.157290458679199219e-01,-1.273576378822326660e+00,-7.179066538810729980e-01,-4.253291189670562744e-01,-7.488597035408020020e-01,-7.484514713287353516e-01,-3.421948254108428955e-01,1.729521006345748901e-01,3.805086016654968262e-01,1.059929013252258301e+00,-1.554972827434539795e-01,1.784134060144424438e-01
1.786402583122253418e+00,-7.910525202751159668e-01,-2.524222612380981445e+00,3.077945113182067871e-01,1.119913935661315918e+00,6.574588418006896973e-01,1.299259185791015625e+00,2.165996551513671875e+00,-6.837360262870788574e-01,1.007532358169555664e+00,-1.360196620225906372e-01,1.112453490495681763e-01,3.980976641178131104e-01,-5.959850549697875977e-01,-1.770803481340408325e-01,4.911149144172668457e-01,7.097543478012084961e-01,5.203798413276672363e-01,-1.068947672843933105e+00,1.618572473526000977e+00,1.398155570030212402e+00,-6.586552262306213379e-01,0.000000000000000000e+00,3.454407155513763428e-01,7.595383524894714355e-01,-8.406158536672592163e-02,-7.776733636856079102e-01,2.616703271865844727e+00,1.195153832435607910e+00,2.141153573989868164e+00,1.428530573844909668e+00,-2.535557031631469727e+00,-2.243353366851806641e+00,-1.087991833686828613e+00,2.331693917512893677e-01,-1.516859412193298340e+00,-1.846086382865905762e+00,1.342881172895431519e-01,7.904139161109924316e-01,3.639546455815434456e-03,-1.634273290634155273e+00,2.269260138273239136e-01,-1.155379772186279297e+00,-1.315497636795043945e+00,-5.294681787490844727e-01,-2.899989187717437744e-01,-1.616275191307067871e+00,-6.103543043136596680e-01,-8.982177376747131348e-01,-1.226570129394531250e+00,-1.253530025482177734e+00,-9.738025069236755371e-01,7.383376955986022949e-01,6.864746809005737305e-01,-2.239904999732971191e-01,1.656557023525238037e-01,-6.902977228164672852e-01,-1.323156595230102539e+00,-3.224720656871795654e-01
-3.978944718837738037e-01,-1.388489246368408203e+00,1.280125379562377930e-01,2.925101220607757568e-01,1.057302951812744141e-01,4.008919596672058105e-01,-8.700256049633026123e-02,2.669215202331542969e-01,-7.963050007820129395e-01,-1.534103393554687500e+00,3.104341924190521240e-01,2.186959534883499146e-01,-8.005362004041671753e-02,2.253107875585556030e-01,3.766880333423614502e-01,2.058096170425415039e+00,3.005846738815307617e-01,-8.473176956176757812e-01,-1.691746711730957031e-01,5.208517909049987793e-01,-3.622009158134460449e-01,1.468920350074768066e+00,3.454407155513763428e-01,0.000000000000000000e+00,1.367311358451843262e+00,7.927920818328857422e-01,2.599259138107299805e+00,3.847780823707580566e-01,-5.776773765683174133e-02,6.890684962272644043e-01,-1.072790145874023438e+00,-6.350991725921630859e-01,-4.441139474511146545e-02,5.891439318656921387e-01,4.013833701610565186e-01,1.047950029373168945e+00,-9.895688891410827637e-01,-1.249534845352172852e+00,-4.929986298084259033e-01,8.525179624557495117e-01,-1.600088365375995636e-02,-6.197039410471916199e-02,-1.216913580894470215e+00,-9.821135401725769043e-01,-1.132425308227539062e+00,-8.845801651477813721e-02,-7.622542977333068848e-01,3.870226070284843445e-02,1.650406599044799805e+00,2.996777594089508057e-01,8.249092698097229004e-01,-2.013245344161987305e+00,-9.681898355484008789e-01,-1.508480191230773926e+00,-7.074900865554809570e-01,2.049681544303894043e-01,1.542286872863769531e+00,-1.375018239021301270e+00,4.930848777294158936e-01
-4.399006664752960205e-01,6.069678068161010742e-01,1.115168213844299316e+00,-1.950026750564575195e+00,-1.859170198440551758e+00,1.597579568624496460e-01,-3.884501159191131592e-01,4.886790513992309570e-01,4.258190393447875977e-01,1.621197350323200226e-02,-1.397070050239562988e+00,3.546776473522186279e-01,8.571118116378784180e-01,-8.523591160774230957e-01,1.370890736579895020e-01,2.957037985324859619e-01,3.908899426460266113e-01,-3.580043613910675049e-01,1.031398773193359375e+00,1.519530534744262695e+00,1.711160302162170410e+00,4.682024419307708740e-01,7.595383524894714355e-01,1.367311358451843262e+00,0.000000000000000000e+00,1.376678586006164551e+00,7.772395014762878418e-01,2.448043107986450195e+00,1.211432576179504395e+00,1.389170527458190918e+00,-9.762555360794067383e-01,-4.563735425472259521e-01,5.990888476371765137e-01,-4.773746728897094727e-01,-9.378527402877807617e-01,1.299675822257995605e+00,1.178340792655944824e+00,-2.633826494216918945e+00,1.652902007102966309e+00,1.008842587471008301e+00,1.194939315319061279e-01,1.675564199686050415e-01,-5.119007229804992676e-01,-1.637352347373962402e+00,-2.042388200759887695e+00,-2.965262830257415771e-01,-6.698587536811828613e-01,-2.798347361385822296e-02,-1.232942104339599609e+00,-2.734442949295043945e+00,-9.943834543228149414e-01,-2.256469011306762695e+00,-1.509022474288940430e+00,-1.099492192268371582e+00,1.033040761947631836e+00,-4.091177582740783691e-01,-3.803625106811523438e-01,-1.529162228107452393e-01,1.365721344947814941e+00
-2.733842134475708008e-01,-1.373019218444824219e+00,2.289151102304458618e-01,1.124514415860176086e-01,-3.141141533851623535e-01,2.169300802052021027e-02,7.325933575630187988e-01,-4.485398530960083008e-01,1.724664568901062012e-01,-1.830470681190490723e+00,-2.692681252956390381e-01,-2.173121720552444458e-01,4.419316947460174561e-01,-4.373864457011222839e-02,3.594112098217010498e-01,2.854697704315185547e-01,4.643885791301727295e-01,9.492652416229248047e-01,5.339590832591056824e-02,6.126486659049987793e-01,-9.276090189814567566e-03,-5.904029011726379395e-01,-8.406158536672592163e-02,7.927920818328857422e-01,1.376678586006164551e+00,0.000000000000000000e+00,6.557674407958984375e-01,-8.778309226036071777e-01,-5.138639807701110840e-01,5.074893832206726074e-01,-3.638550043106079102e-01,7.506313323974609375e-01,9.013670682907104492e-01,1.075965404510498047e+00,-4.830789566040039062e-02,1.539294004440307617e+00,6.174320727586746216e-02,-8.044079542160034180e-01,2.030967473983764648e+00,5.882236361503601074e-01,9.715496301651000977e-01,-5.497382283210754395e-01,3.759004771709442139e-01,-7.414293289184570312e-01,-7.401458024978637695e-01,4.974008202552795410e-01,-3.050419807434082031e+00,-1.860135346651077271e-01,1.428014874458312988e+00,7.090934514999389648e-01,1.241515725851058960e-01,4.148311316967010498e-01,-7.829673290252685547e-01,-2.083984203636646271e-02,-2.670937478542327881e-01,1.026769161224365234e+00,1.436922550201416016e+00,4.376922845840454102e-01,-5.091483592987060547e-01
