0.000000000000000000e+00,2.160204887390136719e+00,1.499503135681152344e+00,5.465689301490783691e-01,-4.613906145095825195e-01,-6.458045840263366699e-01,-1.161721587181091309e+00,5.848238617181777954e-02,-2.473430335521697998e-01,-1.879636764526367188e+00,4.203056693077087402e-01,-4.006405472755432129e-01,3.915562331676483154e-01,-1.157248139381408691e+00,-5.422757267951965332e-01,-2.591263055801391602e-01,-3.472217321395874023e-01,1.733854651451110840e+00,-1.088366866111755371e+00,-7.029654830694198608e-02,-2.740201711654663086e+00,1.984620094299316406e-01,1.944606065750122070e+00,-7.879301905632019043e-01,3.019557297229766846e-01,8.174044638872146606e-02,-4.267909228801727295e-01,2.192904353141784668e-01,6.049226522445678711e-01,2.677023708820343018e-01,2.023580670356750488e-01,6.773108243942260742e-01,-1.033440232276916504e+00,1.329177379608154297e+00,8.717907071113586426e-01,1.018166095018386841e-01,-2.261797785758972168e-01,-7.724689841270446777e-01,6.482752412557601929e-02,5.304445028305053711e-01,4.650964736938476562e-01,-1.883936971426010132e-01,8.311493396759033203e-01,2.555301785469055176e-01,-1.778855800628662109e+00,2.220208048820495605e-01,-5.907382369041442871e-01,-3.993826806545257568e-01,4.569924175739288330e-01,3.963845968246459961e-01,-2.343010902404785156e+00,7.749425768852233887e-01,6.042519211769104004e-01,-3.069482147693634033e-01,3.194672167301177979e-01,1.511138558387756348e+00,-4.467735886573791504e-01,-1.397676110267639160e+00,-1.648182153701782227e+00
2.160204887390136719e+00,0.000000000000000000e+00,1.193094134330749512e+00,-4.453554153442382812e-01,2.245160102844238281e+00,-1.563606739044189453e+00,9.771616458892822266e-01,-4.512261152267456055e-01,-1.352442026138305664e+00,1.887071967124938965e+00,-3.969607651233673096e-01,-9.201003909111022949e-01,5.917782187461853027e-01,7.926509380340576172e-01,-2.156402826309204102e+00,-4.618865847587585449e-01,-8.126943111419677734e-01,-3.557037711143493652e-01,3.506710827350616455e-01,-6.012674048542976379e-02,-1.178105250000953674e-01,-6.770851612091064453e-01,-2.593290209770202637e-01,-1.121603727340698242e+00,6.371726095676422119e-02,-1.510967493057250977e+00,-5.107876062393188477e-01,-1.169257879257202148e+00,-5.776787400245666504e-01,-2.575943470001220703e-01,4.223591983318328857e-01,-8.654799461364746094e-01,1.586639881134033203e+00,7.854413986206054688e-01,-1.033799886703491211e+00,7.449163794517517090e-01,4.142487645149230957e-01,7.243911027908325195e-01,8.186606764793395996e-01,2.715448737144470215e-01,4.069468006491661072e-02,-1.809560060501098633e+00,4.380257129669189453e-01,-2.702145874500274658e-01,3.288655877113342285e-01,3.177109658718109131e-01,-1.636533260345458984e+00,-2.973458051681518555e+00,6.768755316734313965e-01,2.928043007850646973e-01,3.904915153980255127e-01,3.706745207309722900e-01,5.587893128395080566e-01,-9.242774248123168945e-01,6.519267559051513672e-01,1.889100670814514160e+00,5.823545157909393311e-02,1.899406909942626953e+00,4.602909982204437256e-01
1.499503135681152344e+00,1.193094134330749512e+00,0.000000000000000000e+00,2.413576841354370117e+00,1.488784551620483398e+00,1.378750443458557129e+00,3.356177508831024170e-01,4.159852862358093262e-01,7.252661585807800293e-01,-1.233151316642761230e+00,8.891972303390502930e-01,-1.170243740081787109e+00,9.461761713027954102e-01,1.067293524742126465e+00,9.377623349428176880e-02,-7.176493406295776367e-01,2.149116992950439453e-02,1.469511508941650391e+00,6.209368258714675903e-02,-1.345086812973022461e+00,-9.820182323455810547e-01,7.463511228561401367e-01,-2.682706594467163086e+00,-1.107842803001403809e+00,1.175343990325927734e+00,-4.387484192848205566e-01,-2.363269567489624023e+00,-9.491926431655883789e-01,-9.702658653259277344e-01,-5.504702925682067871e-01,1.136535525321960449e+00,7.028882205486297607e-02,5.104812979698181152e-01,-7.273071408271789551e-01,2.928061485290527344e-01,-4.210073053836822510e-01,-1.034938454627990723e+00,-1.678742766380310059e-01,4.870431423187255859e-01,-1.403772592544555664e+00,1.664288759231567383e+00,-7.692524790763854980e-01,1.471322894096374512e+00,-1.186970323324203491e-01,-1.426111813634634018e-02,-1.610592842102050781e+00,-6.372996568679809570e-01,3.668876886367797852e-01,1.180238962173461914e+00,7.131917774677276611e-02,-1.017759203910827637e+00,-1.018318057060241699e+00,3.112403750419616699e-01,3.944743871688842773e-01,3.000162243843078613e-01,-2.713884353637695312e+00,-1.767859756946563721e-01,-2.581974267959594727e-01,3.802947998046875000e-01
5.465689301490783691e-01,-4.453554153442382812e-01,2.413576841354370117e+00,0.000000000000000000e+00,9.390633106231689453e-01,2.128173351287841797e+00,-6.456620693206787109e-01,3.778017461299896240e-01,3.220476210117340088e-01,-1.467573642730712891e+00,1.604838848114013672e+00,-3.233491480350494385e-01,4.448122680187225342e-01,-1.384660363197326660e+00,-2.189425379037857056e-01,2.247232437133789062e+00,1.067168354988098145e+00,1.460318326950073242e+00,-1.135252475738525391e+00,-1.296517491340637207e+00,-2.243154525756835938e+00,-1.407171845436096191e+00,2.912190854549407959e-01,-7.216218709945678711e-01,-2.635650873184204102e+00,6.627126932144165039e-01,-1.130946159362792969e+00,-8.592325448989868164e-01,3.308103978633880615e-02,-5.080428123474121094e-01,3.556635379791259766e-01,2.151018828153610229e-01,-1.935427933931350708e-01,-1.339133381843566895e+00,5.898370742797851562e-01,4.224140644073486328e-01,8.983889222145080566e-01,2.959803342819213867e-01,1.309081792831420898e+00,1.683722615242004395e+00,-1.953574180603027344e+00,1.215135574340820312e+00,-9.073964953422546387e-01,-1.933823823928833008e+00,-1.872907161712646484e+00,1.069369673728942871e+00,-2.205855548381805420e-01,1.088204503059387207e+00,4.176051318645477295e-01,5.863587260246276855e-01,-1.619671821594238281e+00,-1.444386601448059082e+00,-3.118000328540802002e-01,1.381434440612792969e+00,9.650600552558898926e-01,-1.984995752573013306e-01,-1.095672607421875000e+00,-1.109467446804046631e-02,-1.387520790100097656e+00
-4.613906145095825195e-01,2.245160102844238281e+00,1.488784551620483398e+00,9.390633106231689453e-01,0.000000000000000000e+00,5.133237838745117188e-01,3.433395624160766602e+00,2.828321695327758789e+00,3.570955991744995117e-01,7.319967746734619141e-01,6.342061758041381836e-01,-1.331753253936767578e+00,-7.106078863143920898e-01,-1.052666306495666504e+00,-8.789610862731933594e-01,-7.208301424980163574e-01,-8.314213156700134277e-01,-6.585678458213806152e-01,-6.670973300933837891e-01,-9.692858457565307617e-01,-2.274249315261840820e+00,3.312824368476867676e-01,7.662085890769958496e-01,1.242179945111274719e-01,-2.195407152175903320e+00,-1.310113549232482910e+00,5.820612311363220215e-01,-1.205132246017456055e+00,-1.125768423080444336e+00,1.141569256782531738e+00,-2.242565304040908813e-01,6.202351450920104980e-01,1.198072955012321472e-01,-9.396248459815979004e-01,4.447035789489746094e-01,-4.825882315635681152e-01,-7.409052848815917969e-01,8.562318086624145508e-01,-1.186277985572814941e+00,-6.279369592666625977e-01,-1.136897325515747070e+00,9.357895255088806152e-01,1.625693440437316895e-01,-2.843558192253112793e-01,2.514689862728118896e-01,5.377358198165893555e-01,-4.841665029525756836e-01,8.036699295043945312e-01,-5.898480415344238281e-01,-2.024425119161605835e-01,8.846445679664611816e-01,1.472367644309997559e+00,-1.682474017143249512e+00,-3.180452883243560791e-01,1.318392276763916016e+00,-2.312031507492065430e+00,-6.741507649421691895e-01,3.100331425666809082e-01,-8.434957265853881836e-01
-6.458045840263366699e-01,-1.563606739044189453e+00,1.378750443458557129e+00,2.128173351287841797e+00,5.133237838745117188e-01,0.000000000000000000e+00,1.553155541419982910e+00,1.164146661758422852e+00,1.483327507972717285e+00,1.895696163177490234e+00,-1.857656002044677734e+00,3.561915159225463867e-01,-1.619767785072326660e+00,-1.835402697324752808e-01,1.002593874931335449e+00,-9.457917809486389160e-01,-5.463800430297851562e-01,1.312963962554931641e+00,-6.858194470405578613e-01,-1.492842555046081543e+00,2.600786089897155762e-01,-9.730732440948486328e-01,1.142250895500183105e+00,3.496407344937324524e-02,4.042710065841674805e-01,-1.881504952907562256e-01,6.267356276512145996e-01,-1.528934016823768616e-02,4.245171323418617249e-02,-7.936471700668334961e-01,-4.750422537326812744e-01,1.044308468699455261e-01,-6.135724782943725586e-01,-8.514521718025207520e-01,1.565007805824279785e+00,-2.422767877578735352e-01,-1.626369237899780273e+00,2.191266119480133057e-01,1.786884516477584839e-01,-2.569886147975921631e-01,-2.078867197036743164e+00,8.538969755172729492e-01,-2.138771057128906250e+00,1.934708654880523682e-02,-2.007905960083007812e+00,-5.586177706718444824e-01,-6.831549108028411865e-02,1.181999683380126953e+00,9.465421736240386963e-02,1.371083259582519531e-01,-8.589222431182861328e-01,-7.571530342102050781e-01,1.958885192871093750e-01,1.301355242729187012e+00,-8.087854981422424316e-01,4.143254831433296204e-03,1.261417865753173828e-01,1.215395554900169373e-01,-5.449096485972404480e-02
-1.161721587181091309e+00,9.771616458892822266e-01,3.356177508831024170e-01,-6.456620693206787109e-01,3.433395624160766602e+00,1.553155541419982910e+00,0.000000000000000000e+00,2.498391866683959961e+00,-1.101915538311004639e-01,4.668894708156585693e-01,2.130928635597229004e-01,1.334861069917678833e-01,9.771584272384643555e-01,9.830549955368041992e-01,-5.109908580780029297e-01,-6.450467556715011597e-02,9.059577584266662598e-01,-3.105651140213012695e-01,-4.204468429088592529e-02,-1.741837263107299805e-01,-5.804392276331782341e-04,-1.720700040459632874e-02,1.643577218055725098e+00,-5.348064303398132324e-01,-1.247975587844848633e+00,3.001379668712615967e-01,-3.585771918296813965e-01,-6.583313345909118652e-01,4.182508289813995361e-01,6.565596163272857666e-02,3.942045569419860840e-01,-1.566893339157104492e+00,-1.760174632072448730e-01,6.423768401145935059e-01,-4.071708023548126221e-01,-3.625169396400451660e-01,-1.769320726394653320e+00,1.253960013389587402e+00,-5.904515981674194336e-01,-2.412055015563964844e+00,-4.211913943290710449e-01,-1.544578373432159424e-01,-3.071272075176239014e-01,-3.521060645580291748e-01,1.326835155487060547e-01,-3.035351037979125977e-01,3.158210217952728271e-01,-2.427554577589035034e-01,-1.953560262918472290e-01,-6.129960715770721436e-02,1.337399959564208984e+00,-2.398644536733627319e-01,-1.436051607131958008e+00,-2.045501023530960083e-01,4.613586366176605225e-01,-1.862781763076782227e+00,1.165284991264343262e+00,-5.383399724960327148e-01,2.782405726611614227e-02
5.848238617181777954e-02,-4.512261152267456055e-01,4.159852862358093262e-01,3.778017461299896240e-01,2.828321695327758789e+00,1.164146661758422852e+00,2.498391866683959961e+00,0.000000000000000000e+00,1.387493491172790527e+00,-1.352178215980529785e+00,-3.945915997028350830e-01,6.410928964614868164e-01,1.567188650369644165e-01,-1.088985919952392578e+00,8.733208179473876953e-01,-5.095881223678588867e-01,-1.679848134517669678e-01,1.437528491020202637e+00,-5.246099829673767090e-01,2.242376096546649933e-03,4.797073304653167725e-01,4.668162167072296143e-01,1.928060173988342285e+00,1.557337939739227295e-01,5.891039967536926270e-01,-3.870736062526702881e-01,1.448303759098052979e-01,-1.504132390022277832e+00,-5.195136666297912598e-01,1.110267400741577148e+00,-7.343204021453857422e-01,-1.120991826057434082e+00,-4.604161977767944336e-01,-1.001352295279502869e-01,-7.902945280075073242e-01,-1.727162957191467285e+00,-2.883366048336029053e-01,1.051052093505859375e+00,-2.206414937973022461e-02,-1.475258618593215942e-01,-7.626670598983764648e-01,8.442127704620361328e-01,-1.510403871536254883e+00,5.753501057624816895e-01,5.931804180145263672e-01,-1.373241305351257324e+00,5.667447447776794434e-01,5.299037694931030273e-01,8.302404284477233887e-01,-1.641645312309265137e+00,-4.877394530922174454e-04,-6.548305749893188477e-01,-1.614581823348999023e+00,-5.670228004455566406e-01,-1.752162456512451172e+00,-1.785520613193511963e-01,-1.984367072582244873e-01,-8.935980796813964844e-01,8.424264788627624512e-01
-2.473430335521697998e-01,-1.352442026138305664e+00,7.252661585807800293e-01,3.220476210117340088e-01,3.570955991744995117e-01,1.483327507972717285e+00,-1.101915538311004639e-01,1.387493491172790527e+00,0.000000000000000000e+00,1.470092773437500000e+00,2.463603764772415161e-02,1.438457608222961426e+00,-2.086142301559448242e+00,9.575058221817016602e-01,2.291033744812011719e+00,-8.131093382835388184e-01,-1.115572825074195862e-01,1.055611968040466309e+00,-4.849022626876831055e-01,1.448137879371643066e+00,8.060977458953857422e-01,1.083402514457702637e+00,-1.061806917190551758e+00,-6.631285548210144043e-01,2.620833814144134521e-01,-2.030650377273559570e-01,-9.017799049615859985e-02,-1.377654820680618286e-01,2.045876532793045044e-01,5.964776277542114258e-01,-2.791110873222351074e-01,-5.927909612655639648e-01,-8.047026991844177246e-01,-1.297608256340026855e+00,-1.537272453308105469e+00,-1.498565435409545898e+00,-1.591665863990783691e+00,-1.260969281196594238e+00,-1.153505682945251465e+00,-5.758658051490783691e-01,-1.300753355026245117e+00,-9.310461282730102539e-01,-8.778916001319885254e-01,2.124221175909042358e-01,-1.948134154081344604e-01,-9.576342254877090454e-02,3.190886974334716797e-01,9.826745986938476562e-01,-9.849728941917419434e-01,-8.451813459396362305e-01,7.696214132010936737e-03,-1.645572185516357422e+00,5.681315064430236816e-01,6.145375967025756836e-01,1.298540383577346802e-01,-1.787643730640411377e-01,1.253665447235107422e+00,-2.512745261192321777e-01,3.813073039054870605e-01
-1.879636764526367188e+00,1.887071967124938965e+00,-1.233151316642761230e+00,-1.467573642730712891e+00,7.319967746734619141e-01,1.895696163177490234e+00,4.668894708156585693e-01,-1.352178215980529785e+00,1.470092773437500000e+00,0.000000000000000000e+00,2.805500984191894531e+00,5.703285932540893555e-01,1.965253591537475586e+00,4.773101806640625000e-01,6.996130943298339844e-01,-1.675339460372924805e+00,-8.910925388336181641e-01,1.637611240148544312e-01,-1.077245831489562988e+00,3.089852035045623779e-01,5.387110114097595215e-01,-3.244468867778778076e-01,2.710424959659576416e-01,-1.257190704345703125e+00,-6.663131117820739746e-01,-2.252945899963378906e+00,-1.235851645469665527e+00,-1.472280621528625488e-01,-4.690801501274108887e-01,-1.446256160736083984e+00,-4.086249682586640120e-04,-2.317201904952526093e-02,1.058973193168640137e+00,-5.852607078850269318e-03,-4.064172208309173584e-01,4.057632684707641602e-01,-2.524511218070983887e-01,-1.133561849594116211e+00,2.196034193038940430e-01,5.076592564582824707e-01,-7.136858701705932617e-01,1.703774333000183105e-01,-4.235738813877105713e-01,8.780682086944580078e-01,-4.267000854015350342e-01,5.326367616653442383e-01,-2.531281948089599609e+00,5.760884881019592285e-01,-1.027765989303588867e+00,-5.771713256835937500e-01,2.665482759475708008e+00,1.991290152072906494e-01,-1.983023762702941895e+00,7.949082255363464355e-01,-9.016453623771667480e-01,-8.098763227462768555e-01,7.035301923751831055e-01,-8.315512537956237793e-01,-3.289529681205749512e-01
4.203056693077087402e-01,-3.969607651233673096e-01,8.891972303390502930e-01,1.604838848114013672e+00,6.342061758041381836e-01,-1.857656002044677734e+00,2.130928635597229004e-01,-3.945915997028350830e-01,2.463603764772415161e-02,2.805500984191894531e+00,0.000000000000000000e+00,4.641705155372619629e-01,1.335529446601867676e+00,1.674479842185974121e+00,-4.806769490242004395e-01,-3.363697528839111328e-01,-1.177015751600265503e-01,4.158755242824554443e-01,-5.616710186004638672e-01,-7.736040353775024414e-01,5.260393768548965454e-02,7.165374606847763062e-02,-9.890820980072021484e-01,8.453243970870971680e-01,-1.654994964599609375e+00,-1.359932720661163330e-01,4.080927371978759766e-01,-8.556494712829589844e-01,-1.283396244049072266e+00,-1.045065522193908691e+00,8.012213706970214844e-01,6.542251110076904297e-01,6.525093317031860352e-01,1.222623229026794434e+00,1.252139806747436523e-01,5.223010182380676270e-01,3.386065363883972168e-01,6.632225513458251953e-01,7.069736719131469727e-01,2.966856956481933594e-01,-3.104169964790344238e-01,-5.810172855854034424e-02,5.672100782394409180e-01,-1.953621864318847656e+00,-4.173701703548431396e-01,-9.549301862716674805e-01,2.345347553491592407e-01,-1.465044379234313965e+00,5.531111955642700195e-01,1.687455654144287109e+00,3.829593956470489502e-02,-1.299688499420881271e-02,7.091731429100036621e-01,1.141510605812072754e+00,7.507194280624389648e-01,5.048366785049438477e-01,-6.210012435913085938e-01,5.135099887847900391e-01,-1.048101425170898438e+00
-4.006405472755432129e-01,-9.201003909111022949e-01,-1.170243740081787109e+00,-3.233491480350494385e-01,-1.331753253936767578e+00,3.561915159225463867e-01,1.334861069917678833e-01,6.410928964614868164e-01,1.438457608222961426e+00,5.703285932540893555e-01,4.641705155372619629e-01,0.000000000000000000e+00,-4.401468932628631592e-01,1.180383324623107910e+00,2.786786794662475586e+00,2.236036397516727448e-02,1.554524183273315430e+00,1.839425042271614075e-02,-5.292279273271560669e-02,-5.746878385543823242e-01,3.929379284381866455e-01,-3.996879756450653076e-01,4.264627695083618164e-01,5.209001302719116211e-01,4.407409131526947021e-01,-8.460295200347900391e-02,-8.779872059822082520e-01,3.846591413021087646e-01,9.568323730491101742e-04,-1.416841801255941391e-02,-4.739826023578643799e-01,8.116216063499450684e-01,-1.596330404281616211e-01,-1.281328797340393066e+00,-3.675632178783416748e-01,-1.582586526870727539e+00,-1.917306184768676758e-01,-2.529290020465850830e-01,-7.015419602394104004e-01,-1.236213073134422302e-01,-3.279908001422882080e-01,-1.021502733230590820e+00,-6.155951023101806641e-01,-4.854435324668884277e-01,7.745084166526794434e-01,5.971425175666809082e-01,-1.311917901039123535e-01,-1.418338865041732788e-01,-5.759651660919189453e-01,-1.833751215599477291e-03,-2.672391384840011597e-02,3.407564759254455566e-01,-2.108035981655120850e-01,2.957336604595184326e-03,-3.650392889976501465e-01,-5.247032046318054199e-01,2.837919071316719055e-02,-3.097481131553649902e-01,-3.178945183753967285e-01
3.915562331676483154e-01,5.917782187461853027e-01,9.461761713027954102e-01,4.448122680187225342e-01,-7.106078863143920898e-01,-1.619767785072326660e+00,9.771584272384643555e-01,1.567188650369644165e-01,-2.086142301559448242e+00,1.965253591537475586e+00,1.335529446601867676e+00,-4.401468932628631592e-01,0.000000000000000000e+00,2.071799278259277344e+00,-8.654538542032241821e-02,-4.387215077877044678e-01,-9.551864266395568848e-01,-1.123720288276672363e+00,1.640510201454162598e+00,-4.301510453224182129e-01,-9.966266900300979614e-02,5.537155866622924805e-01,-1.922961473464965820e-01,-2.714700400829315186e-01,1.467110395431518555e+00,7.728856205940246582e-01,1.135263204574584961e+00,2.533821165561676025e-01,2.247903496026992798e-01,-1.560987383127212524e-01,-8.101240396499633789e-01,2.803676128387451172e-01,1.246085882186889648e+00,-6.575617790222167969e-01,4.421372711658477783e-01,3.533676266670227051e-01,1.365036249160766602e+00,-2.104120254516601562e+00,-8.269929885864257812e-01,-2.167755514383316040e-01,8.267063647508621216e-02,-9.288543462753295898e-01,3.176787495613098145e-01,-8.591193705797195435e-02,-1.328687429428100586e+00,-1.086678728461265564e-01,2.674919366836547852e-01,-1.288239479064941406e+00,8.494364470243453979e-02,3.666532635688781738e-01,4.088007807731628418e-01,4.642714746296405792e-03,5.635087490081787109e-01,-7.643644213676452637e-01,1.072635531425476074e+00,-2.282186448574066162e-01,3.525559902191162109e-01,2.766002118587493896e-01,-6.014267206192016602e-01
-1.157248139381408691e+00,7.926509380340576172e-01,1.067293524742126465e+00,-1.384660363197326660e+00,-1.052666306495666504e+00,-1.835402697324752808e-01,9.830549955368041992e-01,-1.088985919952392578e+00,9.575058221817016602e-01,4.773101806640625000e-01,1.674479842185974121e+00,1.180383324623107910e+00,2.071799278259277344e+00,0.000000000000000000e+00,1.617768883705139160e+00,3.458305835723876953e+00,6.124553084373474121e-01,1.270959734916687012e+00,-2.316748619079589844e+00,2.785282731056213379e-01,4.083458185195922852e-01,2.365850657224655151e-01,5.882161855697631836e-01,9.870368242263793945e-01,-2.023786783218383789e+00,-3.789208233356475830e-01,-5.875079035758972168e-01,-5.431028008460998535e-01,-1.828120350837707520e+00,-1.750134862959384918e-02,-3.419916629791259766e-01,3.385564386844635010e-01,-1.274917364120483398e+00,-5.534745454788208008e-01,9.490514546632766724e-02,-1.255520820617675781e+00,7.408157587051391602e-01,-1.578797578811645508e+00,5.373322367668151855e-01,8.601049333810806274e-02,-2.935318946838378906e+00,-2.325737476348876953e+00,6.581975817680358887e-01,-7.446856796741485596e-02,-2.899828255176544189e-01,5.568170547485351562e-01,-1.650899767875671387e+00,-1.857885159552097321e-02,-6.141076683998107910e-01,-3.300592303276062012e-01,-3.134750127792358398e-01,1.965624690055847168e-01,-1.411291480064392090e+00,-6.008777022361755371e-01,-4.877863228321075439e-01,1.594836831092834473e+00,8.033007383346557617e-01,7.231546044349670410e-01,3.180958926677703857e-01
-5.422757267951965332e-01,-2.156402826309204102e+00,9.377623349428176880e-02,-2.189425379037857056e-01,-8.789610862731933594e-01,1.002593874931335449e+00,-5.109908580780029297e-01,8.733208179473876953e-01,2.291033744812011719e+00,6.996130943298339844e-01,-4.806769490242004395e-01,2.786786794662475586e+00,-8.654538542032241821e-02,1.617768883705139160e+00,0.000000000000000000e+00,-1.922497898340225220e-01,1.261306166648864746e+00,1.088772177696228027e+00,-8.436640352010726929e-02,1.090573430061340332e+00,7.658047676086425781e-01,8.723652958869934082e-01,-1.560046970844268799e-01,2.485374808311462402e-01,3.331079185009002686e-01,4.137181490659713745e-02,-7.572835683822631836e-01,-2.686924934387207031e-01,-2.425817847251892090e-01,-2.672604471445083618e-02,3.596019744873046875e-01,6.725975275039672852e-01,-8.331322669982910156e-01,-8.894412517547607422e-01,-9.427321553230285645e-01,-1.991528511047363281e+00,-1.108401060104370117e+00,-9.777729511260986328e-01,-9.480141997337341309e-01,-3.603398203849792480e-01,-2.507500350475311279e-01,-1.325406432151794434e+00,-1.156749650835990906e-01,-4.859896004199981689e-01,1.274582296609878540e-01,-1.128141164779663086e+00,-2.141834199428558350e-01,1.068368911743164062e+00,-1.302160024642944336e+00,1.267605870962142944e-01,-3.799546137452125549e-02,-6.372737884521484375e-01,-2.166705876588821411e-01,-1.137676909565925598e-01,-6.567975282669067383e-01,-7.763104438781738281e-01,4.656265676021575928e-01,-3.379349708557128906e-01,-3.305344581604003906e-01
-2.591263055801391602e-01,-4.618865847587585449e-01,-7.176493406295776367e-01,2.247232437133789062e+00,-7.208301424980163574e-01,-9.457917809486389160e-01,-6.450467556715011597e-02,-5.095881223678588867e-01,-8.131093382835388184e-01,-1.675339460372924805e+00,-3.363697528839111328e-01,2.236036397516727448e-02,-4.387215077877044678e-01,3.458305835723876953e+00,-1.922497898340225220e-01,0.000000000000000000e+00,3.150831460952758789e-01,7.180571556091308594e-01,-3.676673769950866699e-01,-3.588574230670928955e-01,-3.240324258804321289e+00,-1.016500711441040039e+00,-1.256657689809799194e-01,1.303751587867736816e+00,-4.123151004314422607e-01,-2.261288929730653763e-03,6.878141164779663086e-01,4.454600811004638672e-01,6.527477502822875977e-01,1.658816218376159668e+00,-2.415913105010986328e+00,2.333749383687973022e-01,-5.071174502372741699e-01,3.864148557186126709e-01,9.928172230720520020e-01,1.721220850944519043e+00,6.172807812690734863e-01,-2.203457832336425781e+00,1.098225951194763184e+00,1.045458436012268066e+00,2.244347333908081055e-02,1.542386133223772049e-02,3.010508418083190918e-01,-6.865024566650390625e-01,-1.529346853494644165e-01,1.968794465065002441e-01,2.970831394195556641e-01,1.192703247070312500e+00,-5.811212062835693359e-01,4.132892489433288574e-01,2.155478000640869141e-01,-9.201666712760925293e-01,-2.114485055208206177e-01,-1.651798367500305176e+00,1.301909208297729492e+00,3.932924866676330566e-01,3.508847206830978394e-02,-6.793605685234069824e-01,-1.053803920745849609e+00
-3.472217321395874023e-01,-8.126943111419677734e-01,2.149116992950439453e-02,1.067168354988098145e+00,-8.314213156700134277e-01,-5.463800430297851562e-01,9.059577584266662598e-01,-1.679848134517669678e-01,-1.115572825074195862e-01,-8.910925388336181641e-01,-1.177015751600265503e-01,1.554524183273315430e+00,-9.551864266395568848e-01,6.124553084373474121e-01,1.261306166648864746e+00,3.150831460952758789e-01,0.000000000000000000e+00,-6.209418773651123047e-01,8.542126417160034180e-02,1.076341032981872559e+00,-4.156019687652587891e-01,-4.598757028579711914e-01,7.503771781921386719e-01,-5.525464415550231934e-01,2.658992409706115723e-01,1.066054344177246094e+00,3.534813821315765381e-01,1.620554924011230469e-01,4.186946153640747070e-01,1.008635878562927246e+00,1.829603612422943115e-01,-9.332392364740371704e-02,-6.530383825302124023e-01,-5.509884282946586609e-02,-1.005362033843994141e+00,-9.260025024414062500e-01,-9.832172095775604248e-02,-2.615927159786224365e-01,8.756108582019805908e-02,-5.286363363265991211e-01,-2.878728322684764862e-02,-4.690082371234893799e-01,-2.533008754253387451e-01,-4.154442809522151947e-03,4.279640503227710724e-03,-5.226590484380722046e-02,3.522549569606781006e-01,-4.010193347930908203e-01,-3.293128311634063721e-01,-3.691260516643524170e-01,1.028938442468643188e-01,1.083202481269836426e+00,8.772546648979187012e-01,-1.773608177900314331e-01,3.458411097526550293e-01,-6.835041046142578125e-01,-3.770697414875030518e-01,-9.385265707969665527e-01,-6.212561726570129395e-01
1.733854651451110840e+00,-3.557037711143493652e-01,1.469511508941650391e+00,1.460318326950073242e+00,-6.585678458213806152e-01,1.312963962554931641e+00,-3.105651140213012695e-01,1.437528491020202637e+00,1.055611968040466309e+00,1.637611240148544312e-01,4.158755242824554443e-01,1.839425042271614075e-02,-1.123720288276672363e+00,1.270959734916687012e+00,1.088772177696228027e+00,7.180571556091308594e-01,-6.209418773651123047e-01,0.000000000000000000e+00,2.713325619697570801e-01,1.119686007499694824e+00,1.044514656066894531e+00,8.069080710411071777e-01,8.203300833702087402e-01,-1.185279846191406250e+00,-8.721239864826202393e-02,9.367828965187072754e-01,4.591809958219528198e-02,4.261153936386108398e-01,2.138443142175674438e-01,2.851477824151515961e-02,-6.490333676338195801e-01,5.966758131980895996e-01,-6.946211457252502441e-01,-6.221634745597839355e-01,-4.980246126651763916e-01,1.308782696723937988e-01,7.207992672920227051e-01,2.547489106655120850e-01,-2.518036603927612305e+00,-8.729363977909088135e-02,-1.783497929573059082e+00,-1.419104576110839844e+00,-6.816213726997375488e-01,-5.656672120094299316e-01,-8.023819923400878906e-01,6.357839703559875488e-01,-3.810909986495971680e-01,1.644076466560363770e+00,-3.988454043865203857e-01,6.382860541343688965e-01,-3.950210213661193848e-01,-9.592071771621704102e-01,2.124450206756591797e-01,-1.455407500267028809e+00,-1.895880699157714844e+00,1.144412517547607422e+00,-2.474064379930496216e-01,-2.387125492095947266e+00,-1.314107477664947510e-01
-1.088366866111755371e+00,3.506710827350616455e-01,6.209368258714675903e-02,-1.135252475738525391e+00,-6.670973300933837891e-01,-6.858194470405578613e-01,-4.204468429088592529e-02,-5.246099829673767090e-01,-4.849022626876831055e-01,-1.077245831489562988e+00,-5.616710186004638672e-01,-5.292279273271560669e-02,1.640510201454162598e+00,-2.316748619079589844e+00,-8.436640352010726929e-02,-3.676673769950866699e-01,8.542126417160034180e-02,2.713325619697570801e-01,0.000000000000000000e+00,-4.304680333007127047e-04,5.383977890014648438e-01,-5.539156794548034668e-01,-1.325343012809753418e+00,-5.371777415275573730e-01,1.809638857841491699e+00,6.709150671958923340e-01,-8.127481341361999512e-01,1.164516925811767578e+00,1.060390114784240723e+00,1.478070259094238281e+00,1.062110587954521179e-01,3.460070490837097168e-01,-4.430514872074127197e-01,2.196654826402664185e-01,3.853682279586791992e-01,2.921993434429168701e-01,-4.338539540767669678e-01,8.780327439308166504e-01,1.174042463302612305e+00,2.004354238510131836e+00,2.236209630966186523e+00,-9.390422701835632324e-01,1.059842109680175781e+00,7.367151379585266113e-01,7.534679770469665527e-01,1.518023967742919922e+00,-3.639231622219085693e-01,-2.519152164459228516e+00,-1.752241253852844238e+00,-1.472850799560546875e+00,4.840378463268280029e-01,8.757418990135192871e-01,-9.702128767967224121e-01,6.314161419868469238e-02,1.685847043991088867e-01,1.508894085884094238e+00,2.762230336666107178e-01,5.197208747267723083e-02,-2.987490780651569366e-02
-7.029654830694198608e-02,-6.012674048542976379e-02,-1.345086812973022461e+00,-1.296517491340637207e+00,-9.692858457565307617e-01,-1.492842555046081543e+00,-1.741837263107299805e-01,2.242376096546649933e-03,1.448137879371643066e+00,3.089852035045623779e-01,-7.736040353775024414e-01,-5.746878385543823242e-01,-4.301510453224182129e-01,2.785282731056213379e-01,1.090573430061340332e+00,-3.588574230670928955e-01,1.076341032981872559e+00,1.119686007499694824e+00,-4.304680333007127047e-04,0.000000000000000000e+00,1.768348574638366699e+00,2.517493009567260742e+00,1.233458399772644043e+00,6.905306577682495117e-01,1.327350020408630371e+00,8.291405439376831055e-01,2.840657532215118408e-01,3.878085315227508545e-01,-3.106460869312286377e-01,4.894429445266723633e-01,-1.523177474737167358e-01,1.106377411633729935e-02,-9.634543061256408691e-01,-1.363152503967285156e+00,-1.251153111457824707e+00,-4.932859838008880615e-01,-4.143760800361633301e-01,-5.405160188674926758e-01,-8.895483016967773438e-01,3.325578570365905762e-02,9.338071346282958984e-01,-7.393336296081542969e-01,-7.643564343452453613e-01,-8.965389132499694824e-01,1.707034744322299957e-02,-3.205084800720214844e-01,2.504279650747776031e-02,-5.608018115162849426e-02,1.974465698003768921e-01,-1.043541193008422852e+00,-3.477230668067932129e-01,-6.445059776306152344e-01,-4.525151252746582031e-01,-4.145721495151519775e-01,-1.529783755540847778e-01,1.791705936193466187e-01,1.275041222572326660e+00,-1.378191590309143066e+00,3.943484127521514893e-01
-2.740201711654663086e+00,-1.178105250000953674e-01,-9.820182323455810547e-01,-2.243154525756835938e+00,-2.274249315261840820e+00,2.600786089897155762e-01,-5.804392276331782341e-04,4.797073304653167725e-01,8.060977458953857422e-01,5.387110114097595215e-01,5.260393768548965454e-02,3.929379284381866455e-01,-9.966266900300979614e-02,4.083458185195922852e-01,7.658047676086425781e-01,-3.240324258804321289e+00,-4.156019687652587891e-01,1.044514656066894531e+00,5.383977890014648438e-01,1.768348574638366699e+00,0.000000000000000000e+00,9.178838133811950684e-01,7.265319824218750000e-01,6.805723309516906738e-01,1.659865736961364746e+00,-8.713399767875671387e-01,-1.182403922080993652e+00,1.016059279441833496e+00,1.768457770347595215e+00,1.277335286140441895e+00,2.727859318256378174e-01,-1.217147827148437500e+00,6.964498758316040039e-02,1.017544627189636230e+00,3.231320381164550781e-01,1.561030000448226929e-01,4.763666689395904541e-01,7.826726436614990234e-01,-1.137896656990051270e+00,-1.050562381744384766e+00,-1.236552715301513672e+00,-5.844383835792541504e-01,2.587078213691711426e-01,3.884164094924926758e-01,-6.333420518785715103e-03,-3.279692232608795166e-01,-1.339021921157836914e-01,-1.548629522323608398e+00,3.259889781475067139e-02,-2.407605499029159546e-01,-2.308593750000000000e+00,4.812065064907073975e-01,2.371601760387420654e-01,1.639418005943298340e+00,1.564015269279479980e+00,-1.080434799194335938e+00,8.798654675483703613e-01,-8.925248384475708008e-01,3.242681622505187988e-01
1.984620094299316406e-01,-6.770851612091064453e-01,7.463511228561401367e-01,-1.407171845436096191e+00,3.312824368476867676e-01,-9.730732440948486328e-01,-1.720700040459632874e-02,4.668162167072296143e-01,1.083402514457702637e+00,-3.244468867778778076e-01,7.165374606847763062e-02,-3.996879756450653076e-01,5.537155866622924805e-01,2.365850657224655151e-01,8.723652958869934082e-01,-1.016500711441040039e+00,-4.598757028579711914e-01,8.069080710411071777e-01,-5.539156794548034668e-01,2.517493009567260742e+00,9.178838133811950684e-01,0.000000000000000000e+00,-2.801371812820434570e-01,1.481962680816650391e+00,9.974551387131214142e-03,-7.961620688438415527e-01,1.547082364559173584e-01,5.086965560913085938e-01,-3.310848027467727661e-02,-2.157846242189407349e-01,-4.611103832721710205e-01,-2.458624988794326782e-01,7.654222249984741211e-01,5.640644431114196777e-01,-1.440253853797912598e-01,-1.406294941902160645e+00,-1.201116204261779785e+00,-3.276045620441436768e-01,-4.458889663219451904e-01,3.824399318546056747e-03,4.213607907295227051e-01,-6.352280378341674805e-01,4.404338002204895020e-01,-9.755987673997879028e-02,3.473573327064514160e-01,1.039693713188171387e+00,-3.160716891288757324e-01,4.659832417964935303e-01,-9.828834533691406250e-01,-8.297950625419616699e-01,-2.382358163595199585e-02,-1.240397691726684570e+00,-4.932934641838073730e-01,-8.910046219825744629e-01,-5.443071126937866211e-01,4.203935861587524414e-01,5.059949159622192383e-01,8.242716640233993530e-02,2.549641430377960205e-01
1.944606065750122070e+00,-2.593290209770202637e-01,-2.682706594467163086e+00,2.912190854549407959e-01,7.662085890769958496e-01,1.142250895500183105e+00,1.643577218055725098e+00,1.928060173988342285e+00,-1.061806917190551758e+00,2.710424959659576416e-01,-9.890820980072021484e-01,4.264627695083618164e-01,-1.922961473464965820e-01,5.882161855697631836e-01,-1.560046970844268799e-01,-1.256657689809799194e-01,7.503771781921386719e-01,8.203300833702087402e-01,-1.325343012809753418e+00,1.233458399772644043e+00,7.265319824218750000e-01,-2.801371812820434570e-01,0.000000000000000000e+00,1.910518854856491089e-01,7.951221466064453125e-01,7.040096819400787354e-02,7.206423580646514893e-02,2.763965129852294922e+00,1.071441292762756348e+00,1.766684770584106445e+00,1.931360363960266113e-01,-1.271538972854614258e+00,-2.285957098007202148e+00,-2.687173366546630859e+00,6.570345759391784668e-01,-1.178045034408569336e+00,-9.826061129570007324e-01,9.216288328170776367e-01,6.261999011039733887e-01,-4.837525486946105957e-01,-2.178250849246978760e-01,3.324097394943237305e-01,-2.188694477081298828e+00,-1.147048473358154297e+00,-7.267496585845947266e-01,-4.139568209648132324e-01,5.227368474006652832e-01,-1.573761701583862305e+00,-4.984324276447296143e-01,-1.670603752136230469e+00,5.462894961237907410e-02,-9.026411175727844238e-01,5.116490721702575684e-01,3.261597156524658203e-01,-5.469725131988525391e-01,5.101085901260375977e-01,4.770043771713972092e-03,-5.299420952796936035e-01,-1.182643771171569824e+00
-7.879301905632019043e-01,-1.121603727340698242e+00,-1.107842803001403809e+00,-7.216218709945678711e-01,1.242179945111274719e-01,3.496407344937324524e-02,-5.348064303398132324e-01,1.557337939739227295e-01,-6.631285548210144043e-01,-1.257190704345703125e+00,8.453243970870971680e-01,5.209001302719116211e-01,-2.714700400829315186e-01,9.870368242263793945e-01,2.485374808311462402e-01,1.303751587867736816e+00,-5.525464415550231934e-01,-1.185279846191406250e+00,-5.371777415275573730e-01,6.905306577682495117e-01,6.805723309516906738e-01,1.481962680816650391e+00,1.910518854856491089e-01,0.000000000000000000e+00,6.439540386199951172e-01,1.014599323272705078e+00,2.794440031051635742e+00,5.527824759483337402e-01,-8.342049270868301392e-02,1.239894151687622070e+00,-1.549165964126586914e+00,-1.007033824920654297e+00,6.208693981170654297e-01,5.550048947334289551e-01,-6.059663370251655579e-02,8.030146360397338867e-01,-6.988136768341064453e-01,-2.179337024688720703e+00,-5.349732041358947754e-01,1.070436477661132812e+00,5.900025367736816406e-01,-8.474003076553344727e-01,-5.130321383476257324e-01,-4.389902949333190918e-01,-1.462618589401245117e+00,-3.891659900546073914e-02,-5.785181522369384766e-01,-1.090511903166770935e-01,1.672118186950683594e+00,6.210367083549499512e-01,8.273230791091918945e-01,-1.078841447830200195e+00,-4.774172604084014893e-02,-1.516968488693237305e+00,3.102246671915054321e-02,3.160165548324584961e-01,9.321537613868713379e-01,-1.380069494247436523e+00,7.706067562103271484e-01
3.019557297229766846e-01,6.371726095676422119e-02,1.175343990325927734e+00,-2.635650873184204102e+00,-2.195407152175903320e+00,4.042710065841674805e-01,-1.247975587844848633e+00,5.891039967536926270e-01,2.620833814144134521e-01,-6.663131117820739746e-01,-1.654994964599609375e+00,4.407409131526947021e-01,1.467110395431518555e+00,-2.023786783218383789e+00,3.331079185009002686e-01,-4.123151004314422607e-01,2.658992409706115723e-01,-8.721239864826202393e-02,1.809638857841491699e+00,1.327350020408630371e+00,1.659865736961364746e+00,9.974551387131214142e-03,7.951221466064453125e-01,6.439540386199951172e-01,0.000000000000000000e+00,1.322139143943786621e+00,1.991937458515167236e-01,2.521785736083984375e+00,1.036724448204040527e+00,1.883165717124938965e+00,-9.694086909294128418e-01,-4.259475693106651306e-02,1.080448865890502930e+00,-1.138076186180114746e+00,-1.494363397359848022e-01,9.916949868202209473e-01,6.019706726074218750e-01,-2.103375911712646484e+00,4.338118731975555420e-01,1.181292653083801270e+00,-6.559970378875732422e-01,1.266055226325988770e+00,-3.211190104484558105e-01,-1.395017504692077637e+00,-1.455881237983703613e+00,5.871706604957580566e-01,-1.803547382354736328e+00,-2.476086169481277466e-01,-6.628006100654602051e-01,-2.076654911041259766e+00,-7.989068627357482910e-01,-2.010976791381835938e+00,-1.063317418098449707e+00,2.038820236921310425e-01,1.418932080268859863e+00,8.646653592586517334e-02,-1.700852215290069580e-01,-4.263681769371032715e-01,1.027292013168334961e+00
8.174044638872146606e-02,-1.510967493057250977e+00,-4.387484192848205566e-01,6.627126932144165039e-01,-1.310113549232482910e+00,-1.881504952907562256e-01,3.001379668712615967e-01,-3.870736062526702881e-01,-2.030650377273559570e-01,-2.252945899963378906e+00,-1.359932720661163330e-01,-8.460295200347900391e-02,7.728856205940246582e-01,-3.789208233356475830e-01,4.137181490659713745e-02,-2.261288929730653763e-03,1.066054344177246094e+00,9.367828965187072754e-01,6.709150671958923340e-01,8.291405439376831055e-01,-8.713399767875671387e-01,-7.961620688438415527e-01,7.040096819400787354e-02,1.014599323272705078e+00,1.322139143943786621e+00,0.000000000000000000e+00,5.955938100814819336e-01,-1.144747257232666016e+00,-3.388848900794982910e-01,-4.672173559665679932e-01,-6.689633131027221680e-01,9.463746547698974609e-01,5.891708731651306152e-01,1.119693636894226074e+00,-2.387059777975082397e-01,1.357544064521789551e+00,3.032849729061126709e-01,-5.640042424201965332e-01,2.051149606704711914e+00,1.001176953315734863e+00,7.267203330993652344e-01,2.278118878602981567e-01,6.237433552742004395e-01,-6.546278595924377441e-01,-3.756225109100341797e-01,-2.381359189748764038e-01,-2.355679035186767578e+00,4.509941041469573975e-01,1.586375117301940918e+00,9.430744647979736328e-01,2.906423807144165039e-01,-6.613198518753051758e-01,-3.295576274394989014e-01,1.267712414264678955e-01,-5.208721756935119629e-01,1.096439123153686523e+00,1.248062372207641602e+00,2.053177952766418457e-01,-3.947093337774276733e-02
